alts_fit_filters: (non_residential_sqft>0) & (large_area_id == 115)
alts_predict_filters: (large_area_id == 115) & ((building_type_id == 33)|(building_type_id
    == 41)|(building_type_id == 31)|(building_type_id == 22))
choice_column: building_id
choice_mode: aggregate
choosers_fit_filters: (building_id>0) & (home_based_status == 0)
choosers_predict_filters: (slid == 600115) & (home_based_status == 0)
estimation_sample_size: 1000
fit_parameters:
    Coefficient:
        b_is_pre_1945: -1.2317257237012698
        b_ln_non_residential_sqft: 0.9137251648088224
        b_ln_sqft_price_nonres: -0.20113274685360655
        bldg_empratio_1: 1.2720193216942588
        building_type_id_is_14: -2.0100132634373167
        building_type_id_is_42: 3.0
        nodes_drv_drv_10min_pop: 0.27214998295833015
        nodes_drv_drv_60min_jobs: 0.705723339697563
        nodes_walk_ave_lot_sqft: 0.5248927145047945
        nodes_walk_residential: -0.003925610066152939
        vacant_job_spaces: -0.0029396929239390358
    Std. Error:
        b_is_pre_1945: 0.13674300314320584
        b_ln_non_residential_sqft: 0.062424350045600575
        b_ln_sqft_price_nonres: 0.03686529264046387
        bldg_empratio_1: 0.5037021752302631
        building_type_id_is_14: 0.7378631279186634
        building_type_id_is_42: 0.23057784567250914
        nodes_drv_drv_10min_pop: 0.09445446671659793
        nodes_drv_drv_60min_jobs: 0.06767869646465047
        nodes_walk_ave_lot_sqft: 0.07563666255976281
        nodes_walk_residential: 0.0022360146850538692
        vacant_job_spaces: 0.0005102112403375986
    T-Score:
        b_is_pre_1945: -9.007595967534291
        b_ln_non_residential_sqft: 14.63731963795141
        b_ln_sqft_price_nonres: -5.455883636004028
        bldg_empratio_1: 2.525340139960218
        building_type_id_is_14: -2.724100429177274
        building_type_id_is_42: 13.010790309234283
        nodes_drv_drv_10min_pop: 2.8812822984315978
        nodes_drv_drv_60min_jobs: 10.427555147522266
        nodes_walk_ave_lot_sqft: 6.939659904878284
        nodes_walk_residential: -1.7556280342847412
        vacant_job_spaces: -5.761717287909785
fitted: true
interaction_predict_filters: null
log_likelihoods:
    convergence: -1043.4210025498107
    'null': -2940.3398718661538
    ratio: 0.6451359203289722
model_expression:
- vacant_job_spaces
- b_ln_sqft_price_nonres
- b_ln_non_residential_sqft
- nodes_drv_drv_60min_jobs
- nodes_drv_drv_10min_pop
- building_type_id_is_14
- nodes_walk_ave_lot_sqft
- nodes_walk_residential
- bldg_empratio_1
- b_is_pre_1945
- building_type_id_is_42
model_type: discretechoice
name: MNLDiscreteChoiceModel
prediction_sample_size: null
probability_mode: single_chooser
sample_size: 80
