alts_fit_filters: (non_residential_sqft>0) & (large_area_id == 115)
alts_predict_filters: (large_area_id == 115) & ((building_type_id == 12)|(building_type_id
    == 23)|(building_type_id == 21)|(building_type_id == 31))
choice_column: building_id
choice_mode: aggregate
choosers_fit_filters: (building_id>0) & (home_based_status == 0)
choosers_predict_filters: (slid == 800115) & (home_based_status == 0)
estimation_sample_size: null
fit_parameters:
    Coefficient:
        b_ln_land_area: 0.807780954554942
        b_ln_non_residential_sqft: 0.3259818270517186
        b_ln_sqft_price_nonres: -0.26353157160403123
        bldg_empratio_12: 2.735027675566582
        building_type_id_is_11: -2.2514728313589476
        building_type_id_is_12: 3.0
        nodes_drv_drv_10min_pop: 0.6382057592839583
        nodes_walk_retail: 0.006910287525146558
        parcels_pct_undev: 0.012985798827709075
        zones_logsum_job_high_income: -3.4254148485640138e-06
        zones_transit_jobs_50min: 2.30384886124001e-05
    Std. Error:
        b_ln_land_area: 0.12374424197472456
        b_ln_non_residential_sqft: 0.1094308158604753
        b_ln_sqft_price_nonres: 0.03903784014650978
        bldg_empratio_12: 0.6120585164687702
        building_type_id_is_11: 0.46034844447809714
        building_type_id_is_12: 0.26739068175131
        nodes_drv_drv_10min_pop: 0.07404855572524148
        nodes_walk_retail: 0.0009121462135916181
        parcels_pct_undev: 0.0024595521400325665
        zones_logsum_job_high_income: 1.0418100541871203e-06
        zones_transit_jobs_50min: 7.007366643479709e-06
    T-Score:
        b_ln_land_area: 6.52782660157986
        b_ln_non_residential_sqft: 2.978885101865151
        b_ln_sqft_price_nonres: -6.7506698786355
        bldg_empratio_12: 4.468572206700329
        building_type_id_is_11: -4.8908014317534425
        building_type_id_is_12: 11.219538318804195
        nodes_drv_drv_10min_pop: 8.61874688889318
        nodes_walk_retail: 7.575855079129234
        parcels_pct_undev: 5.279741224569905
        zones_logsum_job_high_income: -3.287945662260591
        zones_transit_jobs_50min: 3.287752701485544
fitted: true
interaction_predict_filters: null
log_likelihoods:
    convergence: -564.3500658374768
    'null': -1840.4511865630247
    ratio: 0.6933631981343771
model_expression:
- zones_logsum_job_high_income
- b_ln_sqft_price_nonres
- b_ln_non_residential_sqft
- bldg_empratio_12
- parcels_pct_undev
- b_ln_land_area
- nodes_drv_drv_10min_pop
- building_type_id_is_12
- building_type_id_is_11
- nodes_walk_retail
- zones_transit_jobs_50min
model_type: discretechoice
name: MNLDiscreteChoiceModel
prediction_sample_size: null
probability_mode: single_chooser
sample_size: 80
