fit_filters:
- non_residential_sqft > 0
- sqft_price_nonres > 1
- sqft_price_nonres < 650
- hedonic_id == 16121
model_expression:
  left_side: np.log1p(sqft_price_nonres)
model_type: Regression
name: RegressionModel
predict_filters: hedonic_id == 16121
ytransform: np.exp
coef:
  Intercept: 2.952815342388483
  b_total_jobs: 0.00017590436252642547
  building_age: -0.0012315571524266944
  building_sqft: 1.817205920938619e-06
  crime_other_rate: 0.00014768953762586887
  crime_ucr_rate: -6.292124069594774e-05
  jobs_within_30_min: 1.1756415797541754e-07
  land_area: -4.205837759250651e-06
  nodes_walk_ave_nonres_sqft_price: 0.0007245485638652211
  nodes_walk_ave_unit_sqft: -7.344718468181298e-06
  nodes_walk_housing_cost: -1.232219454005697e-06
  nodes_walk_industrial: -0.00031304011977085957
  nodes_walk_jobs: 3.1607263612994222e-06
  nodes_walk_lowinc_hhs: -0.00039921785337726154
  nodes_walk_max_office_far: -0.0013850551935701734
  nodes_walk_midinc_hhs: 0.0004139174534331248
  nodes_walk_node_r1500_sqft: 9.302583061260846e-09
  nodes_walk_office: 6.269105139183867e-05
  nodes_walk_retail: 0.007946601895728043
  nodes_walk_retail_jobs: -3.622863185343556e-05
  parcel_sqft: -3.628571153914018e-08
  parcels_ave_unit_size: -3.8381659946355306e-05
  parcels_total_job_spaces: 0.0020357219541772536
  parcels_total_sqft: -5.157574957287835e-06
  parcels_zones_employment: 2.5550729932956866e-06
  parcels_zones_households: -0.0002078864138311056
  parcels_zones_jobs_within_30_min: -6.271695629885701e-07
  parcels_zones_logsum_job_high_income: 1.1586038043252914e-07
  parcels_zones_logsum_job_low_income: 4.316744080680684e-08
  parcels_zones_logsum_pop_high_income: -1.4485311802557485e-07
  parcels_zones_logsum_pop_low_income: -1.7636648065300653e-08
  parcels_zones_population: 4.160629685768272e-05
  parcels_zones_retail_jobs: 0.0002820895404276443
  parcels_zones_transit_jobs_30min: 3.627915928669855e-07
  parcels_zones_transit_jobs_50min: 8.732240445761381e-07
  residential_sqft: 4.929907860537668e-05
  sqft_per_unit: 0.00022877904235750455
  vacant_job_spaces: -0.0014183008709799847
  year_built: 0.0004401337658027979
  zones_acres: -3.812407726199868e-05
  zones_households: -6.602973338110606e-05
  zones_logsum_job_high_income: 1.4418518607083832e-07
  zones_logsum_job_low_income: 3.623192706831261e-08
  zones_logsum_pop_high_income: -2.2658027209872554e-07
  zones_logsum_pop_low_income: -9.64348574136186e-08
  zones_population: 6.693111520791667e-05
  zones_retail_jobs: 2.2225325564125296e-07
  zones_transit_jobs_30min: 5.224082968543657e-07
  zones_transit_jobs_50min: 2.9994613422138497e-07
sample_size: 1626
score: 0.5542270201813768
