fit_filters:
- non_residential_sqft > 0
- sqft_price_nonres > 1
- sqft_price_nonres < 650
- hedonic_id == 351
model_expression:
  left_side: np.log1p(sqft_price_nonres)
model_type: Regression
name: RegressionModel
predict_filters: hedonic_id == 351
ytransform: np.exp
coef:
  Intercept: -2.0173682511761344
  building_age: -1.451665522362867e-05
  building_sqft: 1.4161687594180126e-05
  crime_other_rate: 1.4879375505017608e-05
  crime_ucr_rate: -0.0002673713124348573
  jobs_within_30_min: -6.054254931243551e-07
  land_area: 4.897991038935698e-07
  nodes_walk_ave_unit_sqft: -7.50368614398301e-07
  nodes_walk_hhs_with_children: 5.982442677853236e-05
  nodes_walk_households: -4.8853315076589e-05
  nodes_walk_housing_cost: 6.627476644485174e-07
  nodes_walk_jobs: 7.794493050149913e-05
  nodes_walk_lowinc_hhs: -0.00012427348738577296
  nodes_walk_medical: 0.006877874233662501
  nodes_walk_node_r1500_sqft: 5.108496946106522e-09
  nodes_walk_office: -0.00014057912229785457
  nodes_walk_race_2_hhs: -1.1590163308631301e-05
  nodes_walk_retail: 3.930682727099051e-05
  parcel_sqft: -1.785268726002696e-07
  parcels_ave_unit_size: -1.5929194168895016e-05
  parcels_total_job_spaces: -0.001460430769679017
  parcels_total_sqft: -9.001966610479447e-06
  parcels_total_units: -0.005902416514637916
  parcels_zones_employment: 1.1706191672051966e-05
  parcels_zones_households: -3.3677363480559077e-06
  parcels_zones_jobs_within_30_min: 3.084630660497187e-07
  parcels_zones_logsum_job_high_income: -3.832112247029087e-07
  parcels_zones_logsum_job_low_income: -4.017255311472218e-08
  parcels_zones_logsum_pop_high_income: 6.876146704611373e-07
  parcels_zones_logsum_pop_low_income: 6.804451040268087e-08
  parcels_zones_population: 1.1787498608011659e-05
  parcels_zones_transit_jobs_30min: -1.328078329174768e-06
  parcels_zones_transit_jobs_50min: 6.663241043899044e-08
  residential_sqft: 0.00023667782881984085
  vacant_job_spaces: -0.0021826913049445345
  year_built: 0.0026762967365644708
  zones_households: -2.721424710713151e-05
  zones_logsum_job_high_income: -3.1774358969406e-07
  zones_logsum_job_low_income: -4.7715446401909316e-08
  zones_logsum_pop_high_income: 3.3349241921230425e-07
  zones_logsum_pop_low_income: 2.3171012201548495e-08
  zones_population: 8.95655398422773e-07
  zones_transit_jobs_30min: -1.332348737035007e-06
  zones_transit_jobs_50min: 1.383737549622016e-07
sample_size: 799
score: 0.5315989049679799
