fit_filters:
- non_residential_sqft > 0
- sqft_price_nonres > 1
- sqft_price_nonres < 650
- hedonic_id == 351
model_expression:
  left_side: np.log1p(sqft_price_nonres)
model_type: Regression
name: RegressionModel
predict_filters: hedonic_id == 351
ytransform: np.exp
coef:
  building_age: -0.0024876524962183524
  building_sqft: -1.7584739917016107e-06
  crime_other_rate: 3.954166611034588e-05
  crime_ucr_rate: -0.00025125888981527206
  job_spaces: -5.929948179142915e-05
  jobs_within_30_min: -3.9239477399070497e-07
  land_area: -8.829256806917813e-07
  nodes_walk_ave_unit_sqft: -3.155967185759345e-05
  nodes_walk_households: -8.006488010849404e-05
  nodes_walk_housing_cost: 2.5788827942309855e-06
  nodes_walk_industrial: -4.330669937153413e-05
  nodes_walk_jobs: 2.9863452320169027e-05
  nodes_walk_medical: 0.005147007714752289
  nodes_walk_node_r1500_sqft: 8.667061655856204e-09
  nodes_walk_office: 0.0003790114452934226
  nodes_walk_race_2_hhs: -0.00022124613093466218
  nodes_walk_retail: 0.0005363026828359401
  nodes_walk_retail_jobs: -8.982451770945529e-05
  parcel_sqft: -1.849670441624647e-06
  parcels_ave_unit_size: -5.6704917864116944e-05
  parcels_landvalue: 1.9677371513031333e-07
  parcels_total_sqft: 1.7849295378679629e-06
  parcels_zones_employment: 1.582260758275841e-05
  parcels_zones_households: -0.00010281441196359974
  parcels_zones_jobs_within_30_min: 9.943265413955343e-08
  parcels_zones_logsum_job_high_income: -1.4254177015887436e-07
  parcels_zones_logsum_job_low_income: -4.1856265122370535e-08
  parcels_zones_logsum_pop_high_income: 3.685648165937396e-07
  parcels_zones_logsum_pop_low_income: 4.941951568873844e-08
  parcels_zones_population: 3.531750445198215e-05
  parcels_zones_transit_jobs_30min: 1.8410685283391658e-06
  parcels_zones_transit_jobs_50min: 4.4616517605636786e-08
  residential_sqft: 0.0002812725645883577
  vacant_job_spaces: -0.0003298393462218285
  year_built: 0.0009961130477728242
  zones_acres: -3.464859751392953e-05
  zones_employment: 1.4908732017547475e-06
  zones_households: -7.822579197002278e-05
  zones_logsum_job_high_income: -9.065791130071271e-08
  zones_logsum_job_low_income: -4.5888077991864816e-08
  zones_logsum_pop_high_income: 8.635886957956322e-08
  zones_logsum_pop_low_income: 4.22806155818574e-09
  zones_population: 2.4360182809434698e-05
  zones_retail_jobs: -4.2691456959769023e-05
  zones_transit_jobs_30min: 7.654411603513723e-08
  zones_transit_jobs_50min: 1.879534622414692e-08
  zones_z_total_jobs: 4.546735723595169e-06
sample_size: 718
score: 0.49545478066717896
