fit_filters:
- non_residential_sqft > 0
- sqft_price_nonres > 1
- sqft_price_nonres < 650
- hedonic_id == 11521
model_expression:
  left_side: np.log1p(sqft_price_nonres)
model_type: Regression
name: RegressionModel
predict_filters: hedonic_id == 11521
ytransform: np.exp
coef:
  b_total_jobs: 0.0019721231640995834
  building_age: -1.2343705758586811e-05
  building_sqft: -3.3608493744171403e-06
  crime_other_rate: 0.00014595951239431884
  crime_ucr_rate: -0.00047062263028349024
  jobs_non_home_based: 2.953773177207367e-16
  jobs_within_30_min: -1.1122288408032246e-09
  land_area: 5.092825815752361e-06
  nodes_walk_ave_nonres_sqft_price: 0.00040024146575165666
  nodes_walk_ave_unit_sqft: 3.1928856399077663e-07
  nodes_walk_housing_cost: -7.021417905184467e-07
  nodes_walk_industrial: 0.0011756275099276943
  nodes_walk_jobs: -5.0753110645270615e-05
  nodes_walk_medical: 0.0006194026121468932
  nodes_walk_node_r1500_sqft: -4.0091232723437085e-09
  nodes_walk_population: 0.00027062196760015427
  nodes_walk_retail: 0.013046400073736688
  nodes_walk_retail_jobs: 0.0008588600787430676
  parcel_sqft: 2.890988592406791e-07
  parcels_ave_unit_size: 4.2347959691165584e-08
  parcels_parcel_size: -2.2857315140795583e-07
  parcels_pct_undev: 0.00021612354541395467
  parcels_total_sqft: -6.450737308298891e-06
  parcels_zones_employment: 5.5544593433432815e-05
  parcels_zones_households: -5.2272064884215436e-05
  parcels_zones_jobs_within_30_min: -2.4731534702051663e-10
  parcels_zones_logsum_job_high_income: 1.1366997707632737e-06
  parcels_zones_logsum_job_low_income: -7.696034763257533e-06
  parcels_zones_logsum_pop_high_income: -7.408698884093747e-07
  parcels_zones_logsum_pop_low_income: 3.7970252471433116e-06
  parcels_zones_retail_jobs: 8.9609783217131e-05
  parcels_zones_transit_jobs_30min: -1.550808815055339e-05
  parcels_zones_transit_jobs_50min: -4.328886538794974e-06
  parcels_zones_z_total_jobs: 9.005191786201384e-06
  residential_sqft: 0.00032302046650569213
  sqft_per_unit: 7.215688410168932e-05
  year_built: 0.0009029035880342058
  zones_acres: -3.9237146535155664e-08
  zones_employment: 2.207838322714703e-05
  zones_households: -2.2968931200928956e-05
  zones_logsum_job_high_income: 1.0203848002240099e-06
  zones_logsum_job_low_income: -7.342294433764871e-06
  zones_logsum_pop_high_income: -5.795101339540488e-07
  zones_logsum_pop_low_income: 4.062685401901544e-06
  zones_retail_jobs: 1.4001687319697498e-05
  zones_transit_jobs_30min: -1.5280096675433913e-05
  zones_transit_jobs_50min: -1.4933112221362535e-06
  zones_z_total_jobs: 1.2025729074130106e-05
sample_size: 958
score: 0.4296049622121739
