fit_filters:
- non_residential_sqft > 0
- sqft_price_nonres > 1
- sqft_price_nonres < 650
- hedonic_id == 94
model_expression:
  left_side: np.log1p(sqft_price_nonres)
model_type: Regression
name: RegressionModel
predict_filters: hedonic_id == 94
ytransform: np.exp
coef:
  b_total_jobs: 0.0019706596235926624
  building_age: -0.0005346006864742572
  building_sqft: 2.3875126444324016e-05
  crime_other_rate: 4.844302410466546e-05
  crime_ucr_rate: -0.00014915115514263467
  jobs_within_30_min: -3.052240221835123e-07
  land_area: 2.9955502652207877e-06
  nodes_walk_ave_nonres_sqft_price: 0.0013352927648916128
  nodes_walk_ave_unit_sqft: -2.049370794793464e-06
  nodes_walk_highinc_hhs: -0.000943162096434154
  nodes_walk_housing_cost: 3.7432881476897848e-06
  nodes_walk_industrial: 0.00034075897061179117
  nodes_walk_jobs: 0.00013012444552164715
  nodes_walk_medical: 0.0006643892462168039
  nodes_walk_node_r1500_sqft: 1.3126916309733397e-08
  nodes_walk_office: -0.00027510796386101327
  nodes_walk_population: 0.00021637793643298537
  nodes_walk_race_2_hhs: 0.0005166208497448566
  nodes_walk_race_3_hhs: -0.0011124663073842475
  nodes_walk_race_4_hhs: -0.0024319278895402834
  nodes_walk_retail: 0.005371063149096839
  nodes_walk_retail_jobs: 8.296589090763429e-05
  parcel_sqft: -2.0280461246831201e-07
  parcels_ave_unit_size: -0.0001872086573473984
  parcels_parcel_size: -3.596027219523441e-07
  parcels_pptytax: -0.0028118108643889646
  parcels_total_sqft: -2.7125073636135125e-05
  parcels_zones_employment: -1.7397988824626683e-06
  parcels_zones_households: 8.611159424720124e-05
  parcels_zones_jobs_within_30_min: 7.138966126451848e-08
  parcels_zones_logsum_job_high_income: -6.055511084656733e-08
  parcels_zones_logsum_job_low_income: -2.0080838872393432e-08
  parcels_zones_logsum_pop_high_income: 9.360298274107967e-08
  parcels_zones_logsum_pop_low_income: -9.062933056389505e-08
  parcels_zones_population: -4.6923126965222676e-05
  parcels_zones_retail_jobs: 0.00038925044094174547
  parcels_zones_transit_jobs_30min: -8.975333794823204e-08
  parcels_zones_transit_jobs_50min: 9.036687024103989e-07
  parcels_zones_z_total_jobs: -2.793205801452648e-05
  residential_sqft: 3.352627462121414e-06
  sqft_per_unit: 0.00022117532269860275
  year_built: 0.003188539803139927
  zones_acres: 2.7263276140981856e-05
  zones_households: 7.309776185190981e-05
  zones_logsum_job_high_income: -6.405025458763612e-08
  zones_logsum_job_low_income: -2.180651789780439e-08
  zones_logsum_pop_high_income: 8.328644870476756e-08
  zones_logsum_pop_low_income: -8.627056503531527e-09
  zones_population: -3.7936013942532124e-05
  zones_retail_jobs: 2.1721355108149457e-05
  zones_transit_jobs_50min: 6.451381315157175e-07
  zones_z_total_jobs: -6.149292045151838e-06
sample_size: 236
score: 0.5998225927658463
