fit_filters:
- non_residential_sqft > 0
- sqft_price_nonres > 1
- sqft_price_nonres < 650
- hedonic_id == 565
model_expression:
  left_side: np.log1p(sqft_price_nonres)
model_type: Regression
name: RegressionModel
predict_filters: hedonic_id == 565
ytransform: np.exp
coef:
  Intercept: -37.085467856100045
  b_total_jobs: 0.010684721105819518
  building_age: -6.133509328316073e-05
  building_sqft: 1.1327551130946277e-05
  crime_other_rate: 7.2855187703108925e-06
  crime_ucr_rate: -5.771284567631407e-07
  jobs_non_home_based: 1.6486642629816091e-18
  jobs_within_30_min: -3.265669808228033e-08
  land_area: -2.008913301351001e-06
  nodes_walk_ave_nonres_sqft_price: 0.011082616792803061
  nodes_walk_ave_unit_sqft: 3.0012303531119757e-05
  nodes_walk_hhs_with_children: -0.0003261579302252676
  nodes_walk_housing_cost: -4.181675482125232e-06
  nodes_walk_jobs: -5.4680088257250295e-05
  nodes_walk_medical: 0.0012156990901254733
  nodes_walk_midinc_hhs: 0.0018268623161937483
  nodes_walk_node_r1500_sqft: 4.120420380087275e-08
  nodes_walk_office: -0.00076578955112943
  nodes_walk_population: -0.000366654889523112
  nodes_walk_race_1_hhs: -0.0003280568630413731
  nodes_walk_race_4_hhs: 0.0012665469061896146
  nodes_walk_residential: -0.00014262549173479642
  nodes_walk_retail_jobs: 0.001459507219664104
  parcel_sqft: 2.660264653953388e-06
  parcels_ave_unit_size: 1.8802428429534068e-05
  parcels_total_sqft: -4.462885532835501e-05
  parcels_zones_jobs_within_30_min: -3.820732695976357e-08
  residential_sqft: 0.0001070376937312821
  sqft_per_unit: -4.91357902426509e-07
  year_built: 0.020584667958072084
  zones_acres: -8.191831794738952e-05
  zones_empden: -0.000562463560090425
  zones_employment: -8.811870086001e-06
  zones_households: -0.00025563902659202193
  zones_logsum_job_high_income: -2.6111249576288376e-07
  zones_logsum_job_low_income: 4.308473642510695e-09
  zones_logsum_pop_high_income: 2.481928391373958e-07
  zones_logsum_pop_low_income: -3.7380111413740476e-08
  zones_population: 0.00010351208817424684
  zones_retail_jobs: 0.00011600444337189978
  zones_transit_jobs_30min: 4.486880245545171e-06
  zones_transit_jobs_50min: 5.010932736733735e-07
sample_size: 1090
score: 0.5027119611250473
