fit_filters:
- non_residential_sqft > 0
- sqft_price_nonres > 1
- sqft_price_nonres < 650
- hedonic_id == 11533
model_expression:
  left_side: np.log1p(sqft_price_nonres)
model_type: Regression
name: RegressionModel
predict_filters: hedonic_id == 11533
ytransform: np.exp
coef:
  b_total_jobs: 0.01780281458573562
  building_age: 0.0062357600087291415
  building_sqft: -5.9990454807898585e-06
  crime_other_rate: 0.0010647095292534501
  crime_ucr_rate: 0.001034221362454271
  jobs_non_home_based: 6.439575274244157e-19
  jobs_within_30_min: -3.432980892625507e-05
  land_area: 1.1742774699499775e-05
  nodes_walk_ave_unit_sqft: -0.0014701289508310764
  nodes_walk_housing_cost: 2.1177027946005198e-05
  nodes_walk_jobs: -0.0030017869775690567
  nodes_walk_node_r1500_sqft: 9.435415849614e-09
  nodes_walk_office: 0.012281274635529684
  nodes_walk_population: 0.0015937255082493875
  parcel_sqft: 1.4759539112054524e-07
  parcels_ave_unit_size: -8.403463248991431e-05
  parcels_total_sqft: -7.0378744505249e-06
  parcels_zones_employment: 2.2061946204663823e-05
  parcels_zones_households: -0.006172907859625482
  parcels_zones_jobs_within_30_min: -6.172079160769305e-06
  parcels_zones_logsum_job_high_income: 7.370179636850685e-06
  parcels_zones_logsum_job_low_income: 4.3241559642615603e-05
  parcels_zones_logsum_pop_high_income: 2.66558265212373e-07
  parcels_zones_logsum_pop_low_income: -1.0781835002106725e-06
  parcels_zones_population: 0.001449038927349835
  parcels_zones_retail_jobs: -0.004155735151558262
  parcels_zones_transit_jobs_50min: -0.0012212349906864342
  parcels_zones_z_total_jobs: 0.0005051518440668633
  zones_acres: 2.6230105594688204e-05
  zones_employment: 0.001200895548327025
  zones_households: -0.0019506786328967402
  zones_logsum_job_high_income: 8.507571154491937e-06
  zones_logsum_job_low_income: 3.5942854388481583e-05
  zones_logsum_pop_high_income: -5.629929258879584e-06
  zones_logsum_pop_low_income: -4.423668236301946e-06
  zones_population: 0.0015192097461249718
  zones_retail_jobs: -0.0026621564938099315
  zones_transit_jobs_50min: -0.0006638490116779752
  zones_z_total_jobs: 0.00018484337083259517
sample_size: 25
score: 0.9711794184988677
