fit_filters:
- non_residential_sqft > 0
- sqft_price_nonres > 1
- sqft_price_nonres < 650
- hedonic_id == 93
model_type: regression
name: RegressionModel
predict_filters: hedonic_id == 93
target_variable: np.log1p(sqft_price_nonres)
ytransform: np.exp
fit_parameters:
  Coefficient:
    Intercept: 1.7608981082448585
    building_age: -0.00018927913619754376
    building_sqft: 4.1528107133031585e-05
    crime_other_rate: -9.478527778284453e-05
    crime_ucr_rate: 4.431100718185044e-05
    jobs_within_30_min: -3.6582388515896992e-06
    land_area: -2.2701954020427092e-05
    nodes_walk_ave_unit_sqft: -0.00013179635454207077
    nodes_walk_highinc_hhs: -7.032627303264686e-05
    nodes_walk_households: 0.00013581970977102412
    nodes_walk_housing_cost: 2.117180843423381e-06
    nodes_walk_jobs: 7.396903093498538e-06
    nodes_walk_lowinc_hhs: 9.604562140936313e-05
    nodes_walk_midinc_hhs: 9.020487836767864e-06
    nodes_walk_node_r1500_sqft: -4.5829714227453376e-08
    nodes_walk_office: -0.00037306389345180996
    nodes_walk_population: -7.703916329907244e-05
    nodes_walk_race_3_hhs: 0.0006081510759874309
    parcel_sqft: 5.488299133019101e-07
    parcels_ave_unit_size: -8.113078378047533e-06
    parcels_parcel_size: -5.40013051958979e-05
    parcels_total_sqft: -4.701094216625378e-05
    parcels_zones_jobs_within_30_min: 1.877547428211668e-07
    year_built: 0.0011374566921703206
    zones_logsum_job_high_income: 6.362368987034859e-06
    zones_logsum_job_low_income: -3.2193501665561995e-08
    zones_logsum_job_mid_income: 6.476692739880107e-08
    zones_logsum_pop_high_income: -1.7300068306956827e-06
    zones_logsum_pop_low_income: 5.965855048033297e-08
    zones_logsum_pop_mid_income: -9.446498058396456e-08
    zones_population: 4.9636428640429815e-05
    zones_transit_jobs_30min: -2.424627425555638e-06
    zones_transit_jobs_50min: 2.963697527295085e-06
fit_rsquared: 0.9402349700692754
fitted: true
sample_size: 95
