fit_filters:
- non_residential_sqft > 0
- sqft_price_nonres > 1
- sqft_price_nonres < 650
- hedonic_id == 14721
model_expression:
  left_side: np.log1p(sqft_price_nonres)
model_type: Regression
name: RegressionModel
predict_filters: hedonic_id == 14721
ytransform: np.exp
coef:
  Intercept: -1.0192759963309217
  b_total_jobs: 0.002612085533779283
  building_age: -5.172807767705232e-05
  building_sqft: -1.0367552826137445e-05
  crime_other_rate: 2.4367132585248258e-06
  crime_ucr_rate: -7.203378881959425e-05
  jobs_non_home_based: 4.406981658390952e-16
  jobs_within_30_min: 1.6499271326470146e-06
  land_area: 1.1493666575808281e-05
  nodes_walk_housing_cost: 2.962235655428233e-06
  nodes_walk_jobs: 0.00023034734655227033
  nodes_walk_medical: 0.0005000764989629439
  nodes_walk_node_r1500_sqft: 1.2838325181395794e-09
  nodes_walk_population: 0.00011759020182717833
  nodes_walk_retail: 0.012338801582604246
  parcel_sqft: -7.977620938464375e-08
  parcels_total_sqft: -5.630148519152453e-06
  residential_sqft: -6.181320465668358e-05
  school_district_achievement: -0.0010523316428968459
  sqft_per_unit: 0.0004001537775633933
  year_built: 0.0019847999888350657
  zones_acres: -9.365948481486483e-06
  zones_employment: 1.4793651690233255e-05
  zones_households: -0.00018944438665610873
  zones_logsum_job_high_income: -5.419782338107946e-07
  zones_logsum_job_low_income: -2.317324727348089e-06
  zones_logsum_pop_high_income: 3.351849929271653e-07
  zones_logsum_pop_low_income: 1.3386547139827875e-06
  zones_population: 0.00014444312847172237
  zones_transit_jobs_30min: -4.1322258432014356e-05
  zones_transit_jobs_50min: -2.4163354780311363e-06
sample_size: 1185
score: 0.37843393258494085
