fit_filters:
- non_residential_sqft > 0
- sqft_price_nonres > 1
- sqft_price_nonres < 650
- hedonic_id == 61
model_expression:
  left_side: np.log1p(sqft_price_nonres)
model_type: Regression
name: RegressionModel
predict_filters: hedonic_id == 61
ytransform: np.exp
coef:
  Intercept: -1.4108962518891515
  building_age: -0.0006808884671833712
  building_sqft: 4.527374988030743e-06
  crime_other_rate: -4.490572164830209e-05
  crime_ucr_rate: -0.0001260045294744205
  jobs_within_30_min: 6.159619164926567e-08
  land_area: -3.933311743843221e-06
  nodes_walk_ave_nonres_sqft_price: 0.009730197984648073
  nodes_walk_ave_unit_sqft: -4.9518996593381796e-05
  nodes_walk_households: -8.550484013327642e-05
  nodes_walk_housing_cost: 6.849766415611347e-06
  nodes_walk_jobs: -1.101675821105201e-05
  nodes_walk_lowinc_hhs: -0.0008556916840635177
  nodes_walk_medical: -0.0019281233511897517
  nodes_walk_node_r1500_sqft: 2.7618449700888215e-09
  nodes_walk_office: -0.0015843172472245761
  nodes_walk_population: -1.4522692885245706e-05
  nodes_walk_race_1_hhs: 0.0003843000312051655
  nodes_walk_race_4_hhs: -0.0016663806425318759
  nodes_walk_residential: -0.0010536312625043153
  nodes_walk_retail: -0.0007974844838741636
  nodes_walk_retail_jobs: 0.00046820923414115067
  parcel_sqft: -1.9084180155842867e-08
  parcels_ave_unit_size: -0.00035686023165548426
  parcels_pptytax: -0.00017758627224118495
  parcels_total_job_spaces: 0.0011684980166305977
  parcels_total_sqft: -2.253979669462193e-06
  parcels_total_units: 0.0003366554229540208
  parcels_zones_employment: 2.4144570407273604e-05
  parcels_zones_households: -0.00016018782837326262
  parcels_zones_jobs_within_30_min: 8.869932842352758e-08
  parcels_zones_logsum_job_high_income: -7.297535546558678e-08
  parcels_zones_logsum_job_low_income: -1.4412487848324376e-08
  parcels_zones_logsum_pop_high_income: 1.443145513665222e-07
  parcels_zones_logsum_pop_low_income: -1.8110319063303072e-09
  parcels_zones_population: 6.4714337305454e-05
  parcels_zones_retail_jobs: 0.0003600112977875394
  parcels_zones_transit_jobs_30min: 3.968916684508899e-06
  parcels_zones_transit_jobs_50min: 2.362513472833137e-06
  parcels_zones_z_total_jobs: 4.421330460077268e-08
  residential_sqft: 0.0007423071652070084
  vacant_job_spaces: -0.003084921353227894
  year_built: 0.0026480617262902646
  zones_acres: -2.7909876070596227e-06
  zones_employment: 6.171352425693572e-10
  zones_households: -0.0001346192048444409
  zones_logsum_job_high_income: -1.8947254833739942e-08
  zones_logsum_job_low_income: -3.659529185250318e-08
  zones_logsum_pop_high_income: -6.266484850115752e-08
  zones_logsum_pop_low_income: -5.849473212590169e-08
  zones_population: 6.499946632156091e-05
  zones_retail_jobs: 1.929194880584985e-08
  zones_transit_jobs_30min: 2.668066493020325e-06
  zones_transit_jobs_50min: 1.4198532475390902e-06
sample_size: 1171
score: 0.5199726127909028
