fit_filters:
- non_residential_sqft > 0
- sqft_price_nonres > 1
- sqft_price_nonres < 650
- hedonic_id == 16123
model_expression:
  left_side: np.log1p(sqft_price_nonres)
model_type: Regression
name: RegressionModel
predict_filters: hedonic_id == 16123
ytransform: np.exp
coef:
  building_age: -0.0005814634654748051
  building_sqft: 8.646871476622239e-07
  crime_other_rate: 0.00013370682626195733
  crime_ucr_rate: -0.0003729647551900001
  jobs_within_30_min: 6.85261631684284e-07
  land_area: -6.9788986390720326e-06
  nodes_walk_ave_unit_sqft: -4.9319886299480904e-06
  nodes_walk_highinc_hhs: -0.0016563699566252404
  nodes_walk_households: -0.000395705252801419
  nodes_walk_housing_cost: 4.155526961307943e-06
  nodes_walk_industrial: -0.0011501029418166512
  nodes_walk_jobs: 0.00010204882785821339
  nodes_walk_lowinc_hhs: -0.0009439038766667174
  nodes_walk_max_office_far: -0.0001638456792781173
  nodes_walk_medical: 5.1610967413812926e-05
  nodes_walk_midinc_hhs: 0.0007827303569257524
  nodes_walk_node_r1500_sqft: 9.861577456836078e-09
  nodes_walk_office: 0.005781010930972169
  nodes_walk_population: 0.00031129996949693446
  nodes_walk_residential: -0.0007492687856533072
  nodes_walk_retail: 1.6147424017833933e-05
  nodes_walk_retail_jobs: -0.00046308195631095404
  parcel_sqft: 2.6096103184994564e-07
  parcels_ave_unit_size: -0.00011144393790695122
  parcels_total_sqft: -5.489107205903642e-07
  parcels_zones_employment: 3.18945345920226e-05
  parcels_zones_jobs_within_30_min: -2.122169777736472e-07
  parcels_zones_logsum_job_high_income: 1.6481003846434395e-07
  parcels_zones_logsum_job_low_income: 2.9425584336725932e-08
  parcels_zones_logsum_pop_high_income: -3.6092326436232826e-07
  parcels_zones_logsum_pop_low_income: -5.777786102681018e-08
  parcels_zones_population: 3.326009862785059e-08
  parcels_zones_retail_jobs: 0.000495810606267067
  parcels_zones_transit_jobs_30min: -1.9275615296820865e-06
  parcels_zones_transit_jobs_50min: 1.7976287149610645e-06
  parcels_zones_z_total_jobs: 1.1593516149676353e-07
  residential_sqft: -6.583037596819477e-05
  sqft_per_unit: 0.00021576371341333863
  vacant_job_spaces: -0.0002052061793675603
  year_built: 0.0016915506529397999
  zones_acres: -3.7522384578715754e-05
  zones_employment: 7.518763061741055e-09
  zones_households: -2.6054970093398374e-05
  zones_logsum_job_high_income: 1.6497300979663193e-07
  zones_logsum_job_low_income: 2.791102933689817e-08
  zones_logsum_pop_high_income: -2.7261803750064845e-07
  zones_logsum_pop_low_income: -6.818913889012158e-08
  zones_population: 7.562995197857818e-06
  zones_retail_jobs: 0.00010687230412151632
  zones_transit_jobs_30min: -1.475695880251639e-06
  zones_transit_jobs_50min: 1.1222517990354197e-06
  zones_z_total_jobs: 4.955270794451241e-07
sample_size: 844
score: 0.4500353132189633
