fit_filters:
- non_residential_sqft > 0
- sqft_price_nonres > 1
- sqft_price_nonres < 650
- hedonic_id == 14723
model_expression:
  left_side: np.log1p(sqft_price_nonres)
model_type: Regression
name: RegressionModel
predict_filters: hedonic_id == 14723
ytransform: np.exp
coef:
  Intercept: -2.075248118711393
  b_total_jobs: 0.007770744404019405
  building_age: -0.0001670920129191539
  building_sqft: -2.3925999111073377e-05
  crime_other_rate: 7.364968388199044e-05
  jobs_within_30_min: 6.116409408068856e-07
  land_area: 7.946759365161393e-06
  nodes_walk_ave_nonres_sqft_price: 0.002330242748887021
  nodes_walk_ave_unit_sqft: 1.7424988673960085e-06
  nodes_walk_housing_cost: -3.921652582891267e-06
  nodes_walk_industrial: -0.0008664485669793626
  nodes_walk_jobs: -2.828027692960064e-06
  nodes_walk_lowinc_hhs: -0.0008165390409584969
  nodes_walk_medical: 0.00045829929820692385
  nodes_walk_node_r1500_sqft: -3.790717016761886e-09
  nodes_walk_office: 0.008836715409447297
  nodes_walk_population: 0.0002554837452286964
  nodes_walk_residential: 0.0017756109875527257
  nodes_walk_retail: -9.531082520723918e-05
  nodes_walk_retail_jobs: 7.371389069771429e-05
  parcel_sqft: 7.951541546980917e-08
  parcels_ave_unit_size: 0.00015772712598710964
  parcels_total_sqft: -6.35541889654404e-06
  parcels_zones_jobs_within_30_min: 1.0829697973826283e-09
  sqft_per_unit: 0.00017811163438422612
  year_built: 0.0025153016794753316
  zones_acres: 1.3773514866663214e-06
  zones_employment: 6.263423690009722e-05
  zones_households: -8.609794091430438e-05
  zones_logsum_job_high_income: 1.3573552744253834e-05
  zones_logsum_job_low_income: -4.355717938908804e-06
  zones_logsum_pop_high_income: -7.207547537524676e-06
  zones_logsum_pop_low_income: 2.5956801170428863e-06
  zones_population: 7.827378841075803e-05
  zones_retail_jobs: 0.00010617959163413135
  zones_transit_jobs_30min: 4.8634577515703895e-05
  zones_transit_jobs_50min: -2.3241406904820104e-05
  zones_z_total_jobs: 5.583886560038433e-06
sample_size: 493
score: 0.44754349813726857
