fit_filters:
- non_residential_sqft > 0
- sqft_price_nonres > 1
- sqft_price_nonres < 650
- hedonic_id == 12563
model_expression:
  left_side: np.log1p(sqft_price_nonres)
model_type: Regression
name: RegressionModel
predict_filters: hedonic_id == 12563
ytransform: np.exp
coef:
  building_age: 0.0013043830483598343
  building_sqft: 3.370181648969972e-06
  crime_other_rate: 0.00045094119342714426
  crime_ucr_rate: -0.0006011237504466952
  jobs_within_30_min: 3.1238193969259337e-07
  land_area: -3.9769155339499884e-06
  nodes_walk_ave_nonres_sqft_price: 0.010074774758472231
  nodes_walk_ave_unit_sqft: -5.380806746296186e-07
  nodes_walk_highinc_hhs: 0.000721498781728458
  nodes_walk_housing_cost: 2.8912388660951867e-06
  nodes_walk_industrial: 0.0003881273077992983
  nodes_walk_jobs: 0.00015848271534654507
  nodes_walk_lowinc_hhs: -0.0010936104911280179
  nodes_walk_node_r1500_sqft: 2.2300325601030018e-08
  nodes_walk_office: -0.0015800213133593587
  nodes_walk_population: 0.00014560582061844495
  nodes_walk_race_2_hhs: 0.00017252448559493304
  nodes_walk_race_3_hhs: -0.007064404556980351
  nodes_walk_race_4_hhs: 0.0030982605196254306
  nodes_walk_residential: -0.0022634926294303804
  nodes_walk_retail: -0.0013520179201596694
  nodes_walk_retail_jobs: 0.0009268616135844047
  parcel_sqft: 1.667521768894507e-06
  parcels_ave_unit_size: -2.7519314705669634e-05
  parcels_pptytax: -0.0038389201357765116
  parcels_total_sqft: -4.654872227080346e-06
  parcels_zones_employment: 2.7923016662367006e-05
  parcels_zones_households: 0.00032591915846801755
  parcels_zones_jobs_within_30_min: -1.7653011331423566e-07
  parcels_zones_logsum_job_high_income: -2.3601620417539213e-06
  parcels_zones_logsum_job_low_income: 9.113698185296267e-07
  parcels_zones_logsum_pop_high_income: 2.0896861170570456e-06
  parcels_zones_logsum_pop_low_income: -1.5266846578266714e-06
  parcels_zones_mean_age_of_head: -0.006594777296221675
  parcels_zones_population: -8.675148918760492e-05
  parcels_zones_retail_jobs: -0.00010532342798075402
  parcels_zones_transit_jobs_30min: -1.0506886847259663e-06
  parcels_zones_transit_jobs_50min: 2.793886674389122e-06
  vacant_job_spaces: -0.004911625178856679
  year_built: -0.0023498850965303006
  zone_mean_age_of_head: -1.0388741730803785e-16
  zones_acres: 1.615073025546734e-05
  zones_employment: 3.921133807232356e-06
  zones_households: 0.00028226234201889007
  zones_logsum_job_high_income: -2.3638512571143397e-06
  zones_logsum_job_low_income: 8.876322226433789e-07
  zones_logsum_pop_high_income: 1.932853570091726e-06
  zones_logsum_pop_low_income: -1.5020637018101973e-06
  zones_mean_age_of_head: -0.005122906643563024
  zones_population: -6.760000127462196e-05
  zones_retail_jobs: -3.280098925891593e-05
  zones_transit_jobs_30min: -1.680241203782348e-09
  zones_transit_jobs_50min: 2.3087365751175815e-06
  zones_z_total_jobs: 3.0331605341670597e-06
sample_size: 148
score: 0.7315889598296292
