fit_filters:
- non_residential_sqft > 0
- sqft_price_nonres > 1
- sqft_price_nonres < 650
- hedonic_id == 32
model_expression:
  left_side: np.log1p(sqft_price_nonres)
model_type: Regression
name: RegressionModel
predict_filters: hedonic_id == 32
ytransform: np.exp
coef:
  building_age: -0.0007673885169647886
  building_sqft: -1.4247552170785303e-06
  crime_other_rate: -8.807196406264639e-06
  crime_ucr_rate: -0.0002210643260974097
  job_spaces: 0.0014176805021685653
  jobs_within_30_min: -2.5157448965279723e-07
  land_area: 5.91579349423924e-07
  large_area_id: 0.0010589282033011806
  nodes_walk_ave_nonres_sqft_price: 0.0014962914912393414
  nodes_walk_ave_unit_sqft: 1.0113824594103601e-06
  nodes_walk_housing_cost: -1.2472295329919695e-06
  nodes_walk_industrial: 0.00835087309707746
  nodes_walk_jobs: 4.09828829712354e-05
  nodes_walk_medical: 0.00041104460151444427
  nodes_walk_node_r1500_sqft: -1.1180187351789393e-08
  nodes_walk_population: -0.00030038103930308125
  nodes_walk_race_1_hhs: 0.001397952425395749
  nodes_walk_race_2_hhs: -0.0011550320247196157
  nodes_walk_residential: 0.00035990147552429364
  nodes_walk_retail: 0.00022991338376032768
  nodes_walk_retail_jobs: 0.00038256927007283197
  non_residential_units: 3.165767810146182e-16
  parcel_sqft: 2.3940532933574967e-07
  parcels_ave_unit_size: 8.528233119477598e-05
  parcels_landvalue: -1.0630431440451923e-07
  parcels_total_job_spaces: 1.7760923819813145e-05
  parcels_total_sqft: -3.1780324122817208e-06
  parcels_zones_employment: 1.1101221981070303e-11
  parcels_zones_households: -0.00023908342803722536
  parcels_zones_jobs_within_30_min: 2.364351410502219e-07
  parcels_zones_logsum_job_high_income: 3.182527484647124e-08
  parcels_zones_logsum_job_low_income: 4.3375302034332336e-08
  parcels_zones_logsum_pop_high_income: -7.278689924443975e-08
  parcels_zones_logsum_pop_low_income: -4.59767205682376e-11
  parcels_zones_population: 6.950174891854251e-05
  parcels_zones_retail_jobs: -0.00021098837675418867
  parcels_zones_transit_jobs_30min: 4.3365621494107087e-07
  parcels_zones_transit_jobs_50min: 4.003414687604255e-07
  parcels_zones_z_total_jobs: 1.0484890266156147e-05
  vacant_job_spaces: 0.001308045722453783
  year_built: 0.0068061630936546245
  zones_acres: -1.3229683018980241e-05
  zones_employment: 6.276872217356031e-07
  zones_households: -0.0001798458322280304
  zones_logsum_job_high_income: 4.073167182774316e-08
  zones_logsum_job_low_income: 3.312419206653501e-08
  zones_logsum_pop_high_income: -3.640235511362448e-08
  zones_logsum_pop_low_income: -3.1303568279448823e-08
  zones_population: 6.752464366241928e-05
  zones_retail_jobs: -2.851663728525857e-05
  zones_transit_jobs_30min: 1.3165440080234368e-09
  zones_transit_jobs_50min: 2.7947192950158865e-08
  zones_z_total_jobs: 2.8515432917944823e-07
sample_size: 179
score: 0.7179411030145775
