fit_filters:
- non_residential_sqft > 0
- sqft_price_nonres > 1
- sqft_price_nonres < 650
- hedonic_id == 11511
model_expression:
  left_side: np.log1p(sqft_price_nonres)
model_type: Regression
name: RegressionModel
predict_filters: hedonic_id == 11511
ytransform: np.exp
coef:
  crime_other_rate: -2.312356848808076e-05
  jobs_within_30_min: 8.92072148277461e-06
  land_area: 4.55719628541686e-05
  nodes_walk_housing_cost: 5.3224819297202044e-06
  nodes_walk_node_r1500_sqft: -3.972923466333887e-08
  parcel_sqft: -2.1748418641991304e-06
  parcels_landvalue: -1.347289766681569e-06
  parcels_total_sqft: 3.3636965367938316e-07
  parcels_zones_jobs_within_30_min: -1.2056490310651585e-06
  parcels_zones_logsum_job_high_income: 3.1263113508888005e-06
  parcels_zones_logsum_job_low_income: -2.805395289419759e-06
  parcels_zones_logsum_pop_high_income: -1.2933165862107085e-07
  parcels_zones_logsum_pop_low_income: -7.616901645774461e-06
  parcels_zones_population: -9.074798037046718e-05
  zones_acres: -4.0871690722421224e-05
  zones_logsum_job_high_income: 2.8740419588244344e-07
  zones_logsum_job_low_income: -5.92295687459986e-08
  zones_logsum_pop_high_income: -1.6955895237384424e-07
  zones_logsum_pop_low_income: -1.0254442723237526e-06
sample_size: 4
score: 0.9999999996853457
