fit_filters:
- non_residential_sqft > 0
- sqft_price_nonres > 1
- sqft_price_nonres < 650
- hedonic_id == 9333
model_expression:
  left_side: np.log1p(sqft_price_nonres)
model_type: Regression
name: RegressionModel
predict_filters: hedonic_id == 9333
ytransform: np.exp
coef:
  b_total_jobs: 0.0023467708155787987
  building_age: -0.0011378776709754688
  building_sqft: -5.505622057374559e-06
  crime_other_rate: -0.0001202020768255478
  crime_ucr_rate: 0.0009277134596871207
  jobs_non_home_based: 6.401987659382341e-18
  jobs_within_30_min: -3.651939763733063e-06
  land_area: 4.714435703846429e-06
  nodes_walk_ave_nonres_sqft_price: 0.008889458869064924
  nodes_walk_housing_cost: 1.7394777707729394e-06
  nodes_walk_industrial: 0.006230378864550424
  nodes_walk_jobs: 8.198075997729627e-05
  nodes_walk_medical: 6.083360855463729e-05
  nodes_walk_node_r1500_sqft: 1.022843534427789e-08
  nodes_walk_office: -0.0014370716262604815
  nodes_walk_population: -0.0006803669729258371
  nodes_walk_residential: -0.00013479242667702412
  nodes_walk_retail: -0.0014575967816473914
  parcel_sqft: 2.7481757061045627e-07
  parcels_ave_unit_size: -7.06929261327586e-05
  parcels_parcel_size: -3.1150202285448814e-07
  parcels_total_job_spaces: 0.0008901285238481538
  parcels_total_sqft: -2.928845566992051e-06
  parcels_zones_employment: 6.775617337492103e-05
  parcels_zones_jobs_within_30_min: 1.173702244850163e-07
  parcels_zones_logsum_job_high_income: -2.9167386675964257e-06
  parcels_zones_logsum_job_low_income: 4.833562219907671e-06
  parcels_zones_logsum_pop_high_income: 1.6095587741204978e-06
  parcels_zones_logsum_pop_low_income: 1.243243723118738e-06
  year_built: 0.0009410519979924279
  zones_acres: -4.485404711947789e-05
  zones_logsum_job_high_income: -2.8977369025043476e-06
  zones_logsum_job_low_income: 4.806923715956113e-06
  zones_logsum_pop_high_income: 3.526853194576802e-07
  zones_logsum_pop_low_income: 1.1538802555088234e-06
  zones_population: 1.6669922169719522e-05
  zones_retail_jobs: -0.00021845731685272225
sample_size: 411
score: 0.5180221479009914
