fit_filters:
- non_residential_sqft > 0
- sqft_price_nonres > 1
- sqft_price_nonres < 650
- hedonic_id == 9351
model_expression:
  left_side: np.log1p(sqft_price_nonres)
model_type: Regression
name: RegressionModel
predict_filters: hedonic_id == 9351
ytransform: np.exp
coef:
  b_total_jobs: -0.0008894210256986323
  building_age: -0.000323913466140461
  building_sqft: -3.119178441999406e-06
  crime_other_rate: 0.00014869315947922592
  crime_ucr_rate: 0.0002454267003853643
  jobs_non_home_based: -4.2956242890128435e-17
  jobs_within_30_min: -1.9391836793783574e-07
  land_area: 3.962462587085331e-06
  nodes_walk_ave_nonres_sqft_price: -0.0009272184481994355
  nodes_walk_ave_unit_sqft: -2.870672615325152e-05
  nodes_walk_housing_cost: 2.2129360361846445e-07
  nodes_walk_industrial: -0.00025167751467702285
  nodes_walk_jobs: 4.0620871150355785e-05
  nodes_walk_medical: 0.0057356700158273655
  nodes_walk_node_r1500_sqft: -9.797034139915975e-09
  nodes_walk_office: 6.456734903687734e-05
  nodes_walk_population: -0.0003912823631988924
  nodes_walk_retail: -0.000778614876211484
  parcel_sqft: 4.248070057587577e-07
  parcels_ave_unit_size: -2.2057246049448515e-05
  parcels_total_sqft: -6.886788404592506e-07
  parcels_zones_employment: 2.541295149867494e-05
  parcels_zones_households: 8.643794384236925e-05
  parcels_zones_jobs_within_30_min: 5.400643615899323e-07
  parcels_zones_logsum_job_high_income: -2.2144322824943398e-06
  parcels_zones_logsum_job_low_income: -4.608252831188522e-06
  parcels_zones_logsum_pop_high_income: -1.5142527985423698e-08
  parcels_zones_logsum_pop_low_income: 8.952633939642119e-06
  parcels_zones_retail_jobs: -0.00013759428602178397
  parcels_zones_z_total_jobs: 3.681501573396636e-05
  year_built: 0.0027546471068055967
  zones_acres: -6.78379530367891e-05
  zones_households: 0.00010367976842924895
  zones_logsum_job_high_income: -2.032251207294949e-06
  zones_logsum_job_low_income: -5.29141391853977e-06
  zones_logsum_pop_high_income: -3.5071205783332145e-08
  zones_logsum_pop_low_income: 8.468522266634727e-06
  zones_retail_jobs: -7.45446655889255e-05
  zones_z_total_jobs: 1.8840938647548264e-05
sample_size: 76
score: 0.7793291507578111
