fit_filters:
- non_residential_sqft > 0
- sqft_price_nonres > 1
- sqft_price_nonres < 650
- hedonic_id == 11513
model_expression:
  left_side: np.log1p(sqft_price_nonres)
model_type: Regression
name: RegressionModel
predict_filters: hedonic_id == 11513
ytransform: np.exp
coef:
  building_sqft: -4.5579623272028835e-05
  crime_other_rate: 0.0008651853380567767
  jobs_within_30_min: 3.7778998781086784e-05
  land_area: -6.11461813669336e-06
  nodes_walk_housing_cost: -1.597126352390418e-05
  nodes_walk_jobs: 0.0002476251352825716
  nodes_walk_medical: 0.0003315216315020865
  nodes_walk_node_r1500_sqft: -2.428149844600961e-07
  nodes_walk_population: 0.003230528948675575
  parcel_sqft: -7.52955144143016e-07
  parcels_ave_unit_size: 1.5035861348692022e-05
  parcels_landvalue: 2.0304283080438096e-05
  parcels_total_sqft: -7.294084479417491e-05
  parcels_zones_employment: -0.0007541569257929303
  parcels_zones_jobs_within_30_min: -9.741577928646397e-06
  parcels_zones_logsum_job_high_income: -4.278106627601928e-06
  parcels_zones_logsum_job_low_income: -1.7847941150651004e-05
  parcels_zones_logsum_pop_high_income: -6.869772410422201e-06
  parcels_zones_logsum_pop_low_income: -2.5509718670665848e-06
  parcels_zones_population: 1.4776557415049237e-05
  parcels_zones_transit_jobs_30min: 7.311310303961115e-05
  parcels_zones_transit_jobs_50min: 1.1259182185627373e-06
  parcels_zones_z_total_jobs: 0.0006639400634441594
  zones_acres: 0.00020499298606385874
  zones_logsum_job_high_income: -7.320802909392729e-06
  zones_logsum_job_low_income: -1.39717770958565e-05
  zones_logsum_pop_high_income: 6.4393077719600795e-06
  zones_logsum_pop_low_income: 1.3127745564435399e-06
  zones_population: 8.673836473951798e-05
  zones_transit_jobs_30min: 7.877499739518871e-05
  zones_transit_jobs_50min: 8.761235947708682e-06
  zones_z_total_jobs: 0.0005631696734155786
sample_size: 14
score: 0.9989197336554663
