fit_filters:
- non_residential_sqft > 0
- sqft_price_nonres > 1
- sqft_price_nonres < 650
- hedonic_id == 16165
model_expression:
  left_side: np.log1p(sqft_price_nonres)
model_type: Regression
name: RegressionModel
predict_filters: hedonic_id == 16165
ytransform: np.exp
coef:
  b_total_jobs: 0.0017069730260655302
  building_age: -0.0007823059479330677
  building_sqft: 9.82921913558179e-06
  crime_other_rate: 0.00021584021118529895
  crime_ucr_rate: -0.00044304636792821025
  jobs_non_home_based: 5.2510719359481006e-17
  jobs_within_30_min: 7.860471458052719e-08
  land_area: -1.561908220935355e-05
  nodes_walk_ave_nonres_sqft_price: 0.0032787259866873474
  nodes_walk_ave_unit_sqft: 4.705837723026906e-05
  nodes_walk_highinc_hhs: -3.411215393828783e-05
  nodes_walk_housing_cost: -2.9632220507313024e-06
  nodes_walk_industrial: 7.269852613371726e-05
  nodes_walk_jobs: -2.474843514239293e-06
  nodes_walk_lowinc_hhs: 0.00020946831325349387
  nodes_walk_max_office_far: 0.000507321280350598
  nodes_walk_medical: 0.0006984345331100116
  nodes_walk_node_r1500_sqft: 1.7870387794822152e-08
  nodes_walk_office: -0.00034841131564715714
  nodes_walk_race_1_hhs: -0.0006999754105141079
  nodes_walk_race_2_hhs: 0.00026145933203411116
  nodes_walk_race_3_hhs: 0.0007535588267739392
  nodes_walk_residential: 0.0006448551227121102
  nodes_walk_retail: 0.0005547159782662485
  nodes_walk_retail_jobs: -3.3591850648743526e-05
  parcel_sqft: 2.1862887865244002e-07
  parcels_ave_unit_size: 4.936405104962622e-05
  parcels_landvalue: 5.085568610187198e-07
  parcels_total_sqft: -4.172192013645998e-05
  parcels_zones_employment: 7.688348665245987e-06
  parcels_zones_households: -0.0001491079229737612
  parcels_zones_jobs_within_30_min: -4.889992106930642e-07
  parcels_zones_logsum_job_high_income: -3.1202197483570957e-07
  parcels_zones_logsum_job_low_income: -6.506118312531594e-08
  parcels_zones_logsum_pop_high_income: 4.0531576901256556e-07
  parcels_zones_logsum_pop_low_income: 1.5097267328345398e-07
  parcels_zones_retail_jobs: 0.00023628671281685385
  parcels_zones_transit_jobs_30min: 5.01921726416497e-06
  parcels_zones_transit_jobs_50min: 4.85553034948114e-07
  parcels_zones_z_total_jobs: 1.7264485278503165e-06
  residential_sqft: 5.081363038764717e-05
  sqft_per_unit: 0.0002976795966019385
  vacant_job_spaces: -0.00035044937550585543
  year_built: 0.002637863139217211
  zones_acres: -1.8360433018540977e-05
  zones_employment: 2.1212470675610145e-12
  zones_households: -5.039679801727891e-10
  zones_logsum_job_high_income: -2.9351278267030563e-07
  zones_logsum_job_low_income: -6.811674391325296e-08
  zones_logsum_pop_high_income: 3.3348869069667683e-07
  zones_logsum_pop_low_income: -1.7276314522359666e-08
  zones_population: 2.5028699093676156e-05
  zones_retail_jobs: 3.1483490816182446e-07
  zones_transit_jobs_30min: 4.4473697950109324e-06
  zones_transit_jobs_50min: -8.260500540929648e-07
  zones_z_total_jobs: 4.5157846582186066e-06
sample_size: 303
score: 0.6281835255213694
