fit_filters:
- non_residential_sqft > 0
- sqft_price_nonres > 1
- sqft_price_nonres < 650
- hedonic_id == 63
model_expression:
  left_side: np.log1p(sqft_price_nonres)
model_type: Regression
name: RegressionModel
predict_filters: hedonic_id == 63
ytransform: np.exp
coef:
  building_age: -0.002588729970832733
  building_sqft: -6.566472278138622e-07
  county_id: 0.0038576962215357605
  crime_other_rate: 6.009355621265223e-05
  crime_ucr_rate: -5.491700125842576e-06
  job_spaces: -0.00038092953035309007
  jobs_within_30_min: 3.1378205332316316e-07
  land_area: -5.510960203444746e-07
  large_area_id: 0.0008518547934266493
  nodes_walk_ave_nonres_sqft_price: 0.00902762396762409
  nodes_walk_ave_unit_sqft: -3.807673641147513e-05
  nodes_walk_highinc_hhs: 0.0017361685717611395
  nodes_walk_housing_cost: -8.854975737313089e-07
  nodes_walk_industrial: 0.0006486204823804957
  nodes_walk_jobs: 7.052047960806058e-05
  nodes_walk_max_office_far: 0.0024757278467098932
  nodes_walk_medical: -0.0002662529709459393
  nodes_walk_node_r1500_sqft: -3.5065684246625504e-08
  nodes_walk_office: -0.0004906100639373893
  nodes_walk_race_3_hhs: -0.0007396880021504667
  nodes_walk_race_4_hhs: 0.0010169331449992
  nodes_walk_retail: -0.000363185009902165
  nodes_walk_retail_jobs: 3.18846285495959e-05
  parcel_sqft: 1.820029482757614e-06
  parcels_ave_unit_size: -7.959351824597492e-06
  parcels_pptytax: -0.0023597432636651653
  parcels_total_job_spaces: -0.0007986070649128572
  parcels_total_sqft: 2.763975033669419e-07
  parcels_zones_empden: -0.0025132822595328418
  parcels_zones_employment: 5.46646433151683e-06
  parcels_zones_households: 8.277110454736288e-06
  parcels_zones_jobs_within_30_min: 9.208299805234508e-10
  parcels_zones_logsum_job_high_income: -1.2386907844536458e-07
  parcels_zones_logsum_job_low_income: 1.0195387222445828e-08
  parcels_zones_logsum_pop_high_income: 1.966472641216141e-07
  parcels_zones_logsum_pop_low_income: -1.798628006379962e-07
  parcels_zones_popden: 8.358503035122126e-05
  parcels_zones_population: -4.3960624399097096e-05
  parcels_zones_retail_jobs: 0.0003647528639512828
  parcels_zones_transit_jobs_30min: 1.3243432104356759e-06
  parcels_zones_transit_jobs_50min: 2.6499322390597425e-07
  popden: 0.0011243651494412831
  residential_sqft: -0.0001870153713833303
  sqft_per_unit: 0.0011724622365953616
  vacant_job_spaces: -0.0031708568475955603
  year_built: 0.00014498996298985647
  zones_acres: 2.0034715417448876e-05
  zones_empden: -0.0002904907931504337
  zones_households: 0.00011193595914360867
  zones_logsum_job_high_income: -1.9038738819493185e-07
  zones_logsum_job_low_income: 1.1934367331564128e-08
  zones_logsum_pop_high_income: 1.9989999317487505e-07
  zones_logsum_pop_low_income: -4.612020806830386e-08
  zones_population: -3.406831498847134e-05
  zones_retail_jobs: 1.7122750406556536e-09
  zones_transit_jobs_30min: 8.516009318925163e-07
  zones_transit_jobs_50min: 2.0396763782226117e-07
sample_size: 420
score: 0.5321779738307426
