fit_filters:
- non_residential_sqft > 0
- sqft_price_nonres > 1
- sqft_price_nonres < 650
- hedonic_id == 9921
model_expression:
  left_side: np.log1p(sqft_price_nonres)
model_type: Regression
name: RegressionModel
predict_filters: hedonic_id == 9921
ytransform: np.exp
coef:
  b_total_jobs: 0.0005533468890527968
  building_age: -0.0017781955975074923
  building_sqft: 3.1573846456517526e-06
  crime_other_rate: 2.4601959639187126e-05
  crime_ucr_rate: 0.000268393531976288
  jobs_non_home_based: 8.833493758121946e-19
  jobs_within_30_min: 5.254477759860827e-08
  land_area: -7.71018680437919e-06
  nodes_walk_ave_nonres_sqft_price: 0.0002968003772949908
  nodes_walk_ave_unit_sqft: -6.678591815116543e-05
  nodes_walk_housing_cost: 4.691685048586493e-06
  nodes_walk_jobs: 8.501071926670196e-05
  nodes_walk_lowinc_hhs: 0.0003308839832210289
  nodes_walk_node_r1500_sqft: 7.324398572816153e-09
  nodes_walk_office: 0.00015791628658162144
  nodes_walk_population: -2.057795861943433e-05
  nodes_walk_retail: 0.0072342289320945
  nodes_walk_retail_jobs: 0.0003519843570575858
  parcel_sqft: -1.229040880399464e-07
  parcels_ave_unit_size: -6.362659792127788e-05
  parcels_total_sqft: -3.386075572367737e-08
  parcels_zones_households: 5.73403592177676e-05
  parcels_zones_jobs_within_30_min: -1.6535482365147457e-07
  parcels_zones_logsum_job_high_income: 2.604443115489885e-07
  parcels_zones_logsum_job_low_income: -1.0253793006920344e-07
  parcels_zones_logsum_pop_high_income: -4.991467804380152e-07
  parcels_zones_logsum_pop_low_income: 5.1456881910560545e-08
  parcels_zones_population: -3.050113881218895e-05
  parcels_zones_retail_jobs: -1.858024674562396e-05
  parcels_zones_transit_jobs_30min: -4.801585077858809e-06
  parcels_zones_transit_jobs_50min: 7.140886405562888e-07
  residential_sqft: 9.033517797692719e-05
  sqft_per_unit: 0.0002760623018129769
  year_built: 0.006210097108960106
  zones_acres: -4.326315549932593e-06
  zones_households: 6.218037870156513e-05
  zones_logsum_job_high_income: 2.2968058237655342e-07
  zones_logsum_job_low_income: -9.061273386166732e-08
  zones_logsum_pop_high_income: -1.895497788050196e-07
  zones_logsum_pop_low_income: 6.53816816654671e-08
  zones_population: -2.4905151300063762e-05
  zones_retail_jobs: -8.573272083089322e-07
  zones_transit_jobs_30min: -2.7822074331862083e-06
  zones_transit_jobs_50min: 7.006530050405804e-07
sample_size: 3355
score: 0.2782266929297905
