fit_filters:
- non_residential_sqft > 0
- sqft_price_nonres > 1
- sqft_price_nonres < 650
- hedonic_id == 16133
model_type: regression
name: RegressionModel
predict_filters: hedonic_id == 16133
target_variable: np.log1p(sqft_price_nonres)
ytransform: np.exp
fit_parameters:
  Coefficient:
    Intercept: -2.5498004258866565
    b_total_jobs: 0.00042258198531590655
    building_age: -0.0007594840345635501
    building_sqft: -5.193734632766118e-06
    crime_other_rate: -0.00026861147769835183
    crime_ucr_rate: 0.000556685421818881
    jobs_non_home_based: 2.62810782936418e-19
    jobs_within_30_min: 1.918409612020638e-06
    land_area: 6.871814812771621e-06
    nodes_walk_ave_nonres_sqft_price: 0.009800673683135034
    nodes_walk_ave_unit_sqft: -2.5282660279619737e-05
    nodes_walk_housing_cost: 3.377888298666397e-06
    nodes_walk_industrial: -0.0017828915132445152
    nodes_walk_jobs: 0.0001584805082592742
    nodes_walk_lowinc_hhs: 0.0010795875861724148
    nodes_walk_medical: -0.0009613156970830847
    nodes_walk_node_r1500_sqft: -3.3245964078673057e-09
    nodes_walk_office: 0.000671902202541971
    nodes_walk_race_1_hhs: -0.0004976424835667389
    nodes_walk_residential: -0.0009216773352292648
    nodes_walk_retail: -0.0030366214842050135
    nodes_walk_retail_jobs: -0.0001642774408936762
    parcel_sqft: -9.358606217542897e-08
    parcels_parcel_size: -4.004203837487675e-07
    parcels_pct_undev: 0.0008925404828404187
    parcels_total_job_spaces: 0.0002663105189044137
    parcels_total_sqft: -4.801201628369846e-07
    parcels_zones_jobs_within_30_min: 3.1232419237930267e-07
    school_district_achievement: 0.004505761900826146
    year_built: 0.0028125266105261844
    zones_acres: -3.342335721713819e-05
    zones_employment: 3.7608032504355276e-05
    zones_households: -0.00012556685895482225
    zones_logsum_job_high_income: 1.5481610145837428e-06
    zones_logsum_job_low_income: 2.154521198710278e-06
    zones_logsum_job_mid_income: -2.362233434227589e-06
    zones_logsum_pop_high_income: -1.8107111123011388e-06
    zones_logsum_pop_low_income: -1.790596825676359e-06
    zones_logsum_pop_mid_income: 2.3034334209297702e-06
    zones_population: 0.00011902244068735003
    zones_retail_jobs: -0.00018912385688697842
    zones_transit_jobs_30min: 1.33651372676325e-05
    zones_transit_jobs_50min: -4.174976030781336e-06
fit_rsquared: 0.6161276210032633
fitted: true
model_expression:
  left_side: np.log1p(sqft_price_nonres)
  right_side:
  - year_built
  - land_area
  - building_sqft
  - jobs_within_30_min
  - parcel_sqft
  - school_district_achievement
  - crime_ucr_rate
  - crime_other_rate
  - building_age
  - b_total_jobs
  - jobs_non_home_based
  - parcels_pct_undev
  - parcels_parcel_size
  - parcels_total_job_spaces
  - parcels_total_sqft
  - parcels_zones_jobs_within_30_min
  - zones_acres
  - zones_households
  - zones_population
  - zones_employment
  - zones_retail_jobs
  - zones_logsum_pop_high_income
  - zones_logsum_pop_mid_income
  - zones_logsum_pop_low_income
  - zones_logsum_job_high_income
  - zones_logsum_job_mid_income
  - zones_logsum_job_low_income
  - zones_transit_jobs_50min
  - zones_transit_jobs_30min
  - nodes_walk_lowinc_hhs
  - nodes_walk_race_1_hhs
  - nodes_walk_jobs
  - nodes_walk_retail_jobs
  - nodes_walk_node_r1500_sqft
  - nodes_walk_residential
  - nodes_walk_ave_nonres_sqft_price
  - nodes_walk_retail
  - nodes_walk_office
  - nodes_walk_industrial
  - nodes_walk_medical
  - nodes_walk_ave_unit_sqft
  - nodes_walk_housing_cost
sample_size: 560
