fit_filters:
- non_residential_sqft > 0
- sqft_price_nonres > 1
- sqft_price_nonres < 650
- hedonic_id == 9331
model_expression:
  left_side: np.log1p(sqft_price_nonres)
model_type: Regression
name: RegressionModel
predict_filters: hedonic_id == 9331
ytransform: np.exp
coef:
  Intercept: 2.4031918540624826
  b_total_jobs: 0.0010720465607505475
  building_age: -3.129115880178593e-05
  building_sqft: -2.7822802736967235e-06
  crime_other_rate: 2.6886874175219042e-05
  jobs_within_30_min: -3.637484658985786e-06
  land_area: 1.7831606746053808e-06
  nodes_walk_ave_unit_sqft: -5.742181965483962e-05
  nodes_walk_housing_cost: 3.971484465402812e-06
  nodes_walk_industrial: 0.016634885042386194
  nodes_walk_jobs: -6.871259645125518e-05
  nodes_walk_medical: -0.0005094804332019537
  nodes_walk_node_r1500_sqft: 5.712666929631598e-09
  nodes_walk_office: 5.1935514930734394e-05
  nodes_walk_population: -0.0002558385785246193
  nodes_walk_residential: -0.0012863676084146057
  nodes_walk_retail: -0.0003840874774174368
  nodes_walk_retail_jobs: 0.00024509349705178856
  parcel_sqft: -1.1788864036555699e-08
  parcels_ave_unit_size: -4.377266588235948e-06
  parcels_total_job_spaces: 0.00022334322349664744
  parcels_total_sqft: -2.4426411585011254e-07
  parcels_zones_employment: 5.014022446426172e-07
  parcels_zones_households: -0.000394800838292862
  parcels_zones_jobs_within_30_min: -8.06332956963637e-09
  parcels_zones_logsum_job_high_income: 2.3136665964292926e-07
  parcels_zones_logsum_job_low_income: 2.8719664222853442e-09
  parcels_zones_logsum_pop_high_income: 9.322510275807522e-07
  parcels_zones_logsum_pop_low_income: 3.426370929657522e-07
  parcels_zones_population: 0.00016061840864859878
  parcels_zones_retail_jobs: 8.317603689629041e-06
  parcels_zones_z_total_jobs: 2.8788505192999694e-06
  year_built: 0.00012569612111954206
  zones_acres: -4.2659177260586925e-05
  zones_employment: 1.4501446116042398e-05
  zones_households: -0.00034771267095778523
  zones_logsum_job_high_income: 2.680341657557209e-07
  zones_logsum_job_low_income: 3.2035102816359675e-09
  zones_logsum_pop_high_income: -2.663108525240493e-07
  zones_logsum_pop_low_income: 2.1320382300149507e-07
  zones_population: 0.00015512125056447022
  zones_retail_jobs: 2.9555170223872867e-05
  zones_z_total_jobs: 4.253361403201382e-08
sample_size: 417
score: 0.6817332265586425
