fit_filters:
- non_residential_sqft > 0
- sqft_price_nonres > 1
- sqft_price_nonres < 650
- hedonic_id == 365
model_expression:
  left_side: np.log1p(sqft_price_nonres)
model_type: Regression
name: RegressionModel
predict_filters: hedonic_id == 365
ytransform: np.exp
coef:
  b_total_jobs: 0.0036911349754731493
  building_age: -0.0012551271709365772
  building_sqft: 7.239715758905966e-06
  crime_other_rate: 1.5069256435323913e-05
  crime_ucr_rate: -0.000211363991705031
  jobs_non_home_based: 7.375095969422557e-16
  jobs_within_30_min: -1.2321924283413785e-08
  land_area: -4.320293918570242e-05
  nodes_walk_ave_nonres_sqft_price: 0.005425149516426743
  nodes_walk_ave_unit_sqft: -1.0902702785289126e-05
  nodes_walk_hhs_with_children: 4.00376688684136e-05
  nodes_walk_highinc_hhs: -3.525673224194067e-05
  nodes_walk_households: -0.00023836753020420516
  nodes_walk_housing_cost: -4.656650944360252e-07
  nodes_walk_industrial: 0.0010641079802399087
  nodes_walk_jobs: 6.778635460705993e-05
  nodes_walk_medical: 0.00010154657826830152
  nodes_walk_node_r1500_sqft: 1.879357424937404e-09
  nodes_walk_population: -1.3475992014127246e-06
  nodes_walk_race_2_hhs: -2.322816993985416e-05
  nodes_walk_race_3_hhs: -0.00024203519099410596
  nodes_walk_residential: 6.97715137992711e-05
  nodes_walk_retail_jobs: 6.718321816678041e-07
  parcel_sqft: -3.3257399263616204e-08
  parcels_ave_unit_size: -6.630674819349983e-06
  parcels_pptytax: -0.0004928194165082215
  parcels_total_sqft: 4.7906850906319475e-08
  parcels_zones_employment: 1.908048416537659e-05
  parcels_zones_jobs_within_30_min: 1.2882913112676986e-07
  parcels_zones_logsum_job_high_income: 5.174466734714096e-08
  parcels_zones_logsum_job_low_income: -4.6482463508987806e-08
  parcels_zones_logsum_pop_high_income: -3.851395031926778e-08
  parcels_zones_logsum_pop_low_income: 2.9199964605389355e-08
  parcels_zones_population: -2.3474303155630562e-05
  parcels_zones_retail_jobs: -5.533461960521534e-05
  parcels_zones_transit_jobs_30min: 3.5677034766800807e-06
  parcels_zones_transit_jobs_50min: 5.513985276716108e-07
  parcels_zones_z_total_jobs: 7.707893688194824e-06
  residential_sqft: 0.00013338658975002333
  vacant_job_spaces: -0.002803787950062723
  year_built: 0.007109828096556892
  zones_acres: -0.00015283888110500686
  zones_employment: 7.188355996781632e-06
  zones_logsum_job_high_income: 8.335206979003444e-08
  zones_logsum_job_low_income: -6.147078333761867e-08
  zones_logsum_pop_high_income: -5.017770021248897e-08
  zones_logsum_pop_low_income: -4.9954402986341353e-08
  zones_retail_jobs: -2.0568749739203958e-05
  zones_transit_jobs_30min: 2.116055712894266e-06
  zones_transit_jobs_50min: 2.428012048424796e-07
  zones_z_total_jobs: 1.8400869665577016e-06
sample_size: 1348
score: 0.4426291616755801
