fit_filters:
- non_residential_sqft > 0
- sqft_price_nonres > 1
- sqft_price_nonres < 650
- hedonic_id == 533
model_expression:
  left_side: np.log1p(sqft_price_nonres)
model_type: Regression
name: RegressionModel
predict_filters: hedonic_id == 533
ytransform: np.exp
coef:
  b_total_jobs: 0.0013561814754599237
  building_age: -4.31874928733514e-05
  building_sqft: 1.6197389045695263e-06
  crime_other_rate: 8.544109865469098e-06
  crime_ucr_rate: -4.30426071800816e-05
  jobs_non_home_based: 1.0918076161697292e-17
  jobs_within_30_min: -5.900367141417779e-07
  land_area: -5.869839908661016e-07
  nodes_walk_ave_nonres_sqft_price: 0.006177864243952504
  nodes_walk_ave_unit_sqft: -8.002455569220008e-05
  nodes_walk_hhs_with_children: -0.002597344955804803
  nodes_walk_housing_cost: 3.412062729331128e-06
  nodes_walk_jobs: 1.622273177127109e-05
  nodes_walk_medical: 0.00013280725934262138
  nodes_walk_node_r1500_sqft: 2.1943339750750628e-08
  nodes_walk_office: 0.0003382900487552331
  nodes_walk_population: 0.0003234108954588383
  nodes_walk_race_1_hhs: -0.000632557089528739
  nodes_walk_race_2_hhs: -1.3842034982978036e-05
  nodes_walk_race_3_hhs: 0.00025390459664144887
  nodes_walk_retail: -0.0010356890886483005
  nodes_walk_retail_jobs: 0.005717673937581039
  parcel_sqft: 1.2485691099147366e-06
  parcels_ave_unit_size: -7.627330193445393e-05
  parcels_parcel_size: -9.465096977269039e-07
  parcels_total_sqft: -4.46544388011322e-06
  parcels_zones_employment: -1.6959334335649936e-05
  parcels_zones_households: -2.2263425213874927e-05
  parcels_zones_jobs_within_30_min: 1.030632058654136e-07
  parcels_zones_logsum_job_high_income: 6.557904202456936e-08
  parcels_zones_logsum_job_low_income: 2.000245962824553e-08
  parcels_zones_logsum_pop_high_income: -7.502043311517236e-08
  parcels_zones_logsum_pop_low_income: -7.1428544414189125e-09
  parcels_zones_population: -1.4423373954369799e-05
  parcels_zones_retail_jobs: 0.00121498276118745
  parcels_zones_transit_jobs_30min: 4.500957102428319e-06
  parcels_zones_transit_jobs_50min: -1.8853917739833598e-06
  parcels_zones_z_total_jobs: -4.704890357191121e-06
  residential_sqft: 2.970233264985319e-06
  sqft_per_unit: 0.00029500627682722217
  year_built: 0.012304714285061859
  zones_employment: -5.396428710315145e-05
  zones_households: -5.0630374091356186e-06
  zones_logsum_job_high_income: 6.229016050993962e-08
  zones_logsum_job_low_income: 1.0505508227338147e-08
  zones_logsum_pop_high_income: -7.558222422682564e-08
  zones_logsum_pop_low_income: -2.2566305825375628e-08
  zones_retail_jobs: 0.0001166256938990464
  zones_transit_jobs_30min: 2.3064967022562317e-06
  zones_transit_jobs_50min: -1.692879086406465e-06
  zones_z_total_jobs: -1.0846864378752486e-05
sample_size: 1048
score: 0.42336313858625363
