fit_filters:
- non_residential_sqft > 0
- sqft_price_nonres > 1
- sqft_price_nonres < 650
- hedonic_id == 333
model_expression:
  left_side: np.log1p(sqft_price_nonres)
model_type: Regression
name: RegressionModel
predict_filters: hedonic_id == 333
ytransform: np.exp
coef:
  b_total_jobs: 0.0010855421042164813
  building_age: -0.00019632520778727826
  building_sqft: -1.019926302006152e-06
  crime_other_rate: -7.95046941021874e-07
  crime_ucr_rate: -0.000171255195029731
  jobs_within_30_min: 1.0625625462517316e-07
  land_area: -7.044105921924928e-07
  nodes_walk_ave_nonres_sqft_price: 0.007139963828919693
  nodes_walk_ave_unit_sqft: 6.067682819572927e-06
  nodes_walk_housing_cost: 3.457902332133527e-07
  nodes_walk_jobs: -3.206723363847517e-05
  nodes_walk_medical: -0.0008788427672142931
  nodes_walk_node_r1500_sqft: 1.5976647944010637e-08
  nodes_walk_population: -4.5785625677789286e-05
  nodes_walk_race_2_hhs: -9.65716788648421e-06
  nodes_walk_race_3_hhs: 0.0003805589667704403
  nodes_walk_residential: 6.0499627273215986e-05
  nodes_walk_retail: -4.786981333176763e-05
  parcel_sqft: 5.699764573770096e-07
  parcels_ave_unit_size: 7.354149038803131e-05
  parcels_pptytax: -0.0036888565392157774
  parcels_total_sqft: -1.49592043489798e-06
  parcels_zones_employment: 2.0527605585418758e-05
  parcels_zones_households: 0.00015088450799557172
  parcels_zones_jobs_within_30_min: 2.1493009086188026e-07
  parcels_zones_logsum_job_high_income: 1.5233385974478576e-07
  parcels_zones_logsum_job_low_income: -4.439774075591238e-07
  parcels_zones_logsum_pop_high_income: -1.178989552695987e-07
  parcels_zones_logsum_pop_low_income: 2.344013247773257e-07
  parcels_zones_population: -4.7980099851348664e-05
  parcels_zones_retail_jobs: 6.500760421974944e-05
  parcels_zones_transit_jobs_30min: 6.432803221780918e-07
  parcels_zones_transit_jobs_50min: 1.2235949725118379e-06
  residential_sqft: 1.9863175046034907e-05
  sqft_per_unit: 0.0001400120862264399
  vacant_job_spaces: -0.0018890096739399538
  year_built: 0.008229606316329057
  zones_acres: -0.00015250215722827643
  zones_employment: 2.5967104485258176e-06
  zones_households: 0.00014696568532972284
  zones_logsum_job_high_income: 1.410874172744116e-07
  zones_logsum_job_low_income: -4.156649982252705e-07
  zones_logsum_pop_high_income: -9.722533402056144e-08
  zones_logsum_pop_low_income: 2.732751797671299e-07
  zones_population: -4.435815903296881e-05
  zones_retail_jobs: 1.0040616765088385e-05
  zones_transit_jobs_30min: 1.3773809405676693e-08
  zones_transit_jobs_50min: 9.037342621794337e-07
sample_size: 848
score: 0.36052376907108363
