fit_filters:
- non_residential_sqft > 0
- sqft_price_nonres > 1
- sqft_price_nonres < 650
- hedonic_id == 11
model_expression:
  left_side: np.log1p(sqft_price_nonres)
model_type: Regression
name: RegressionModel
predict_filters: hedonic_id == 11
ytransform: np.exp
coef:
  Intercept: -10.045930908008815
  building_age: -0.0003719631084740703
  building_sqft: 1.5404433726555997e-05
  crime_other_rate: 0.00015020217300511934
  crime_ucr_rate: -0.0008174531785415034
  job_spaces: -0.0012515955729992376
  jobs_within_30_min: -2.2372342699875465e-06
  land_area: -3.6580794020297954e-06
  nodes_walk_ave_nonres_sqft_price: 9.876748860508228e-05
  nodes_walk_ave_unit_sqft: 0.00028308565229982573
  nodes_walk_hhs_with_children: 0.00023630195655788858
  nodes_walk_highinc_hhs: -0.0028599611969870975
  nodes_walk_households: -0.0003721262495097975
  nodes_walk_housing_cost: -2.6197422078691943e-06
  nodes_walk_jobs: -0.00018166309021905237
  nodes_walk_medical: 0.0025338503291111843
  nodes_walk_node_r1500_sqft: -7.972575226672295e-09
  nodes_walk_office: 0.005280895943838058
  nodes_walk_race_2_hhs: -0.0008500992765459222
  nodes_walk_race_3_hhs: 0.0014987144474241662
  nodes_walk_race_4_hhs: -0.002733511208967992
  nodes_walk_residential: 0.0014865803279362994
  nodes_walk_retail: -0.002505731207574514
  non_residential_units: -2.663161936189824e-19
  parcel_sqft: -4.1246840145933015e-07
  parcels_ave_unit_size: 0.00015566112833508908
  parcels_total_job_spaces: 0.002998948821896865
  parcels_total_sqft: -1.8775886434721052e-05
  parcels_zones_employment: 0.000317705576009716
  parcels_zones_households: -0.00023172620593810053
  parcels_zones_jobs_within_30_min: 1.045275647567188e-06
  parcels_zones_logsum_job_high_income: 3.6607798674629993e-07
  parcels_zones_logsum_job_low_income: -2.9184289764041787e-07
  parcels_zones_logsum_pop_high_income: 9.85322848554835e-07
  parcels_zones_logsum_pop_low_income: 3.1530821263958733e-07
  parcels_zones_population: 1.1482420673348526e-06
  parcels_zones_retail_jobs: 3.0000129608320747e-05
  parcels_zones_transit_jobs_30min: 1.8318267024218197e-05
  parcels_zones_transit_jobs_50min: -5.981972984101873e-07
  parcels_zones_z_total_jobs: -0.00020477916466073466
  residential_sqft: 4.201795752627165e-09
  sqft_per_unit: 0.00014468977447381758
  vacant_job_spaces: -0.006596509602522058
  year_built: 0.006513211450550407
  zones_acres: -0.00011156479825159923
  zones_employment: -4.068054634824612e-05
  zones_households: -1.0771142886808228e-05
  zones_logsum_job_high_income: 4.2593044726473357e-07
  zones_logsum_job_low_income: -2.760220177313685e-07
  zones_logsum_pop_high_income: -4.1467215854751764e-07
  zones_logsum_pop_low_income: 1.6041791210484505e-07
  zones_population: 7.146017926263104e-05
  zones_transit_jobs_30min: 1.2855313331646007e-05
  zones_transit_jobs_50min: -1.127184170200915e-06
  zones_z_total_jobs: -6.106804608995904e-05
sample_size: 160
score: 0.6896974079706424
