fit_filters:
- non_residential_sqft > 0
- sqft_price_nonres > 1
- sqft_price_nonres < 650
- hedonic_id == 331
model_type: regression
name: RegressionModel
predict_filters: hedonic_id == 331
target_variable: np.log1p(sqft_price_nonres)
ytransform: np.exp
fit_parameters:
  Coefficient:
    Intercept: 2.3291907085759584
    b_total_jobs: 2.245523699100053e-05
    building_age: -0.004448882491293142
    building_sqft: -1.6298298819171634e-06
    crime_other_rate: 0.00015862305198065965
    crime_ucr_rate: -0.0003376113617463842
    job_spaces: 0.0008018264431459263
    jobs_within_30_min: -8.823550012636179e-08
    land_area: 3.2995754398696195e-07
    nodes_walk_ave_unit_sqft: 2.9076205299383047e-06
    nodes_walk_housing_cost: 6.876612054747364e-08
    nodes_walk_industrial: 0.011256176877081418
    nodes_walk_jobs: 5.265126260149009e-05
    nodes_walk_lowinc_hhs: -0.00036241889312312573
    nodes_walk_medical: -0.0008402940600149181
    nodes_walk_midinc_hhs: 0.0001682276562666223
    nodes_walk_node_r1500_sqft: 1.6760876855985557e-08
    nodes_walk_office: 0.0001475569666030323
    nodes_walk_population: 6.084457918054905e-05
    nodes_walk_race_1_hhs: 0.00036184402286336344
    nodes_walk_residential: 0.0003091306046699407
    nodes_walk_retail: 0.0006315257257227317
    nodes_walk_retail_jobs: 9.10520559083987e-05
    non_residential_units: 1.1754674564415236e-16
    parcel_sqft: 1.444808848219357e-07
    parcels_ave_unit_size: 0.0001078436542824988
    parcels_parcel_size: -2.1299778197480248e-07
    parcels_pct_undev: 0.0011187844271192062
    parcels_total_job_spaces: 0.00019044924519398112
    parcels_total_sqft: -9.124191345989138e-07
    parcels_zones_jobs_within_30_min: 3.0377293594734237e-08
    year_built: 0.00012417530975831513
    zones_acres: -0.00011310760417582683
    zones_employment: 1.7310569482676116e-05
    zones_households: 0.0001776626809436761
    zones_logsum_job_high_income: -5.741451365256591e-07
    zones_logsum_job_low_income: -5.035305844908429e-07
    zones_logsum_job_mid_income: 1.6429708015166496e-07
    zones_logsum_pop_high_income: 3.484294452304919e-07
    zones_logsum_pop_low_income: 3.7156183309856986e-07
    zones_logsum_pop_mid_income: -4.632231738874989e-08
    zones_mean_age_of_head: 0.0008627158971982424
    zones_population: -5.542774440081833e-05
    zones_retail_jobs: 0.00016277355254022411
    zones_transit_jobs_30min: -2.0218969659136637e-05
    zones_transit_jobs_50min: -2.1570805218985187e-07
    zones_z_total_jobs: 2.5380999083112462e-05
fit_rsquared: 0.512723898501912
fit_rsquared_adj: 0.512723898501912
fitted: true
model_expression:
  left_side: np.log1p(sqft_price_nonres)
  right_side:
  - year_built
  - land_area
  - building_sqft
  - job_spaces
  - non_residential_units
  - jobs_within_30_min
  - parcel_sqft
  - crime_ucr_rate
  - crime_other_rate
  - building_age
  - b_total_jobs
  - parcels_pct_undev
  - parcels_parcel_size
  - parcels_ave_unit_size
  - parcels_total_job_spaces
  - parcels_total_sqft
  - parcels_zones_jobs_within_30_min
  - zones_acres
  - zones_households
  - zones_population
  - zones_employment
  - zones_retail_jobs
  - zones_logsum_pop_high_income
  - zones_logsum_pop_mid_income
  - zones_logsum_pop_low_income
  - zones_logsum_job_high_income
  - zones_logsum_job_mid_income
  - zones_logsum_job_low_income
  - zones_z_total_jobs
  - zones_transit_jobs_50min
  - zones_transit_jobs_30min
  - zones_mean_age_of_head
  - nodes_walk_population
  - nodes_walk_midinc_hhs
  - nodes_walk_lowinc_hhs
  - nodes_walk_race_1_hhs
  - nodes_walk_jobs
  - nodes_walk_retail_jobs
  - nodes_walk_node_r1500_sqft
  - nodes_walk_residential
  - nodes_walk_retail
  - nodes_walk_office
  - nodes_walk_industrial
  - nodes_walk_medical
  - nodes_walk_ave_unit_sqft
  - nodes_walk_housing_cost
sample_size: 2047
