fit_filters:
- non_residential_sqft > 0
- sqft_price_nonres > 1
- sqft_price_nonres < 650
- hedonic_id == 11
model_expression:
  left_side: np.log1p(sqft_price_nonres)
model_type: Regression
name: RegressionModel
predict_filters: hedonic_id == 11
ytransform: np.exp
coef:
  Intercept: -9.459411231486264
  building_age: -0.0006179256147025695
  building_sqft: 1.5215986427547176e-05
  crime_other_rate: 0.00014635193527828372
  crime_ucr_rate: -0.0008132653679143037
  job_spaces: -0.0014393094119555469
  jobs_within_30_min: -2.2788172525334266e-06
  land_area: -3.429398584047219e-06
  nodes_walk_ave_nonres_sqft_price: 0.00011238284933113
  nodes_walk_ave_unit_sqft: 0.0002768336678477148
  nodes_walk_hhs_with_children: 0.00035685883853053883
  nodes_walk_highinc_hhs: -0.0029622171236945763
  nodes_walk_households: -0.00041276839626067314
  nodes_walk_housing_cost: -2.719392881843326e-06
  nodes_walk_jobs: -0.00018114902770829155
  nodes_walk_medical: 0.002501841764560394
  nodes_walk_node_r1500_sqft: -7.437615294743417e-09
  nodes_walk_office: 0.005270820070668958
  nodes_walk_race_2_hhs: -0.0008260617082645956
  nodes_walk_race_3_hhs: 0.0015052646648379792
  nodes_walk_race_4_hhs: -0.0027683538953081864
  nodes_walk_residential: 0.0015326603692598618
  nodes_walk_retail: -0.002498184928978757
  parcel_sqft: -4.2787914878863365e-07
  parcels_ave_unit_size: 0.0001626981553774602
  parcels_total_job_spaces: 0.003179704047894911
  parcels_total_sqft: -1.86732099561115e-05
  parcels_zones_jobs_within_30_min: 1.029135856391318e-06
  sqft_per_unit: 0.00014656645599193623
  vacant_job_spaces: -0.00651654069702446
  year_built: 0.006194154814370255
  zones_acres: -0.00010964871766925695
  zones_employment: 0.00023931901191693433
  zones_households: -0.00024939336176545206
  zones_logsum_job_high_income: 5.923651005783727e-07
  zones_logsum_job_low_income: -5.652926123780518e-07
  zones_logsum_pop_high_income: 7.581690977425217e-07
  zones_logsum_pop_low_income: 4.7430740534943066e-07
  zones_population: 7.359506792012965e-05
  zones_retail_jobs: 2.1459486849750793e-05
  zones_transit_jobs_30min: 3.160212258938827e-05
  zones_transit_jobs_50min: -1.7576160656730099e-06
  zones_z_total_jobs: -0.00022672679005862422
sample_size: 160
score: 0.6900541232331547
