fit_filters:
- non_residential_sqft > 0
- sqft_price_nonres > 1
- sqft_price_nonres < 650
- hedonic_id == 9933
model_type: regression
name: RegressionModel
predict_filters: hedonic_id == 9933
target_variable: np.log1p(sqft_price_nonres)
ytransform: np.exp
fit_parameters:
  Coefficient:
    Intercept: -12.045967519341374
    building_age: -0.0006661842597935755
    building_sqft: -4.668263387802592e-06
    crime_other_rate: -6.467833956929134e-05
    crime_ucr_rate: -7.262630280014884e-05
    jobs_within_30_min: 5.248413682495879e-08
    land_area: 5.326465235407613e-06
    nodes_walk_ave_nonres_sqft_price: 0.00855871110056294
    nodes_walk_ave_unit_sqft: -6.571906551489509e-07
    nodes_walk_highinc_hhs: 0.0016450070041894697
    nodes_walk_housing_cost: 3.5475157265752966e-07
    nodes_walk_industrial: 0.004174549195053976
    nodes_walk_jobs: 0.00010875808997639369
    nodes_walk_medical: -0.0014849957228332835
    nodes_walk_midinc_hhs: -0.00032483990315071665
    nodes_walk_node_r1500_sqft: -2.3152850754167684e-08
    nodes_walk_office: -0.00037675675951661004
    nodes_walk_residential: 0.0006987074509193022
    nodes_walk_retail: -0.0005630428538665982
    nodes_walk_retail_jobs: -0.0004478026110020609
    parcel_sqft: -1.1281201994454298e-07
    parcels_ave_unit_size: -2.0262854900885963e-05
    parcels_parcel_size: 1.7620303440162737e-07
    parcels_total_job_spaces: 0.00082529282429532
    parcels_total_sqft: -1.3141111966852581e-06
    parcels_zones_jobs_within_30_min: 1.6443518604559794e-07
    year_built: 0.007647770548781325
    zones_acres: 9.878854360584574e-06
    zones_employment: 6.427390712913801e-08
    zones_households: -0.00037953458563886884
    zones_logsum_job_high_income: -2.3094620486254594e-07
    zones_logsum_job_low_income: 4.350257443822624e-07
    zones_logsum_job_mid_income: 1.5694528103751866e-07
    zones_logsum_pop_high_income: 1.3854449904613999e-07
    zones_logsum_pop_low_income: -3.379239096761308e-07
    zones_logsum_pop_mid_income: -7.784807538082018e-08
    zones_population: 0.00014089665299631043
    zones_retail_jobs: -8.930714056680665e-05
    zones_transit_jobs_30min: 8.197386397181537e-06
    zones_transit_jobs_50min: -2.946872584022699e-07
    zones_z_total_jobs: 6.354825742994953e-07
fit_rsquared: 0.3993199742975667
fitted: true
model_expression:
  left_side: np.log1p(sqft_price_nonres)
  right_side:
  - year_built
  - land_area
  - building_sqft
  - jobs_within_30_min
  - parcel_sqft
  - crime_ucr_rate
  - crime_other_rate
  - building_age
  - parcels_parcel_size
  - parcels_ave_unit_size
  - parcels_total_job_spaces
  - parcels_total_sqft
  - parcels_zones_jobs_within_30_min
  - zones_acres
  - zones_households
  - zones_population
  - zones_employment
  - zones_retail_jobs
  - zones_logsum_pop_high_income
  - zones_logsum_pop_mid_income
  - zones_logsum_pop_low_income
  - zones_logsum_job_high_income
  - zones_logsum_job_mid_income
  - zones_logsum_job_low_income
  - zones_z_total_jobs
  - zones_transit_jobs_50min
  - zones_transit_jobs_30min
  - nodes_walk_midinc_hhs
  - nodes_walk_highinc_hhs
  - nodes_walk_jobs
  - nodes_walk_retail_jobs
  - nodes_walk_node_r1500_sqft
  - nodes_walk_residential
  - nodes_walk_ave_nonres_sqft_price
  - nodes_walk_retail
  - nodes_walk_office
  - nodes_walk_industrial
  - nodes_walk_medical
  - nodes_walk_ave_unit_sqft
  - nodes_walk_housing_cost
sample_size: 1282
