fit_filters:
- non_residential_sqft > 0
- sqft_price_nonres > 1
- sqft_price_nonres < 650
- hedonic_id == 9331
model_expression:
  left_side: np.log1p(sqft_price_nonres)
model_type: Regression
name: RegressionModel
predict_filters: hedonic_id == 9331
ytransform: np.exp
coef:
  b_total_jobs: 0.0015155392016351777
  building_age: -4.3790500852654475e-05
  building_sqft: -2.195402678509046e-06
  crime_other_rate: 8.555577945681138e-05
  crime_ucr_rate: 0.00024053374887442297
  jobs_non_home_based: 1.1838704956674863e-20
  jobs_within_30_min: -2.766789180046731e-06
  land_area: 1.7222682805435962e-06
  nodes_walk_housing_cost: -6.111913919640175e-07
  nodes_walk_industrial: 0.011640547266165988
  nodes_walk_jobs: -0.0001536695624204009
  nodes_walk_medical: -0.000703231222327373
  nodes_walk_node_r1500_sqft: 1.4831429525449746e-09
  nodes_walk_office: -4.7800973077228654e-05
  nodes_walk_population: -2.2495790002241037e-05
  nodes_walk_residential: -0.00013291485294985084
  nodes_walk_retail: -0.0005202793520335049
  nodes_walk_retail_jobs: 0.0002332839945559557
  parcel_sqft: -1.899001429248483e-08
  parcels_total_sqft: -1.390866747316467e-06
  parcels_zones_households: -0.0004511282443947273
  parcels_zones_logsum_job_high_income: -7.653990771958583e-07
  parcels_zones_logsum_job_low_income: -2.8565164608099965e-06
  parcels_zones_logsum_pop_high_income: 1.5118756156036832e-06
  parcels_zones_logsum_pop_low_income: 1.3269175540745318e-06
  parcels_zones_population: 0.0002028854525102133
  parcels_zones_retail_jobs: 2.068245693591321e-06
  parcels_zones_z_total_jobs: 7.354079386466897e-07
  year_built: 0.00039468028907734237
  zones_acres: -4.6911767788028974e-05
  zones_employment: 2.254815217774556e-05
  zones_households: -0.0004818021754832222
  zones_logsum_job_high_income: -8.010785007978093e-07
  zones_logsum_job_low_income: -2.6750218286606978e-06
  zones_logsum_pop_high_income: 6.558901396747073e-07
  zones_logsum_pop_low_income: 1.4137660645479444e-06
  zones_population: 0.00019397470272333845
  zones_retail_jobs: 0.00013919981794745145
  zones_z_total_jobs: 1.6327395838022649e-06
sample_size: 283
score: 0.600044502863608
