fit_filters:
- non_residential_sqft > 0
- sqft_price_nonres > 1
- sqft_price_nonres < 650
- hedonic_id == 12521
model_expression:
  left_side: np.log1p(sqft_price_nonres)
model_type: Regression
name: RegressionModel
predict_filters: hedonic_id == 12521
ytransform: np.exp
coef:
  Intercept: -4.543029018250467
  building_age: -7.225961127773279e-07
  building_sqft: 3.838003966088407e-06
  crime_ucr_rate: -9.396864444673696e-05
  jobs_within_30_min: -8.664085352761501e-08
  land_area: -2.562925882787803e-06
  nodes_walk_ave_nonres_sqft_price: 0.002044660145832168
  nodes_walk_ave_unit_sqft: -3.7658950983821203e-07
  nodes_walk_housing_cost: 1.1710097542561115e-07
  nodes_walk_industrial: -0.00013089719783403373
  nodes_walk_jobs: 2.744130892819752e-05
  nodes_walk_medical: 0.0004503506794847734
  nodes_walk_node_r1500_sqft: 5.990911450744479e-09
  nodes_walk_population: 5.3308971291283736e-05
  nodes_walk_race_2_hhs: 6.259302525725832e-05
  nodes_walk_retail: 0.006196636642613779
  nodes_walk_retail_jobs: 0.0003255567464155976
  parcel_sqft: 1.488606308830875e-07
  parcels_ave_unit_size: -7.255575864060074e-07
  parcels_total_sqft: -2.730952966045419e-06
  parcels_zones_employment: -9.05497498452969e-06
  parcels_zones_jobs_within_30_min: 4.773745997888032e-09
  parcels_zones_logsum_job_high_income: -5.4469209617940664e-08
  parcels_zones_logsum_job_low_income: 1.1433898518538973e-07
  parcels_zones_logsum_pop_high_income: 7.182790895586011e-08
  parcels_zones_logsum_pop_low_income: -7.764979070399122e-09
  parcels_zones_population: 4.38780128822524e-08
  parcels_zones_retail_jobs: -3.221936677178188e-05
  parcels_zones_transit_jobs_30min: 1.0145635749298118e-06
  parcels_zones_transit_jobs_50min: 2.460171342999267e-09
  parcels_zones_z_total_jobs: -1.0042593104319628e-05
  residential_sqft: 3.9768175565970646e-05
  sqft_per_unit: 0.00023759629617370093
  vacant_job_spaces: -0.0030076557983321926
  year_built: 0.00409219222296082
  zones_acres: -1.7961040526208823e-05
  zones_employment: -1.7087182444182845e-06
  zones_logsum_job_high_income: -3.140695081603121e-08
  zones_logsum_job_low_income: 9.602744846256644e-08
  zones_logsum_pop_high_income: 3.6216393244879046e-08
  zones_logsum_pop_low_income: -1.0970628343819869e-07
  zones_population: 8.964541302977815e-08
  zones_retail_jobs: -7.566400175803523e-06
  zones_transit_jobs_30min: 9.47504212952862e-12
  zones_z_total_jobs: -6.22922317819877e-07
sample_size: 6027
score: 0.33629796118741806
