fit_filters:
- non_residential_sqft > 0
- sqft_price_nonres > 1
- sqft_price_nonres < 650
- hedonic_id == 14733
model_expression:
  left_side: np.log1p(sqft_price_nonres)
model_type: Regression
name: RegressionModel
predict_filters: hedonic_id == 14733
ytransform: np.exp
coef:
  building_age: -0.0007908580233221786
  building_sqft: -1.1344540345795038e-06
  crime_other_rate: 0.00012656549325187265
  crime_ucr_rate: -0.0009043254112057043
  job_spaces: 0.0032691036219422214
  jobs_within_30_min: 6.7074785965674956e-06
  land_area: 1.0381895424268168e-06
  nodes_walk_ave_nonres_sqft_price: 0.011174952769558889
  nodes_walk_ave_unit_sqft: 1.596839138656817e-05
  nodes_walk_highinc_hhs: -0.0021589452134986253
  nodes_walk_housing_cost: -4.706493316543141e-06
  nodes_walk_industrial: 0.001117085155050227
  nodes_walk_jobs: 1.1980487407308138e-05
  nodes_walk_lowinc_hhs: 0.0035043484593264853
  nodes_walk_node_r1500_sqft: -2.4937587664625274e-08
  nodes_walk_population: -0.00042616745813340434
  nodes_walk_retail_jobs: -0.002534335287589857
  parcel_sqft: -3.715183368665692e-07
  parcels_ave_unit_size: 0.00034794066227434667
  parcels_landvalue: 7.967546324417876e-07
  parcels_total_job_spaces: 0.0006604938443485794
  parcels_total_sqft: -2.248123192531937e-06
  parcels_zones_employment: -0.0002451151176713395
  parcels_zones_households: 0.00018852979029811278
  parcels_zones_jobs_within_30_min: 6.540181521536249e-06
  parcels_zones_logsum_job_high_income: 3.7347102122824704e-06
  parcels_zones_logsum_job_low_income: 2.5707031500751106e-06
  parcels_zones_logsum_pop_high_income: -2.0931074165539847e-06
  parcels_zones_logsum_pop_low_income: -9.90090734039147e-07
  parcels_zones_retail_jobs: 0.00043565011989106864
  parcels_zones_transit_jobs_30min: -2.3099297654030984e-05
  parcels_zones_transit_jobs_50min: -3.5550585377508688e-06
  parcels_zones_z_total_jobs: -9.885696693705194e-05
  year_built: 0.00502845440903841
  zones_acres: 3.781162067502635e-05
  zones_employment: -5.903917189337157e-06
  zones_logsum_job_high_income: 3.673704087467875e-06
  zones_logsum_job_low_income: 2.570137017266633e-06
  zones_logsum_pop_high_income: -1.7802648389227228e-06
  zones_logsum_pop_low_income: -9.222140033541558e-07
  zones_retail_jobs: 0.0002509307730656014
  zones_transit_jobs_30min: -2.8717535667307812e-05
  zones_transit_jobs_50min: -4.333677054508098e-06
  zones_z_total_jobs: -4.727326940084091e-06
sample_size: 91
score: 0.40033013514915883
