fit_filters:
- non_residential_sqft > 0
- sqft_price_nonres > 1
- sqft_price_nonres < 650
- hedonic_id == 12521
model_type: regression
name: RegressionModel
predict_filters: hedonic_id == 12521
target_variable: np.log1p(sqft_price_nonres)
ytransform: np.exp
fit_parameters:
  Coefficient:
    Intercept: -4.537564832436285
    building_age: -5.175078849022066e-06
    building_sqft: 4.792752927275071e-06
    crime_ucr_rate: -9.928967458280061e-05
    jobs_within_30_min: -3.9571424958646366e-08
    land_area: -3.600623889780782e-06
    nodes_walk_ave_nonres_sqft_price: 0.002114981983595904
    nodes_walk_housing_cost: 2.0695784180995651e-07
    nodes_walk_industrial: -0.00014845092458114898
    nodes_walk_jobs: 2.9478337211784606e-05
    nodes_walk_medical: 0.0004397541296264249
    nodes_walk_node_r1500_sqft: 5.9393890166690205e-09
    nodes_walk_population: 5.6798968892394504e-05
    nodes_walk_race_2_hhs: 4.991296462678891e-05
    nodes_walk_retail: 0.006114152804377331
    nodes_walk_retail_jobs: 0.0003068422274149468
    parcel_sqft: 4.856566202149554e-07
    parcels_ave_unit_size: -5.619342019772199e-06
    parcels_parcel_size: -6.574489076544833e-07
    parcels_pct_undev: 0.00045610017189726934
    parcels_total_sqft: -3.474008602258672e-06
    parcels_zones_jobs_within_30_min: -4.536158415584392e-09
    residential_sqft: 4.322212783552004e-05
    sqft_per_unit: 0.00023364537394515074
    vacant_job_spaces: -0.0030128445255955373
    year_built: 0.0040955922640607805
    zones_acres: -1.2604483261571944e-05
    zones_employment: -1.6621996193997725e-05
    zones_logsum_job_high_income: -3.711909717387655e-08
    zones_logsum_job_low_income: 2.9312769724149316e-07
    zones_logsum_job_mid_income: -2.3821908132294417e-08
    zones_logsum_pop_high_income: 4.2408410876175245e-08
    zones_logsum_pop_low_income: -1.6084948169506598e-07
    zones_logsum_pop_mid_income: -1.384463793474488e-08
    zones_retail_jobs: -7.205594556135162e-05
    zones_transit_jobs_30min: 1.4038826423746663e-06
    zones_transit_jobs_50min: 2.5006068645516957e-07
    zones_z_total_jobs: -2.304910357342759e-06
fit_rsquared: 0.3400071718162585
fitted: true
sample_size: 6027
