fit_filters:
- non_residential_sqft > 0
- sqft_price_nonres > 1
- sqft_price_nonres < 650
- hedonic_id == 365
model_type: regression
name: RegressionModel
predict_filters: hedonic_id == 365
target_variable: np.log1p(sqft_price_nonres)
ytransform: np.exp
fit_parameters:
  Coefficient:
    Intercept: -9.955731668936433
    b_total_jobs: 0.002124735978824838
    building_age: -0.00022065751875858632
    building_sqft: 1.3413334518053406e-05
    crime_other_rate: 4.284412442095439e-06
    crime_ucr_rate: -0.00011598551834416426
    jobs_within_30_min: -4.164249940476434e-08
    land_area: -1.6413495540912656e-05
    nodes_walk_ave_nonres_sqft_price: 0.006298532906308813
    nodes_walk_ave_unit_sqft: -1.5294674940067136e-05
    nodes_walk_households: -0.0001425630535931261
    nodes_walk_housing_cost: -1.7483991419329155e-06
    nodes_walk_industrial: 0.001134587135794371
    nodes_walk_jobs: 8.675721864455427e-05
    nodes_walk_medical: 1.2622617834004492e-06
    nodes_walk_node_r1500_sqft: -1.9865802088733336e-09
    nodes_walk_race_3_hhs: -0.0005128048089001625
    nodes_walk_residential: 0.0002970647971645065
    nodes_walk_retail_jobs: 1.062243942776069e-05
    parcel_sqft: -1.1307392175415419e-07
    parcels_parcel_size: 2.7304515279932076e-07
    parcels_pct_undev: -0.00014934490501439512
    parcels_total_job_spaces: 0.0013329992637933898
    parcels_total_sqft: -4.6688363554375085e-06
    parcels_zones_jobs_within_30_min: 7.908932465052027e-08
    residential_sqft: 0.0001262850286765247
    vacant_job_spaces: -0.0050103299630871
    year_built: 0.007265009178190256
    zones_acres: -0.00015989132175432412
    zones_employment: 2.6948728249951445e-05
    zones_households: -6.075949146626028e-06
    zones_logsum_job_high_income: 2.3501184589273684e-07
    zones_logsum_job_low_income: -2.336075874349687e-07
    zones_logsum_job_mid_income: 4.391831307253225e-08
    zones_logsum_pop_high_income: -1.7335679753439008e-07
    zones_logsum_pop_low_income: -3.3564261454993415e-09
    zones_logsum_pop_mid_income: 1.4720207680459187e-08
    zones_population: -1.1079715855072257e-06
    zones_retail_jobs: -7.754770422220297e-05
    zones_transit_jobs_30min: 1.089094269206284e-06
    zones_transit_jobs_50min: 1.6022744030178615e-06
    zones_z_total_jobs: 1.6101699458146335e-06
  Std. Error: {}
  T-Score: {}
fit_rsquared: 0.4256706713607078
fit_rsquared_adj: 0.4256706713607078
fitted: true
model_expression:
  left_side: np.log1p(sqft_price_nonres)
  right_side:
  - year_built
  - land_area
  - residential_sqft
  - building_sqft
  - jobs_within_30_min
  - vacant_job_spaces
  - parcel_sqft
  - crime_ucr_rate
  - crime_other_rate
  - building_age
  - b_total_jobs
  - parcels_pct_undev
  - parcels_parcel_size
  - parcels_total_job_spaces
  - parcels_total_sqft
  - parcels_zones_jobs_within_30_min
  - zones_acres
  - zones_households
  - zones_population
  - zones_employment
  - zones_retail_jobs
  - zones_logsum_pop_high_income
  - zones_logsum_pop_mid_income
  - zones_logsum_pop_low_income
  - zones_logsum_job_high_income
  - zones_logsum_job_mid_income
  - zones_logsum_job_low_income
  - zones_z_total_jobs
  - zones_transit_jobs_50min
  - zones_transit_jobs_30min
  - nodes_walk_households
  - nodes_walk_race_3_hhs
  - nodes_walk_jobs
  - nodes_walk_retail_jobs
  - nodes_walk_node_r1500_sqft
  - nodes_walk_residential
  - nodes_walk_ave_nonres_sqft_price
  - nodes_walk_industrial
  - nodes_walk_medical
  - nodes_walk_ave_unit_sqft
  - nodes_walk_housing_cost
sample_size: 1431
