fit_filters:
- non_residential_sqft > 0
- sqft_price_nonres > 1
- sqft_price_nonres < 650
- hedonic_id == 9351
model_expression:
  left_side: np.log1p(sqft_price_nonres)
model_type: Regression
name: RegressionModel
predict_filters: hedonic_id == 9351
ytransform: np.exp
coef:
  b_total_jobs: -0.0008906886020377122
  building_age: -0.0003225414523966424
  building_sqft: -3.116062827993671e-06
  crime_other_rate: 0.0001485884918797369
  crime_ucr_rate: 0.00024493645111723874
  jobs_non_home_based: -5.1289968613192485e-17
  jobs_within_30_min: -1.962350069692846e-07
  land_area: 3.963849427622028e-06
  nodes_walk_ave_nonres_sqft_price: -0.0009268307943272096
  nodes_walk_ave_unit_sqft: -2.8633537957536077e-05
  nodes_walk_housing_cost: 2.1912600396794204e-07
  nodes_walk_industrial: -0.00024828388305073195
  nodes_walk_jobs: 4.0685425535595064e-05
  nodes_walk_medical: 0.005735144917842784
  nodes_walk_node_r1500_sqft: -9.763259979758117e-09
  nodes_walk_office: 6.502749976592244e-05
  nodes_walk_population: -0.0003906316157564569
  nodes_walk_retail: -0.0007777909512977966
  parcel_sqft: 4.2446705000105856e-07
  parcels_ave_unit_size: -2.2013269310262297e-05
  parcels_total_sqft: -6.912736334220683e-07
  parcels_zones_employment: 2.5371363822574896e-05
  parcels_zones_households: 8.637409920681112e-05
  parcels_zones_jobs_within_30_min: 5.386939165165105e-07
  parcels_zones_logsum_job_high_income: -2.2157654409559576e-06
  parcels_zones_logsum_job_low_income: -4.6098408718567705e-06
  parcels_zones_logsum_pop_high_income: -1.3514660994294608e-08
  parcels_zones_logsum_pop_low_income: 8.951449118446883e-06
  parcels_zones_retail_jobs: -0.00013757001783277941
  parcels_zones_z_total_jobs: 3.6806808005113284e-05
  year_built: 0.0027599408191592706
  zones_acres: -6.791595011702969e-05
  zones_households: 0.00010373205105328083
  zones_logsum_job_high_income: -2.0336063455131507e-06
  zones_logsum_job_low_income: -5.2944006092915696e-06
  zones_logsum_pop_high_income: -3.339028380766566e-08
  zones_logsum_pop_low_income: 8.467297952526616e-06
  zones_retail_jobs: -7.473757789902865e-05
  zones_z_total_jobs: 1.880633485222776e-05
sample_size: 76
score: 0.7794192731018652
