fit_filters:
- non_residential_sqft > 0
- sqft_price_nonres > 1
- sqft_price_nonres < 650
- hedonic_id == 14711
model_expression:
  left_side: np.log1p(sqft_price_nonres)
model_type: Regression
name: RegressionModel
predict_filters: hedonic_id == 14711
ytransform: np.exp
coef:
  building_sqft: -3.086384520351964e-05
  job_spaces: 0.0031866672709571662
  jobs_within_30_min: -3.457633472305701e-05
  land_area: -3.307576234247554e-05
  nodes_walk_node_r1500_sqft: -9.184987200893223e-09
  non_residential_units: 3.0653702165671883e-16
  parcel_sqft: -6.184633129038349e-06
  parcels_landvalue: 1.8982299251107115e-05
  parcels_total_sqft: -2.2749729367499375e-05
  parcels_zones_jobs_within_30_min: -5.463971348690006e-05
  parcels_zones_logsum_job_high_income: -2.7456119108562307e-06
  parcels_zones_logsum_job_low_income: -2.2044845446868244e-06
  parcels_zones_logsum_pop_high_income: 5.52032325510541e-07
  parcels_zones_logsum_pop_low_income: -4.603828762753676e-06
  zones_logsum_job_high_income: -1.6107262299403335e-07
  zones_logsum_job_low_income: -5.3171435580234334e-08
  zones_logsum_pop_high_income: -4.2537579888707597e-07
  zones_logsum_pop_low_income: -3.808881754553148e-07
sample_size: 5
score: 0.9986611281507596
