fit_filters:
- non_residential_sqft > 0
- sqft_price_nonres > 1
- sqft_price_nonres < 650
- hedonic_id == 11
model_expression:
  left_side: np.log1p(sqft_price_nonres)
model_type: Regression
name: RegressionModel
predict_filters: hedonic_id == 11
ytransform: np.exp
coef:
  Intercept: -10.0223672894875
  building_age: -0.0003734036396147976
  building_sqft: 1.5411353579709957e-05
  crime_other_rate: 0.00015004517056174197
  crime_ucr_rate: -0.000816602780167217
  job_spaces: -0.0012558745082367731
  jobs_within_30_min: -2.238791764871228e-06
  land_area: -3.6618844260394447e-06
  nodes_walk_ave_nonres_sqft_price: 8.860233288148669e-05
  nodes_walk_ave_unit_sqft: 0.00028340282165824023
  nodes_walk_hhs_with_children: 0.00025406817804171894
  nodes_walk_highinc_hhs: -0.002816489512437169
  nodes_walk_households: -0.0003880574604928843
  nodes_walk_housing_cost: -2.621981432230724e-06
  nodes_walk_jobs: -0.00018169497111343504
  nodes_walk_medical: 0.0025396665678252325
  nodes_walk_node_r1500_sqft: -8.102321130994956e-09
  nodes_walk_office: 0.005285660519857381
  nodes_walk_race_2_hhs: -0.0008416919770018296
  nodes_walk_race_3_hhs: 0.0015197094767122055
  nodes_walk_race_4_hhs: -0.002715268295725912
  nodes_walk_residential: 0.0014805672238592702
  nodes_walk_retail: -0.0024926852177977565
  non_residential_units: -1.66447621011864e-19
  parcel_sqft: -4.134214631681075e-07
  parcels_ave_unit_size: 0.00015568507830088308
  parcels_total_job_spaces: 0.0030032540925454695
  parcels_total_sqft: -1.877479324968799e-05
  parcels_zones_employment: 0.0003170252246470988
  parcels_zones_households: -0.00023165524995494318
  parcels_zones_jobs_within_30_min: 1.0444032241781418e-06
  parcels_zones_logsum_job_high_income: 3.6365223071001107e-07
  parcels_zones_logsum_job_low_income: -2.9172074841168007e-07
  parcels_zones_logsum_pop_high_income: 9.872874407656623e-07
  parcels_zones_logsum_pop_low_income: 3.152182114073487e-07
  parcels_zones_population: 1.071388324460971e-06
  parcels_zones_retail_jobs: 2.9090153277229336e-05
  parcels_zones_transit_jobs_30min: 1.8340536719568072e-05
  parcels_zones_transit_jobs_50min: -6.043133215530169e-07
  parcels_zones_z_total_jobs: -0.00020427184917482105
  residential_sqft: 4.097463539264354e-09
  sqft_per_unit: 0.00014486086307732678
  vacant_job_spaces: -0.006608860416258781
  year_built: 0.006501292512159895
  zones_acres: -0.00011114435807293692
  zones_employment: -4.078343201916998e-05
  zones_households: -1.0545967709942144e-05
  zones_logsum_job_high_income: 4.235611243181417e-07
  zones_logsum_job_low_income: -2.7595493326309545e-07
  zones_logsum_pop_high_income: -4.117907265455631e-07
  zones_logsum_pop_low_income: 1.6033854819664833e-07
  zones_population: 7.090960305298129e-05
  zones_transit_jobs_30min: 1.2882883132654182e-05
  zones_transit_jobs_50min: -1.1336400458799022e-06
  zones_z_total_jobs: -6.087262982524336e-05
sample_size: 160
score: 0.6896929920652
