fit_filters:
- non_residential_sqft > 0
- sqft_price_nonres > 1
- sqft_price_nonres < 650
- hedonic_id == 9331
model_expression:
  left_side: np.log1p(sqft_price_nonres)
model_type: Regression
name: RegressionModel
predict_filters: hedonic_id == 9331
ytransform: np.exp
coef:
  Intercept: 2.4039871846909318
  b_total_jobs: 0.001072981428414985
  building_age: -3.1443779515785786e-05
  building_sqft: -2.7819569447749537e-06
  crime_other_rate: 2.6730561652202397e-05
  jobs_within_30_min: -3.633389102407076e-06
  land_area: 1.7801687968045727e-06
  nodes_walk_ave_unit_sqft: -5.7345084584425145e-05
  nodes_walk_housing_cost: 3.978284665524793e-06
  nodes_walk_industrial: 0.016633245163169517
  nodes_walk_jobs: -6.859649989676127e-05
  nodes_walk_medical: -0.0005092952709939607
  nodes_walk_node_r1500_sqft: 5.720315003049971e-09
  nodes_walk_office: 5.174991768098903e-05
  nodes_walk_population: -0.00025774867452067133
  nodes_walk_residential: -0.0012891772925324276
  nodes_walk_retail: -0.0003832626177511551
  nodes_walk_retail_jobs: 0.0002450712150173164
  parcel_sqft: -1.179355919195788e-08
  parcels_ave_unit_size: -4.373289259912623e-06
  parcels_total_job_spaces: 0.00022127017336788575
  parcels_total_sqft: -2.400596400111748e-07
  parcels_zones_employment: 5.012723321111139e-07
  parcels_zones_households: -0.0003945528342457224
  parcels_zones_jobs_within_30_min: -8.106132735801753e-09
  parcels_zones_logsum_job_high_income: 2.2957187325969872e-07
  parcels_zones_logsum_job_low_income: 2.9255447480041357e-09
  parcels_zones_logsum_pop_high_income: 9.301588579292342e-07
  parcels_zones_logsum_pop_low_income: 3.4842667947698127e-07
  parcels_zones_population: 0.00016053060762481432
  parcels_zones_retail_jobs: 8.34778388382466e-06
  parcels_zones_z_total_jobs: 3.0380257195364973e-06
  year_built: 0.0001262121603497565
  zones_acres: -4.269026082092562e-05
  zones_employment: 1.4537455645715509e-05
  zones_households: -0.00034778345552625295
  zones_logsum_job_high_income: 2.662928804180193e-07
  zones_logsum_job_low_income: 3.2583975729677077e-09
  zones_logsum_pop_high_income: -2.66863003433221e-07
  zones_logsum_pop_low_income: 2.1874222573673429e-07
  zones_population: 0.00015515077510753282
  zones_retail_jobs: 2.9532165167471708e-05
  zones_z_total_jobs: 4.293897341438134e-08
sample_size: 417
score: 0.6817251526637649
