fit_filters:
- non_residential_sqft > 0
- sqft_price_nonres > 1
- sqft_price_nonres < 650
- hedonic_id == 32
model_expression:
  left_side: np.log1p(sqft_price_nonres)
model_type: Regression
name: RegressionModel
predict_filters: hedonic_id == 32
ytransform: np.exp
coef:
  Intercept: -2.190393022682391
  building_age: -0.0033979129839027795
  building_sqft: -3.7652249642556823e-06
  crime_other_rate: 2.818767265637941e-05
  crime_ucr_rate: -7.868986311456321e-05
  job_spaces: 0.0015816276811505344
  jobs_within_30_min: -7.362830502632287e-08
  land_area: 7.620988448602341e-07
  nodes_walk_hhs_with_children: -0.0005357507296474047
  nodes_walk_housing_cost: -1.1214648012789103e-06
  nodes_walk_industrial: 0.009677318184094764
  nodes_walk_jobs: -1.41917299405167e-06
  nodes_walk_medical: 0.0004666750934111151
  nodes_walk_midinc_hhs: -0.0001810756448894858
  nodes_walk_node_r1500_sqft: -5.152633507506116e-09
  nodes_walk_office: -5.4317965320652415e-05
  nodes_walk_population: 6.324913994722943e-05
  nodes_walk_race_1_hhs: 0.0008981455119892337
  nodes_walk_race_2_hhs: -0.0005424712620416623
  nodes_walk_residential: 0.00023837636012841285
  nodes_walk_retail: -7.949442149073197e-05
  non_residential_units: 1.159966364039326e-16
  parcel_sqft: -1.4520536602815743e-07
  parcels_ave_unit_size: 9.334155984797932e-05
  parcels_total_job_spaces: 0.0001457852851571886
  parcels_total_sqft: -2.0546724440211545e-07
  parcels_zones_jobs_within_30_min: 9.571886109029219e-08
  school_district_achievement: 0.0013909781787859396
  vacant_job_spaces: 0.0008880146758595349
  year_built: 0.0028516221718553948
  zones_acres: -1.2488026533617576e-05
  zones_employment: 1.277178085463632e-06
  zones_households: -0.0007826509766131129
  zones_logsum_job_high_income: 8.037613753587771e-08
  zones_logsum_job_low_income: 1.5990664860208039e-07
  zones_logsum_pop_high_income: -6.321803783748746e-08
  zones_logsum_pop_low_income: -2.680457063392131e-07
  zones_population: 0.00028962348207976535
  zones_retail_jobs: -8.52809351673886e-05
  zones_transit_jobs_30min: -4.86483323854981e-07
  zones_transit_jobs_50min: 7.66350266696758e-07
  zones_z_total_jobs: 7.158644742662546e-07
sample_size: 265
score: 0.7536764054351212
