fit_filters:
- non_residential_sqft > 0
- sqft_price_nonres > 1
- sqft_price_nonres < 650
- hedonic_id == 333
model_expression:
  left_side: np.log1p(sqft_price_nonres)
model_type: Regression
name: RegressionModel
predict_filters: hedonic_id == 333
ytransform: np.exp
coef:
  Intercept: -7.2190032412694745
  b_total_jobs: 0.0012822861559813083
  building_age: -8.17816881710456e-05
  building_sqft: -1.3806446396291939e-06
  crime_other_rate: -2.298802577418606e-05
  crime_ucr_rate: -0.00022515137098681168
  jobs_non_home_based: 6.794936741353502e-17
  jobs_within_30_min: 2.5481822168231965e-08
  land_area: 5.280321252575763e-07
  nodes_walk_ave_nonres_sqft_price: 0.0108312134804888
  nodes_walk_ave_unit_sqft: 2.530310028481069e-06
  nodes_walk_housing_cost: 4.054248198721177e-07
  nodes_walk_medical: -0.0019100091373586393
  nodes_walk_node_r1500_sqft: 5.466438932952188e-10
  nodes_walk_office: -0.0010526523532126994
  nodes_walk_population: 0.00018347928285816146
  nodes_walk_race_1_hhs: -0.0007290976153971888
  nodes_walk_retail: -0.0009322802583215368
  nodes_walk_retail_jobs: -0.0002721091217127288
  parcel_sqft: 1.7258784807400732e-07
  parcels_ave_unit_size: 3.82436722400341e-05
  parcels_pptytax: -0.001929119231153578
  parcels_total_job_spaces: -0.00034249303320879897
  parcels_total_sqft: -5.310579796133502e-07
  parcels_zones_jobs_within_30_min: 1.2346708222569024e-07
  residential_sqft: 1.4851900420355027e-05
  sqft_per_unit: 0.00012812722137134743
  year_built: 0.005276758710264286
  zones_acres: -5.326248760249768e-05
  zones_employment: 3.765286709971565e-05
  zones_households: 7.348865210404474e-05
  zones_logsum_job_high_income: -6.023909701990174e-08
  zones_logsum_job_low_income: -4.1282942781434633e-07
  zones_logsum_pop_high_income: 5.1521704417190985e-08
  zones_logsum_pop_low_income: 1.6657895956221524e-07
  zones_population: -4.067398986516979e-05
  zones_retail_jobs: 7.44943186165122e-05
  zones_transit_jobs_30min: 3.880526103574242e-05
  zones_transit_jobs_50min: -1.4156821703495798e-06
  zones_z_total_jobs: 7.725857511598276e-07
sample_size: 1708
score: 0.3864782560927962
