fit_filters:
- non_residential_sqft > 0
- sqft_price_nonres > 1
- sqft_price_nonres < 650
- hedonic_id == 9965
model_type: regression
name: RegressionModel
predict_filters: hedonic_id == 9965
target_variable: np.log1p(sqft_price_nonres)
ytransform: np.exp
fit_parameters:
  Coefficient:
    Intercept: -6.037177664848705
    b_total_jobs: 0.002329541883917104
    building_age: -0.0009898698980429423
    building_sqft: -9.003563977612568e-06
    crime_other_rate: 3.537258782075008e-05
    crime_ucr_rate: -0.00014280575086989447
    jobs_within_30_min: -6.112770586755284e-07
    land_area: -1.1502576731255964e-05
    nodes_walk_ave_nonres_sqft_price: 0.006917046920090504
    nodes_walk_ave_unit_sqft: -2.240896363367467e-05
    nodes_walk_hhs_with_children: 0.0004796819232105588
    nodes_walk_housing_cost: -1.109863566436687e-06
    nodes_walk_jobs: 0.00010013277023682737
    nodes_walk_medical: 4.821847621209573e-05
    nodes_walk_node_r1500_sqft: -2.9881765158305698e-09
    nodes_walk_race_1_hhs: -3.0288980761419146e-05
    nodes_walk_retail: 1.5698311381512027e-06
    nodes_walk_retail_jobs: -0.0004019090042688662
    parcel_sqft: -1.9027113835511236e-07
    parcels_ave_unit_size: -4.406745719000796e-05
    parcels_parcel_size: 2.2844856325423108e-07
    parcels_pct_undev: -0.002191797986796649
    parcels_total_sqft: 1.1520540982256167e-07
    parcels_total_units: -0.00040187421316975353
    parcels_zones_jobs_within_30_min: -2.991831587823521e-08
    residential_sqft: 1.0169517752750956e-05
    sqft_per_unit: 0.00014883073979058694
    year_built: 0.0051427837803337895
    zone_mean_age_of_head: 5.190042279181202e-19
    zones_acres: -8.76694703374329e-05
    zones_employment: 2.61093611232073e-07
    zones_households: 0.00011907620189939494
    zones_logsum_job_high_income: 3.614312546261129e-07
    zones_logsum_job_low_income: -1.0494847291666682e-06
    zones_logsum_job_mid_income: 9.549284203429795e-08
    zones_logsum_pop_high_income: -7.198037452937762e-09
    zones_logsum_pop_low_income: 1.2436757878311896e-06
    zones_logsum_pop_mid_income: -1.8351484222388676e-07
    zones_mean_age_of_head: 0.0037925575411281785
    zones_population: -3.4569078657927794e-05
    zones_retail_jobs: -0.00019398525692492454
    zones_transit_jobs_30min: -3.564361091162267e-06
    zones_transit_jobs_50min: -2.071842594836885e-06
    zones_z_total_jobs: 3.846897627989313e-06
  Std. Error: {}
  T-Score: {}
fit_rsquared: 0.30402307125984795
fit_rsquared_adj: 0.30402307125984795
fitted: true
model_expression:
  left_side: np.log1p(sqft_price_nonres)
  right_side:
  - year_built
  - sqft_per_unit
  - land_area
  - residential_sqft
  - building_sqft
  - jobs_within_30_min
  - parcel_sqft
  - crime_ucr_rate
  - crime_other_rate
  - building_age
  - b_total_jobs
  - parcels_pct_undev
  - parcels_parcel_size
  - parcels_ave_unit_size
  - parcels_total_units
  - parcels_total_sqft
  - parcels_zones_jobs_within_30_min
  - zones_acres
  - zones_households
  - zones_population
  - zones_employment
  - zones_retail_jobs
  - zones_logsum_pop_high_income
  - zones_logsum_pop_mid_income
  - zones_logsum_pop_low_income
  - zones_logsum_job_high_income
  - zones_logsum_job_mid_income
  - zones_logsum_job_low_income
  - zones_z_total_jobs
  - zones_transit_jobs_50min
  - zones_transit_jobs_30min
  - zones_mean_age_of_head
  - zone_mean_age_of_head
  - nodes_walk_race_1_hhs
  - nodes_walk_hhs_with_children
  - nodes_walk_jobs
  - nodes_walk_retail_jobs
  - nodes_walk_node_r1500_sqft
  - nodes_walk_ave_nonres_sqft_price
  - nodes_walk_retail
  - nodes_walk_medical
  - nodes_walk_ave_unit_sqft
  - nodes_walk_housing_cost
sample_size: 916
