fit_filters:
- non_residential_sqft > 0
- sqft_price_nonres > 1
- sqft_price_nonres < 650
- hedonic_id == 9351
model_expression:
  left_side: np.log1p(sqft_price_nonres)
model_type: Regression
name: RegressionModel
predict_filters: hedonic_id == 9351
ytransform: np.exp
coef:
  b_total_jobs: -0.00015066369524080413
  building_age: -0.00019664123839488852
  building_sqft: 8.574905383083112e-06
  crime_ucr_rate: 2.8031123450796647e-05
  jobs_non_home_based: -2.8789070914177185e-19
  jobs_within_30_min: 3.5607697382609797e-07
  land_area: 7.281456837788538e-06
  nodes_walk_ave_nonres_sqft_price: -0.000659962319373783
  nodes_walk_households: 0.0006405438550097461
  nodes_walk_housing_cost: -1.7530748122142395e-06
  nodes_walk_jobs: 7.024910279150903e-05
  nodes_walk_lowinc_hhs: 0.00042258979762738245
  nodes_walk_medical: 0.006347658854933868
  nodes_walk_node_r1500_sqft: -1.7963220753888563e-08
  nodes_walk_population: -0.0004208346680699237
  nodes_walk_retail: -8.115820612565586e-05
  nodes_walk_retail_jobs: 9.167499017585444e-05
  parcel_sqft: -9.994638777114508e-07
  parcels_parcel_size: 2.5199796991907126e-06
  parcels_pct_undev: 0.00019327207755617717
  parcels_total_sqft: -1.4485138379728614e-05
  parcels_zones_employment: 5.6385059448872145e-05
  parcels_zones_households: 7.43741307722047e-05
  parcels_zones_jobs_within_30_min: 1.08476087409899e-06
  parcels_zones_logsum_job_high_income: -1.7424180229454906e-06
  parcels_zones_logsum_job_low_income: -1.953920084411555e-06
  parcels_zones_logsum_pop_high_income: 1.5663473355454532e-08
  parcels_zones_logsum_pop_low_income: 3.4187973960059064e-06
  parcels_zones_population: -1.1594135079255313e-05
  parcels_zones_retail_jobs: -0.00019395115272297702
  parcels_zones_z_total_jobs: 2.5528175140842232e-05
  year_built: 0.0020194454273373993
  zones_acres: -1.2019065887300838e-05
  zones_employment: 1.807752212271286e-07
  zones_households: 4.405963789298434e-05
  zones_logsum_job_high_income: -1.6945686098010738e-06
  zones_logsum_job_low_income: -2.112327552040255e-06
  zones_logsum_pop_high_income: 5.008399342158499e-07
  zones_logsum_pop_low_income: 3.3651225332566748e-06
  zones_population: -7.434595926679846e-06
  zones_retail_jobs: -6.358078109066196e-07
  zones_z_total_jobs: 3.912179765102012e-06
sample_size: 89
score: 0.7938310199401993
