fit_filters:
- non_residential_sqft > 0
- sqft_price_nonres > 1
- sqft_price_nonres < 650
- hedonic_id == 52
model_type: regression
name: RegressionModel
predict_filters: hedonic_id == 52
target_variable: np.log1p(sqft_price_nonres)
ytransform: np.exp
fit_parameters:
  Coefficient:
    Intercept: 2.9336056174088023
    building_sqft: 4.414474952092392e-06
    crime_other_rate: 4.484614915756884e-05
    crime_ucr_rate: 0.0012157717967383153
    job_spaces: -0.0009708291472029371
    jobs_within_30_min: -3.5819518978828786e-06
    land_area: -1.4784763675483427e-06
    nodes_walk_housing_cost: -1.416870763126073e-05
    nodes_walk_industrial: 0.0011441733286909146
    nodes_walk_jobs: 0.0009098974589329959
    nodes_walk_medical: 0.005512259474339563
    nodes_walk_midinc_hhs: 0.00045792353223261535
    nodes_walk_node_r1500_sqft: -1.8252466904201494e-07
    nodes_walk_office: 0.00021957469727199147
    nodes_walk_population: 0.0008849569744506244
    nodes_walk_race_2_hhs: 0.0003402080585804373
    non_residential_units: -1.32238379223541e-16
    parcel_sqft: 7.084735134047122e-07
    parcels_ave_unit_size: 0.0005171085921740367
    parcels_parcel_size: -1.7376974365024352e-07
    parcels_total_job_spaces: -0.0004813231033077673
    parcels_total_sqft: -4.113826366468548e-06
    parcels_zones_jobs_within_30_min: 3.141030671015292e-06
    vacant_job_spaces: -0.0006622110137033227
    zones_acres: 0.0006798115665879746
    zones_employment: -0.00010277492509432954
    zones_households: -0.0015884870837341984
    zones_logsum_job_high_income: -4.862808337490214e-07
    zones_logsum_job_low_income: -1.5439886916806087e-06
    zones_logsum_job_mid_income: 7.471670377707181e-07
    zones_logsum_pop_high_income: 1.334940497460186e-06
    zones_logsum_pop_low_income: -1.883770659281519e-06
    zones_logsum_pop_mid_income: 2.6920140891977113e-07
    zones_population: 0.00044342966503400227
    zones_retail_jobs: 0.0016241467378560505
    zones_transit_jobs_30min: 2.9881902955271684e-05
    zones_transit_jobs_50min: -9.491633554564964e-06
    zones_z_total_jobs: -1.1629849496648064e-05
fit_rsquared: 0.9487145911093119
fitted: true
sample_size: 45
