fit_filters:
- non_residential_sqft > 0
- sqft_price_nonres > 1
- sqft_price_nonres < 650
- hedonic_id == 551
model_expression:
  left_side: np.log1p(sqft_price_nonres)
model_type: Regression
name: RegressionModel
predict_filters: hedonic_id == 551
ytransform: np.exp
coef:
  b_total_jobs: -0.0015039918712476804
  crime_other_rate: 2.093212793735775e-05
  crime_ucr_rate: 6.892931598448485e-06
  jobs_within_30_min: -2.266212126511971e-07
  land_area: -1.8350899621821972e-05
  nodes_walk_ave_nonres_sqft_price: -0.004866325690111494
  nodes_walk_ave_unit_sqft: 7.180215540535411e-06
  nodes_walk_highinc_hhs: -0.000599299129307316
  nodes_walk_housing_cost: -1.008485048190277e-07
  nodes_walk_jobs: -3.518640012108827e-05
  nodes_walk_medical: 0.012420037652453943
  nodes_walk_midinc_hhs: 0.0003591443896728486
  nodes_walk_node_r1500_sqft: -8.708594075198452e-09
  nodes_walk_office: 0.002575826484796657
  nodes_walk_population: -8.633057077491375e-05
  nodes_walk_race_1_hhs: 0.00038585744148317584
  nodes_walk_race_2_hhs: 0.00022447141210794668
  nodes_walk_race_3_hhs: -0.0020761118224032894
  nodes_walk_retail: 0.002700947993328087
  parcel_sqft: 6.960716379608512e-06
  parcels_ave_unit_size: 2.8449370761158545e-05
  parcels_total_sqft: -4.869396628071022e-06
  parcels_zones_empden: -6.629824531626857e-07
  parcels_zones_households: -6.392475326083875e-05
  parcels_zones_jobs_within_30_min: 1.786945865347412e-08
  parcels_zones_logsum_job_high_income: 1.7011633510150254e-07
  parcels_zones_logsum_job_low_income: -1.7426234473713296e-08
  parcels_zones_logsum_pop_high_income: 8.286361655452238e-08
  parcels_zones_logsum_pop_low_income: -4.8258874403180544e-08
  parcels_zones_transit_jobs_30min: 2.389541152332196e-06
  parcels_zones_transit_jobs_50min: 6.42643457729338e-07
  residential_sqft: 3.17949175198054e-05
  year_built: 0.0053062893132096965
  zones_acres: 0.0003869577727417384
  zones_empden: -0.00020097697997247587
  zones_households: -1.3278772107422195e-08
  zones_logsum_job_high_income: 1.4400092491971722e-07
  zones_logsum_job_low_income: -1.8544764990667913e-08
  zones_logsum_pop_high_income: -1.8994581418202602e-07
  zones_logsum_pop_low_income: 9.002539041164201e-09
  zones_population: 1.6597705309598527e-05
  zones_transit_jobs_30min: 1.633820301736643e-06
  zones_transit_jobs_50min: 3.805464878764563e-07
sample_size: 426
score: 0.44492793593580005
