fit_filters:
- non_residential_sqft > 0
- sqft_price_nonres > 1
- sqft_price_nonres < 650
- hedonic_id == 11521
model_expression:
  left_side: np.log1p(sqft_price_nonres)
model_type: Regression
name: RegressionModel
predict_filters: hedonic_id == 11521
ytransform: np.exp
coef:
  b_total_jobs: 0.002985463920865058
  building_age: -0.00018583855012735043
  building_sqft: -9.619579677757513e-06
  crime_other_rate: 0.00020299576062596041
  crime_ucr_rate: -0.0005060191669185153
  jobs_non_home_based: 3.565290781717744e-17
  jobs_within_30_min: 1.7124974185935082e-06
  land_area: 7.032440687128114e-06
  nodes_walk_ave_nonres_sqft_price: 0.0013412557940803258
  nodes_walk_housing_cost: -3.464574034908828e-08
  nodes_walk_industrial: 0.0022608710976774627
  nodes_walk_jobs: -6.982779363975443e-05
  nodes_walk_medical: 0.0002608124262570582
  nodes_walk_midinc_hhs: -0.0003166561187230153
  nodes_walk_node_r1500_sqft: 7.768947397965169e-09
  nodes_walk_office: 0.00028724656222672384
  nodes_walk_population: 0.0002784957425910714
  nodes_walk_retail: 0.012922612509714803
  nodes_walk_retail_jobs: 0.0011492391036851855
  parcel_sqft: -3.475778706458863e-10
  parcels_ave_unit_size: -1.898875495266072e-05
  parcels_total_sqft: -1.7820159333955309e-06
  parcels_zones_employment: 8.482442241885222e-05
  parcels_zones_households: 4.136670054159356e-06
  parcels_zones_jobs_within_30_min: 1.377040515113378e-07
  parcels_zones_logsum_job_high_income: 1.188563003241496e-06
  parcels_zones_logsum_job_low_income: -7.063547364688347e-06
  parcels_zones_logsum_pop_high_income: -1.4445413338216391e-06
  parcels_zones_logsum_pop_low_income: 4.050645832532911e-06
  parcels_zones_population: -1.3992291945988543e-06
  parcels_zones_retail_jobs: -0.0001179619070077213
  parcels_zones_transit_jobs_30min: -4.043631965290153e-05
  parcels_zones_transit_jobs_50min: -3.0223303512507983e-06
  parcels_zones_z_total_jobs: 1.389647568597862e-05
  residential_sqft: 0.0002506257348840461
  sqft_per_unit: 0.00016480289979636914
  year_built: 0.001612647292603884
  zones_acres: -8.495035256239713e-06
  zones_employment: 1.9852135233774986e-05
  zones_households: 4.5790485790667935e-06
  zones_logsum_job_high_income: 1.1903124222418296e-06
  zones_logsum_job_low_income: -6.993560960677525e-06
  zones_logsum_pop_high_income: -8.045851581634356e-07
  zones_logsum_pop_low_income: 4.090735955559436e-06
  zones_population: -2.1858488654506863e-05
  zones_retail_jobs: -6.0410095318650445e-06
  zones_transit_jobs_30min: -3.682227699537946e-05
  zones_transit_jobs_50min: -2.592997832706766e-06
  zones_z_total_jobs: 1.6651445799570324e-05
sample_size: 721
score: 0.39108814202232933
