fit_filters:
- non_residential_sqft > 0
- sqft_price_nonres > 1
- sqft_price_nonres < 650
- hedonic_id == 11523
model_expression:
  left_side: np.log1p(sqft_price_nonres)
model_type: Regression
name: RegressionModel
predict_filters: hedonic_id == 11523
ytransform: np.exp
coef:
  Intercept: 2.6275824952285762
  b_total_jobs: 0.002237423968378964
  building_age: -0.0006766865593175549
  building_sqft: 1.0370028930471099e-05
  crime_other_rate: 6.31464773021518e-05
  crime_ucr_rate: 0.00019962489377203994
  jobs_non_home_based: 3.5753814738094627e-16
  jobs_within_30_min: 1.062889073089109e-06
  land_area: -9.01324627996541e-06
  nodes_walk_ave_nonres_sqft_price: 0.0026168154191073376
  nodes_walk_ave_unit_sqft: 4.505322334502303e-05
  nodes_walk_hhs_with_children: 0.001400274640632229
  nodes_walk_housing_cost: -4.214475624545352e-06
  nodes_walk_industrial: 0.0010207857865244076
  nodes_walk_jobs: 0.00011206116746839323
  nodes_walk_medical: 0.0010254420879434283
  nodes_walk_node_r1500_sqft: 4.551445797931134e-09
  nodes_walk_office: 0.00819940576524543
  nodes_walk_retail_jobs: -0.0003763795383129931
  parcel_sqft: 9.720129184448732e-08
  parcels_ave_unit_size: 4.415445715836253e-06
  parcels_total_sqft: -1.2109936591362108e-05
  parcels_zones_jobs_within_30_min: 1.23999869205025e-07
  parcels_zones_logsum_job_high_income: 2.802629263835873e-06
  parcels_zones_logsum_job_low_income: 8.414820369171108e-07
  parcels_zones_logsum_pop_high_income: -1.7784590378417976e-06
  parcels_zones_logsum_pop_low_income: -3.2140905800699768e-06
  parcels_zones_population: -4.5756342634015744e-05
  parcels_zones_transit_jobs_30min: -1.672221708112328e-05
  parcels_zones_transit_jobs_50min: 1.1794544219343142e-08
  parcels_zones_z_total_jobs: 8.548423092598987e-06
  residential_sqft: -1.3169650602577777e-05
  sqft_per_unit: 0.00018750014979918616
  year_built: 0.0005210345137811603
  zones_acres: -8.35859175564832e-06
  zones_employment: 2.355829912601881e-05
  zones_logsum_job_high_income: 1.9036663446152536e-06
  zones_logsum_job_low_income: 2.1301725973579332e-06
  zones_logsum_pop_high_income: -7.359485469485979e-07
  zones_logsum_pop_low_income: -1.5848398200319595e-06
  zones_population: -3.829356017590358e-05
  zones_transit_jobs_30min: -3.4587024090292207e-07
  zones_transit_jobs_50min: 1.3595822998181665e-08
  zones_z_total_jobs: 2.774904334042853e-05
sample_size: 395
score: 0.5366721334325456
