fit_filters:
- non_residential_sqft > 0
- sqft_price_nonres > 1
- sqft_price_nonres < 650
- hedonic_id == 16131
model_expression:
  left_side: np.log1p(sqft_price_nonres)
model_type: Regression
name: RegressionModel
predict_filters: hedonic_id == 16131
ytransform: np.exp
coef:
  building_age: -0.001153932374625842
  building_sqft: -7.17022685897506e-07
  crime_other_rate: 2.338390938577329e-05
  crime_ucr_rate: -0.0002055842642251208
  job_spaces: 0.0009602823066784117
  jobs_within_30_min: 6.95529883353746e-07
  land_area: -2.290952233850921e-07
  nodes_walk_ave_unit_sqft: -0.00016232916326395543
  nodes_walk_housing_cost: 6.443100327677035e-07
  nodes_walk_industrial: 0.008933449542813504
  nodes_walk_jobs: 0.00014166111354216318
  nodes_walk_lowinc_hhs: -0.0010099323959930574
  nodes_walk_max_office_far: -0.0030920142591540608
  nodes_walk_medical: -0.001732165344373115
  nodes_walk_midinc_hhs: 0.00029468022642703816
  nodes_walk_node_r1500_sqft: 3.4354807394669615e-08
  nodes_walk_office: -5.436711870445666e-05
  nodes_walk_population: -0.00020382037099353064
  nodes_walk_race_1_hhs: -0.0006431317167467504
  nodes_walk_retail: 0.0008290462179051136
  nodes_walk_retail_jobs: -0.0007539565124795839
  non_residential_units: 1.0356305370965503e-16
  parcel_sqft: -2.742615329798785e-08
  parcels_landvalue: 2.9504031800601506e-07
  parcels_total_sqft: -2.030963144061704e-06
  parcels_zones_empden: 0.0021762184055404087
  parcels_zones_employment: 0.00010932596896297615
  parcels_zones_households: 0.00023673777427082098
  parcels_zones_jobs_within_30_min: 1.5450693029552011e-07
  parcels_zones_logsum_job_high_income: -2.7040597190091567e-07
  parcels_zones_logsum_job_low_income: 9.828734346749919e-08
  parcels_zones_logsum_pop_high_income: 2.410416570716953e-07
  parcels_zones_logsum_pop_low_income: -4.9851336134487645e-08
  parcels_zones_population: -4.975824823177007e-05
  parcels_zones_retail_jobs: 0.000443396509886409
  parcels_zones_transit_jobs_30min: 8.496735835303266e-06
  parcels_zones_transit_jobs_50min: -1.1022309399084296e-06
  parcels_zones_z_total_jobs: 1.2707874105526452e-06
  vacant_job_spaces: 0.00040090158313615574
  year_built: 0.0016423558938747818
  zones_acres: -1.0104155693351415e-05
  zones_empden: 1.1746609047735929e-06
  zones_employment: 2.870990902264698e-07
  zones_households: 0.0002024896257546443
  zones_logsum_job_high_income: -2.3443008093789866e-07
  zones_logsum_job_low_income: 7.991472754166607e-08
  zones_logsum_pop_high_income: 2.773633941386239e-07
  zones_logsum_pop_low_income: -1.6949439825455948e-07
  zones_population: -3.533238653346404e-05
  zones_retail_jobs: 5.229539690626626e-06
  zones_transit_jobs_30min: 6.622594419721174e-06
  zones_transit_jobs_50min: -1.298304462183686e-06
  zones_z_total_jobs: 8.354940126302918e-08
sample_size: 344
score: 0.5987880946504187
