fit_filters:
- non_residential_sqft > 0
- sqft_price_nonres > 1
- sqft_price_nonres < 650
- hedonic_id == 63
model_type: regression
name: RegressionModel
predict_filters: hedonic_id == 63
target_variable: np.log1p(sqft_price_nonres)
ytransform: np.exp
fit_parameters:
  Coefficient:
    Intercept: -6.54079909520353
    building_age: -2.9393272746634724e-06
    building_sqft: 8.304530469453723e-07
    crime_other_rate: 8.37279776591546e-05
    crime_ucr_rate: 0.00021839746931423144
    jobs_within_30_min: 5.400130352293748e-07
    land_area: 5.664960563465494e-07
    nodes_walk_ave_nonres_sqft_price: 0.014020193933765437
    nodes_walk_ave_unit_sqft: 3.1157015335652826e-05
    nodes_walk_housing_cost: -2.4683804383368615e-06
    nodes_walk_industrial: 0.002147664169512755
    nodes_walk_jobs: 2.853406040547327e-05
    nodes_walk_lowinc_hhs: 0.00030986837038653436
    nodes_walk_medical: -0.0008185246194751826
    nodes_walk_midinc_hhs: -0.0010412652784330058
    nodes_walk_node_r1500_sqft: -8.686892785740027e-09
    nodes_walk_office: -0.0006117406335653109
    nodes_walk_population: 0.0004520833733367921
    nodes_walk_race_1_hhs: -0.00044124340622280406
    nodes_walk_retail: -0.002351340522977613
    nodes_walk_retail_jobs: -0.00020962451124859912
    parcel_sqft: 1.8086417423236646e-07
    parcels_parcel_size: -5.396424377463151e-07
    parcels_pct_undev: -0.0056200515235032104
    parcels_pptytax: 0.0009279009240766148
    parcels_total_job_spaces: 0.0010589548449102904
    parcels_total_sqft: -3.976280990614628e-06
    parcels_zones_jobs_within_30_min: -6.515693877537313e-08
    residential_sqft: -0.00011747013626522549
    school_district_achievement: 0.009051782952576444
    sqft_per_unit: 0.000998482187218195
    vacant_job_spaces: -0.0005822831831204719
    year_built: 0.004809294135480681
    zones_acres: 3.1674973143632805e-06
    zones_employment: 1.6780299123765971e-06
    zones_households: 0.0008053182140826438
    zones_logsum_job_high_income: 9.817474661236723e-08
    zones_logsum_job_low_income: -2.2234657008252936e-07
    zones_logsum_job_mid_income: 1.3836385508010434e-07
    zones_logsum_pop_high_income: -1.8323718416424413e-07
    zones_logsum_pop_low_income: -3.050697893903644e-08
    zones_logsum_pop_mid_income: -1.1882823100300529e-07
    zones_population: -0.0003279843518256873
    zones_retail_jobs: 0.0001088898771998642
    zones_transit_jobs_30min: 1.2646195751744794e-06
    zones_transit_jobs_50min: 6.305728918593578e-07
    zones_z_total_jobs: 1.619491898636369e-05
fit_rsquared: 0.6947217572160241
fitted: true
model_expression:
  left_side: np.log1p(sqft_price_nonres)
  right_side:
  - year_built
  - sqft_per_unit
  - land_area
  - residential_sqft
  - building_sqft
  - jobs_within_30_min
  - vacant_job_spaces
  - parcel_sqft
  - school_district_achievement
  - crime_ucr_rate
  - crime_other_rate
  - building_age
  - parcels_pptytax
  - parcels_pct_undev
  - parcels_parcel_size
  - parcels_total_job_spaces
  - parcels_total_sqft
  - parcels_zones_jobs_within_30_min
  - zones_acres
  - zones_households
  - zones_population
  - zones_employment
  - zones_retail_jobs
  - zones_logsum_pop_high_income
  - zones_logsum_pop_mid_income
  - zones_logsum_pop_low_income
  - zones_logsum_job_high_income
  - zones_logsum_job_mid_income
  - zones_logsum_job_low_income
  - zones_z_total_jobs
  - zones_transit_jobs_50min
  - zones_transit_jobs_30min
  - nodes_walk_population
  - nodes_walk_midinc_hhs
  - nodes_walk_lowinc_hhs
  - nodes_walk_race_1_hhs
  - nodes_walk_jobs
  - nodes_walk_retail_jobs
  - nodes_walk_node_r1500_sqft
  - nodes_walk_ave_nonres_sqft_price
  - nodes_walk_retail
  - nodes_walk_office
  - nodes_walk_industrial
  - nodes_walk_medical
  - nodes_walk_ave_unit_sqft
  - nodes_walk_housing_cost
sample_size: 1475
