fit_filters:
- non_residential_sqft > 0
- sqft_price_nonres > 1
- sqft_price_nonres < 650
- hedonic_id == 521
model_expression:
  left_side: np.log1p(sqft_price_nonres)
model_type: Regression
name: RegressionModel
predict_filters: hedonic_id == 521
ytransform: np.exp
coef:
  b_total_jobs: 0.0025971055167904283
  building_age: -0.0008891946866097244
  building_sqft: -2.3165375272312367e-05
  crime_other_rate: 1.8991505499841176e-05
  crime_ucr_rate: -2.718655538421627e-05
  jobs_within_30_min: -6.814373407574619e-08
  land_area: 9.213308601934605e-06
  nodes_walk_ave_nonres_sqft_price: 0.0035403037121977707
  nodes_walk_ave_unit_sqft: -2.3756796703116596e-05
  nodes_walk_households: -0.00013777367884942684
  nodes_walk_housing_cost: 1.993820043275149e-06
  nodes_walk_jobs: 4.4923581392224725e-05
  nodes_walk_lowinc_hhs: -0.0004570212148017874
  nodes_walk_medical: 0.001114877242896469
  nodes_walk_midinc_hhs: 3.421118136038639e-05
  nodes_walk_node_r1500_sqft: -2.0470373446483594e-08
  nodes_walk_population: 0.00020174417847506208
  nodes_walk_race_2_hhs: -1.7703546984013845e-05
  nodes_walk_race_3_hhs: -0.00012492320074842194
  nodes_walk_race_4_hhs: 0.0001722730341971456
  nodes_walk_retail: 0.007677887532054814
  nodes_walk_retail_jobs: 0.000998539283674333
  parcel_sqft: 1.991266840854963e-06
  parcels_ave_unit_size: -1.2980394031431006e-05
  parcels_parcel_size: -2.041122828169401e-08
  parcels_pct_undev: 0.0039644674672560404
  parcels_total_sqft: -3.986768733481972e-06
  parcels_zones_employment: -2.153116857646369e-05
  parcels_zones_households: 8.568253023690748e-05
  parcels_zones_jobs_within_30_min: -6.097615716738972e-09
  parcels_zones_logsum_job_high_income: -4.679728201955326e-08
  parcels_zones_logsum_job_low_income: 2.2065556207761758e-08
  parcels_zones_logsum_pop_high_income: 4.062017712135137e-08
  parcels_zones_logsum_pop_low_income: 5.264016061674294e-09
  parcels_zones_population: -2.8701741110009934e-05
  parcels_zones_transit_jobs_30min: 4.1501355739803545e-08
  parcels_zones_transit_jobs_50min: 1.825361110020831e-07
  parcels_zones_z_total_jobs: -1.055362592648125e-06
  residential_sqft: 6.24335232139574e-05
  sqft_per_unit: 0.00011073296067764424
  year_built: 0.018518167464382677
  zones_acres: -5.407920734063397e-05
  zones_employment: -1.4143322067396335e-05
  zones_households: 0.000127328808523911
  zones_logsum_job_high_income: -4.545272855791175e-08
  zones_logsum_job_low_income: 1.5191625516452096e-08
  zones_logsum_pop_high_income: 5.1622708956295206e-08
  zones_logsum_pop_low_income: -2.4994953462797297e-08
  zones_population: -2.258620990042795e-05
  zones_transit_jobs_50min: 9.140936360505423e-08
  zones_z_total_jobs: -5.670808937826309e-06
sample_size: 6730
score: 0.3738397849354428
