fit_filters:
- non_residential_sqft > 0
- sqft_price_nonres > 1
- sqft_price_nonres < 650
- hedonic_id == 565
model_type: regression
name: RegressionModel
predict_filters: hedonic_id == 565
target_variable: np.log1p(sqft_price_nonres)
ytransform: np.exp
fit_parameters:
  Coefficient:
    Intercept: -32.6013614052469
    b_total_jobs: 0.00740894770052132
    building_sqft: 4.734290061290556e-05
    crime_other_rate: 9.581608951952401e-06
    crime_ucr_rate: 3.60573146930498e-05
    jobs_non_home_based: 4.6712154117812254e-18
    jobs_within_30_min: -5.487284764419382e-09
    land_area: 1.106937772465543e-06
    nodes_walk_ave_nonres_sqft_price: 0.01063043246979419
    nodes_walk_ave_unit_sqft: 9.080206801395123e-06
    nodes_walk_hhs_with_children: -0.0002605105502455027
    nodes_walk_housing_cost: -9.880485746930728e-07
    nodes_walk_jobs: -5.680949973957476e-05
    nodes_walk_medical: 0.0006249862249603207
    nodes_walk_midinc_hhs: 0.002101581383136046
    nodes_walk_node_r1500_sqft: 4.430026971818112e-08
    nodes_walk_population: -0.0003847730407123342
    nodes_walk_race_1_hhs: -0.0004277813256296208
    nodes_walk_race_4_hhs: 0.0014083078129970674
    nodes_walk_retail_jobs: 0.0022755573106116585
    parcel_sqft: 1.7584620865496804e-05
    parcels_parcel_size: -1.8950884334103508e-05
    parcels_pct_undev: 0.0009742655935043561
    parcels_total_sqft: -8.779559573544505e-05
    parcels_zones_jobs_within_30_min: 4.780086133347202e-08
    residential_sqft: 0.00011384658758423983
    sqft_per_unit: -6.146264244474182e-06
    year_built: 0.018027383763402027
    zones_acres: -1.0685866910968865e-05
    zones_empden: -0.0009487076034120122
    zones_employment: -5.366834260226336e-05
    zones_households: -0.0002868987074749694
    zones_logsum_job_high_income: -1.93016843294821e-07
    zones_logsum_job_low_income: 5.468859228536048e-09
    zones_logsum_job_mid_income: 1.5997444551015563e-09
    zones_logsum_pop_high_income: 2.3243171026627111e-07
    zones_logsum_pop_low_income: -2.5811844846251986e-08
    zones_logsum_pop_mid_income: -6.787792492431978e-09
    zones_population: 0.000118106362593103
    zones_retail_jobs: 0.0007209500887760124
    zones_transit_jobs_30min: 4.692182265273319e-06
    zones_transit_jobs_50min: 5.720055103778428e-07
  Std. Error: {}
  T-Score: {}
fit_rsquared: 0.5350050894828777
fit_rsquared_adj: 0.5350050894828777
fitted: true
model_expression:
  left_side: np.log1p(sqft_price_nonres)
  right_side:
  - year_built
  - sqft_per_unit
  - land_area
  - residential_sqft
  - building_sqft
  - jobs_within_30_min
  - parcel_sqft
  - crime_ucr_rate
  - crime_other_rate
  - b_total_jobs
  - jobs_non_home_based
  - parcels_pct_undev
  - parcels_parcel_size
  - parcels_total_sqft
  - parcels_zones_jobs_within_30_min
  - zones_acres
  - zones_households
  - zones_population
  - zones_employment
  - zones_retail_jobs
  - zones_empden
  - zones_logsum_pop_high_income
  - zones_logsum_pop_mid_income
  - zones_logsum_pop_low_income
  - zones_logsum_job_high_income
  - zones_logsum_job_mid_income
  - zones_logsum_job_low_income
  - zones_transit_jobs_50min
  - zones_transit_jobs_30min
  - nodes_walk_population
  - nodes_walk_midinc_hhs
  - nodes_walk_race_1_hhs
  - nodes_walk_race_4_hhs
  - nodes_walk_hhs_with_children
  - nodes_walk_jobs
  - nodes_walk_retail_jobs
  - nodes_walk_node_r1500_sqft
  - nodes_walk_ave_nonres_sqft_price
  - nodes_walk_medical
  - nodes_walk_ave_unit_sqft
  - nodes_walk_housing_cost
sample_size: 1090
