fit_filters:
- non_residential_sqft > 0
- sqft_price_nonres > 1
- sqft_price_nonres < 650
- hedonic_id == 9323
model_expression:
  left_side: np.log1p(sqft_price_nonres)
model_type: Regression
name: RegressionModel
predict_filters: hedonic_id == 9323
ytransform: np.exp
coef:
  building_age: -0.002159959059967792
  building_sqft: 7.396978202140644e-06
  crime_other_rate: 9.586506677018868e-05
  jobs_within_30_min: -2.633679651518323e-06
  land_area: -1.831814039025987e-05
  nodes_walk_ave_nonres_sqft_price: 0.0012998095698488169
  nodes_walk_ave_unit_sqft: 7.661530935071408e-05
  nodes_walk_households: -0.000526037096962195
  nodes_walk_housing_cost: -1.4878134088892778e-06
  nodes_walk_industrial: -0.0010600609625972613
  nodes_walk_jobs: 6.383673690298381e-05
  nodes_walk_medical: 0.0007924979248684052
  nodes_walk_node_r1500_sqft: -1.0639149269299127e-08
  nodes_walk_office: 0.005480071151711296
  nodes_walk_retail: 0.0006461797330594458
  nodes_walk_retail_jobs: 0.0007243281898477816
  parcel_sqft: -2.435691868723952e-07
  parcels_ave_unit_size: 6.073843678995086e-05
  parcels_total_sqft: 2.6148239866510366e-06
  parcels_zones_employment: -2.0317045049789564e-05
  parcels_zones_jobs_within_30_min: -5.16378148731382e-07
  parcels_zones_logsum_job_high_income: 4.2144037403985335e-06
  parcels_zones_logsum_job_low_income: -9.405673660104202e-06
  parcels_zones_logsum_pop_high_income: -1.111142385304435e-06
  parcels_zones_logsum_pop_low_income: 1.934571168171792e-06
  parcels_zones_population: 1.5694926210432959e-06
  parcels_zones_z_total_jobs: -2.6005679872299755e-06
  residential_sqft: 0.00036719622160185305
  vacant_job_spaces: -0.0018323606934363133
  year_built: 0.00045875531445987495
  zones_acres: -1.4790472732365828e-05
  zones_employment: -1.4705768122876809e-06
  zones_logsum_job_high_income: 4.169537712873939e-06
  zones_logsum_job_low_income: -9.222516779370377e-06
  zones_logsum_pop_high_income: -1.3405674167942824e-06
  zones_logsum_pop_low_income: 2.0205085634495646e-06
  zones_population: 7.166767980809364e-06
  zones_z_total_jobs: -2.928530403657673e-09
sample_size: 435
score: 0.34925077025974594
