fit_filters:
- non_residential_sqft > 0
- sqft_price_nonres > 1
- sqft_price_nonres < 650
- hedonic_id == 14761
model_expression:
  left_side: np.log1p(sqft_price_nonres)
model_type: Regression
name: RegressionModel
predict_filters: hedonic_id == 14761
ytransform: np.exp
coef:
  building_sqft: 4.021330481586933e-06
  crime_other_rate: -0.004518814630485391
  crime_ucr_rate: 0.0074394911775266725
  jobs_within_30_min: -3.9444553942070515e-05
  land_area: -6.577217267643075e-05
  nodes_walk_housing_cost: -5.584786687219588e-05
  nodes_walk_jobs: -0.0022547971901254716
  nodes_walk_medical: -0.007047085066091979
  nodes_walk_node_r1500_sqft: -7.60987033668712e-08
  nodes_walk_office: 0.0017932879285365159
  nodes_walk_population: 0.003976234892551575
  nodes_walk_residential: 0.023381038479628954
  nodes_walk_retail: -0.004592650442201665
  parcel_sqft: -1.7244650747963296e-07
  parcels_ave_unit_size: -2.7827760814727658e-05
  parcels_total_sqft: 4.1333814472802114e-05
  parcels_zones_employment: 0.0016753057387253255
  parcels_zones_households: -0.0024760272378195384
  parcels_zones_jobs_within_30_min: 1.6455940596932648e-05
  parcels_zones_logsum_job_high_income: -4.6656867343511456e-06
  parcels_zones_logsum_job_low_income: -2.8330652515035743e-05
  parcels_zones_logsum_pop_high_income: -4.3109330712674785e-06
  parcels_zones_logsum_pop_low_income: 9.391466275649444e-06
  parcels_zones_population: 0.0003892242475571588
  parcels_zones_transit_jobs_30min: 0.0006517895265582035
  parcels_zones_transit_jobs_50min: 0.0002857608688300464
  parcels_zones_z_total_jobs: 5.586063367694899e-05
  year_built: 0.02665128618565485
  zones_acres: -0.00011617754907291381
  zones_households: -0.000558079344620713
  zones_logsum_job_high_income: -5.546137688666966e-06
  zones_logsum_job_low_income: -2.8389583834434074e-05
  zones_logsum_pop_high_income: 4.577715950139006e-06
  zones_logsum_pop_low_income: -1.5251706376028381e-06
  zones_population: 0.0004779309229907895
  zones_transit_jobs_30min: 0.0005458154710026502
  zones_transit_jobs_50min: 0.000259453821059007
  zones_z_total_jobs: 0.0005896675210089046
sample_size: 26
score: 0.9186899333930452
