fit_filters:
- non_residential_sqft > 0
- sqft_price_nonres > 1
- sqft_price_nonres < 650
- hedonic_id == 9965
model_expression:
  left_side: np.log1p(sqft_price_nonres)
model_type: Regression
name: RegressionModel
predict_filters: hedonic_id == 9965
ytransform: np.exp
coef:
  Intercept: -6.691940150201758
  b_total_jobs: 0.0023981440432734808
  building_age: -0.0009172219342304956
  building_sqft: -9.790622298947074e-06
  crime_other_rate: 3.516846583359712e-05
  crime_ucr_rate: -0.00014024651664455972
  jobs_non_home_based: 5.1015914247798617e-17
  jobs_within_30_min: -5.855119008345253e-07
  land_area: -1.0652765262813419e-05
  nodes_walk_ave_nonres_sqft_price: 0.006913483180285816
  nodes_walk_ave_unit_sqft: -1.4454936989009879e-05
  nodes_walk_hhs_with_children: 0.0006493218995990161
  nodes_walk_housing_cost: -1.1822842118694525e-06
  nodes_walk_industrial: 0.00012711692570627198
  nodes_walk_jobs: 9.76691978026554e-05
  nodes_walk_medical: 3.754529639739478e-05
  nodes_walk_node_r1500_sqft: -4.927843774281544e-09
  nodes_walk_race_1_hhs: -9.603780612763016e-05
  nodes_walk_retail: 1.3387267278714766e-05
  nodes_walk_retail_jobs: -0.0004199298027432623
  parcel_sqft: -1.1323568679078535e-07
  parcels_ave_unit_size: -4.426373501641309e-05
  parcels_total_sqft: -1.0268564508385693e-07
  parcels_total_units: -0.00012999845237135992
  parcels_zones_employment: 6.637707083288153e-08
  parcels_zones_households: 3.677551735941761e-05
  parcels_zones_jobs_within_30_min: -7.013766417966746e-08
  parcels_zones_logsum_job_high_income: 1.1334475187331991e-07
  parcels_zones_logsum_job_low_income: -4.116189630784641e-07
  parcels_zones_logsum_pop_high_income: 1.5694784875976895e-07
  parcels_zones_logsum_pop_low_income: 5.144756850698004e-07
  parcels_zones_mean_age_of_head: 0.002597571149541143
  parcels_zones_population: -9.521804436137268e-06
  parcels_zones_retail_jobs: -0.00012610992312922742
  parcels_zones_transit_jobs_30min: -4.0400309142079385e-06
  parcels_zones_transit_jobs_50min: -1.4472743673622205e-06
  parcels_zones_z_total_jobs: 6.243297085423898e-06
  residential_sqft: 1.1291718450684286e-05
  sqft_per_unit: 0.00016411585411988143
  year_built: 0.005391781998012185
  zones_acres: -6.581572974934099e-05
  zones_households: 3.0433720616472233e-05
  zones_logsum_job_high_income: 2.0992836832371837e-07
  zones_logsum_job_low_income: -4.236424571056187e-07
  zones_logsum_pop_high_income: -1.8016984834899307e-07
  zones_logsum_pop_low_income: 4.340229973116362e-07
  zones_mean_age_of_head: 0.0007972994054331036
  zones_population: -9.742857549209297e-06
  zones_retail_jobs: -3.158346107148274e-05
  zones_transit_jobs_30min: -7.030619248031151e-07
  zones_transit_jobs_50min: -8.126575320253242e-07
sample_size: 916
score: 0.2945119436604938
