fit_filters:
- non_residential_sqft > 0
- sqft_price_nonres > 1
- sqft_price_nonres < 650
- hedonic_id == 311
model_expression:
  left_side: np.log1p(sqft_price_nonres)
model_type: Regression
name: RegressionModel
predict_filters: hedonic_id == 311
ytransform: np.exp
coef:
  b_total_jobs: -0.002269970183314944
  building_sqft: -1.7170680081735342e-05
  crime_other_rate: -0.00019967148950755402
  crime_ucr_rate: -1.872409317454711e-05
  jobs_within_30_min: -4.423313932706324e-06
  land_area: 4.664132403595157e-06
  nodes_walk_ave_unit_sqft: 0.00014337086408117437
  nodes_walk_housing_cost: -1.4865364941595157e-06
  nodes_walk_jobs: -8.541979261991403e-05
  nodes_walk_lowinc_hhs: -0.001936869324975929
  nodes_walk_midinc_hhs: 0.0028235157093823324
  nodes_walk_node_r1500_sqft: 2.7149349897676504e-08
  parcel_sqft: -1.2996843750006598e-06
  parcels_ave_unit_size: 0.0002996210694327871
  parcels_landvalue: 2.1608803870362728e-07
  parcels_total_sqft: 1.1434210232649507e-05
  parcels_zones_employment: 0.00013491420405336573
  parcels_zones_households: 4.517624667872774e-06
  parcels_zones_jobs_within_30_min: -1.0481615823981294e-06
  parcels_zones_logsum_job_high_income: 4.6397336807010545e-06
  parcels_zones_logsum_job_low_income: 4.957611669361288e-07
  parcels_zones_logsum_pop_high_income: 2.563812459909295e-06
  parcels_zones_logsum_pop_low_income: 3.587759271398734e-08
  parcels_zones_population: -4.922226341750365e-07
  parcels_zones_transit_jobs_30min: -1.9707180297628328e-05
  parcels_zones_transit_jobs_50min: -4.094951386624592e-06
  parcels_zones_z_total_jobs: 5.704853659060772e-07
  residential_sqft: 0.0005857663324017223
  sqft_per_unit: 0.0004973594324315239
  zones_acres: 0.0005971904654905864
  zones_households: 2.553128735204586e-05
  zones_logsum_job_high_income: 4.92537635665585e-06
  zones_logsum_job_low_income: 4.86874482782636e-07
  zones_logsum_pop_high_income: -2.3740507931784766e-06
  zones_logsum_pop_low_income: -1.776480036393281e-08
  zones_population: -4.7669440880721686e-07
  zones_retail_jobs: -0.0005798160431513735
  zones_transit_jobs_30min: -1.80524502029494e-05
  zones_transit_jobs_50min: -2.8533282826896366e-06
sample_size: 28
score: 0.9982496933134903
