fit_filters:
- non_residential_sqft > 0
- sqft_price_nonres > 1
- sqft_price_nonres < 650
- hedonic_id == 16121
model_type: regression
name: RegressionModel
predict_filters: hedonic_id == 16121
target_variable: np.log1p(sqft_price_nonres)
ytransform: np.exp
fit_parameters:
  Coefficient:
    Intercept: 2.355540963289998
    b_total_jobs: 0.0002557147575564435
    building_age: -0.0012424180260719511
    building_sqft: 1.7809689141092705e-06
    crime_other_rate: 0.0001350666970903141
    crime_ucr_rate: -7.329592831483712e-05
    jobs_within_30_min: 2.2847536983014385e-07
    land_area: -4.318371056092748e-06
    nodes_walk_ave_nonres_sqft_price: 0.0006134061228347341
    nodes_walk_ave_unit_sqft: -1.2142831916704007e-05
    nodes_walk_housing_cost: -1.066231634236741e-06
    nodes_walk_industrial: -0.0002373113933659174
    nodes_walk_jobs: -1.7754868500284969e-06
    nodes_walk_lowinc_hhs: -0.00026386521911232963
    nodes_walk_max_office_far: -0.0012186728425167164
    nodes_walk_midinc_hhs: 0.00042676142681287335
    nodes_walk_node_r1500_sqft: 9.467848528932717e-09
    nodes_walk_office: 7.137422853532433e-05
    nodes_walk_population: -3.824116279951562e-05
    nodes_walk_retail: 0.0079062557983011
    nodes_walk_retail_jobs: -5.626688946494323e-05
    parcel_sqft: -8.900839711109146e-08
    parcels_ave_unit_size: -2.9897416364191417e-05
    parcels_parcel_size: 1.6476423769890676e-07
    parcels_pct_undev: 0.002376392108218557
    parcels_total_job_spaces: 0.0019515093940224563
    parcels_total_sqft: -4.94180203803152e-06
    parcels_zones_jobs_within_30_min: -6.002823183012094e-07
    residential_sqft: 5.1405228281775766e-05
    sqft_per_unit: 0.0002214673803557892
    vacant_job_spaces: -0.001452544437943148
    year_built: 0.0006435358629265127
    zones_acres: -3.2000430489946884e-05
    zones_employment: 1.094422163334443e-06
    zones_households: -0.00033065626558837386
    zones_logsum_job_high_income: 2.58865225737819e-07
    zones_logsum_job_low_income: 1.0077018615405203e-07
    zones_logsum_job_mid_income: -2.8872863610380114e-08
    zones_logsum_pop_high_income: -3.73319066577081e-07
    zones_logsum_pop_low_income: -1.4069275512983404e-07
    zones_logsum_pop_mid_income: 4.003599518295435e-08
    zones_population: 0.0001339116004540522
    zones_retail_jobs: 0.0002876505621719141
    zones_transit_jobs_30min: 5.55134466768648e-07
    zones_transit_jobs_50min: 1.2325404617161204e-06
fit_rsquared: 0.5598765978256304
fit_rsquared_adj: 0.5598765978256304
fitted: true
model_expression:
  left_side: np.log1p(sqft_price_nonres)
  right_side:
  - year_built
  - sqft_per_unit
  - land_area
  - residential_sqft
  - building_sqft
  - jobs_within_30_min
  - vacant_job_spaces
  - parcel_sqft
  - crime_ucr_rate
  - crime_other_rate
  - building_age
  - b_total_jobs
  - parcels_pct_undev
  - parcels_parcel_size
  - parcels_ave_unit_size
  - parcels_total_job_spaces
  - parcels_total_sqft
  - parcels_zones_jobs_within_30_min
  - zones_acres
  - zones_households
  - zones_population
  - zones_employment
  - zones_retail_jobs
  - zones_logsum_pop_high_income
  - zones_logsum_pop_mid_income
  - zones_logsum_pop_low_income
  - zones_logsum_job_high_income
  - zones_logsum_job_mid_income
  - zones_logsum_job_low_income
  - zones_transit_jobs_50min
  - zones_transit_jobs_30min
  - nodes_walk_population
  - nodes_walk_midinc_hhs
  - nodes_walk_lowinc_hhs
  - nodes_walk_max_office_far
  - nodes_walk_jobs
  - nodes_walk_retail_jobs
  - nodes_walk_node_r1500_sqft
  - nodes_walk_ave_nonres_sqft_price
  - nodes_walk_retail
  - nodes_walk_office
  - nodes_walk_industrial
  - nodes_walk_ave_unit_sqft
  - nodes_walk_housing_cost
sample_size: 1626
