fit_filters:
- non_residential_sqft > 0
- sqft_price_nonres > 1
- sqft_price_nonres < 650
- hedonic_id == 41
model_expression:
  left_side: np.log1p(sqft_price_nonres)
model_type: Regression
name: RegressionModel
predict_filters: hedonic_id == 41
ytransform: np.exp
coef:
  Intercept: 4.835829700528835
  building_age: 0.0018876733198597093
  building_sqft: -1.0142233247108653e-06
  crime_other_rate: -1.0937476394942665e-05
  crime_ucr_rate: -0.00011419722447438171
  job_spaces: -6.485487728597699e-05
  jobs_within_30_min: -8.983506857881873e-08
  land_area: -3.597737620021172e-07
  nodes_walk_ave_nonres_sqft_price: 0.009664052874772514
  nodes_walk_ave_unit_sqft: -3.2053505591504807e-06
  nodes_walk_housing_cost: -2.4810089871604498e-06
  nodes_walk_industrial: -0.0007409428328321418
  nodes_walk_jobs: 0.0001234962592758241
  nodes_walk_lowinc_hhs: -0.0019029045755321213
  nodes_walk_medical: -0.0019559731227798407
  nodes_walk_node_r1500_sqft: -1.1212465423351746e-08
  nodes_walk_office: -0.001966572350305493
  nodes_walk_population: 0.0003104822504089055
  nodes_walk_race_1_hhs: -0.00011826782341872417
  nodes_walk_race_2_hhs: 0.0002701571283355536
  nodes_walk_residential: 0.0006265117237044171
  nodes_walk_retail: -0.0006585636919401116
  nodes_walk_retail_jobs: 0.0001068243661142195
  parcel_sqft: -6.381348009083904e-09
  parcels_ave_unit_size: -6.833328719631816e-05
  parcels_total_job_spaces: -4.648784864422939e-05
  parcels_total_sqft: -1.8802784810477268e-07
  parcels_zones_households: -0.0004248187244245438
  parcels_zones_jobs_within_30_min: 1.52556378088929e-07
  parcels_zones_logsum_job_high_income: 9.910088166700106e-08
  parcels_zones_logsum_job_low_income: 1.2273541152698875e-07
  parcels_zones_logsum_pop_high_income: -3.913609340191072e-08
  parcels_zones_logsum_pop_low_income: -1.3526938424190788e-07
  parcels_zones_mean_age_of_head: -0.0013272861130685784
  parcels_zones_population: 0.00010592203026811146
  parcels_zones_retail_jobs: 0.0007388534916842851
  parcels_zones_transit_jobs_30min: -4.269757799680521e-06
  parcels_zones_transit_jobs_50min: 1.1751628220126012e-07
  parcels_zones_z_total_jobs: -6.422897951987019e-07
  vacant_job_spaces: -0.00021575800763014194
  year_built: -0.0005557122150471444
  zone_mean_age_of_head: -4.9509391352271794e-18
  zones_acres: -5.288295129460707e-05
  zones_employment: -2.5555854386538608e-05
  zones_households: -0.0001979551307459832
  zones_logsum_job_high_income: 9.204724068294733e-08
  zones_logsum_job_low_income: 1.1437879091530756e-07
  zones_logsum_pop_high_income: -1.1044239757071308e-07
  zones_logsum_pop_low_income: -1.3252520972978233e-07
  zones_mean_age_of_head: -0.0003890057077920898
  zones_population: 0.00011018574212682132
  zones_retail_jobs: 4.637677517452179e-10
  zones_transit_jobs_30min: -3.5512567587022105e-06
  zones_transit_jobs_50min: 4.813930923039008e-07
sample_size: 1014
score: 0.4634877331708783
