fit_filters:
- non_residential_sqft > 0
- sqft_price_nonres > 1
- sqft_price_nonres < 650
- hedonic_id == 71
model_expression:
  left_side: np.log1p(sqft_price_nonres)
model_type: Regression
name: RegressionModel
predict_filters: hedonic_id == 71
ytransform: np.exp
coef:
  Intercept: -0.12779038093002848
  b_total_jobs: 0.0014403873240621426
  building_age: -0.0003319747805274226
  building_sqft: 2.4590206926183766e-06
  crime_other_rate: 3.341905506675658e-05
  crime_ucr_rate: -0.0001752400466154425
  jobs_non_home_based: 1.0691979497813617e-16
  jobs_within_30_min: -7.07095242358834e-07
  land_area: -4.493312642390935e-06
  nodes_walk_ave_nonres_sqft_price: 0.01978359866852389
  nodes_walk_ave_unit_sqft: 3.4771967428568854e-06
  nodes_walk_housing_cost: 1.1749665647112523e-06
  nodes_walk_jobs: 0.000113947417364952
  nodes_walk_medical: -0.0027470863685974058
  nodes_walk_node_r1500_sqft: -6.69242224434463e-09
  nodes_walk_office: -0.001607682123579915
  nodes_walk_population: -1.4431158376196272e-05
  nodes_walk_retail: -0.0052680554415835065
  nodes_walk_retail_jobs: 0.0009119220969726263
  parcel_sqft: 8.458411939601751e-09
  parcels_ave_unit_size: 1.553527298142305e-05
  parcels_total_sqft: -4.1270317050154784e-06
  parcels_zones_employment: 1.529369206597222e-05
  parcels_zones_households: -9.740168092116275e-05
  parcels_zones_jobs_within_30_min: -1.9049044381295334e-08
  parcels_zones_logsum_job_high_income: -2.3813940163965105e-07
  parcels_zones_logsum_job_low_income: 3.047721424320066e-07
  parcels_zones_logsum_pop_high_income: 3.4947508022272305e-07
  parcels_zones_logsum_pop_low_income: -1.5018197581120267e-08
  parcels_zones_population: 2.5988363237293585e-05
  parcels_zones_retail_jobs: 0.00015236796056730656
  parcels_zones_transit_jobs_30min: 3.367994425920369e-06
  residential_sqft: 2.5770526391569784e-05
  school_district_achievement: 0.0023454410414121838
  sqft_per_unit: 0.00037108426953814965
  year_built: 0.0012245386188322385
  zones_acres: -9.171587515645501e-06
  zones_households: -4.016762853466322e-05
  zones_logsum_job_high_income: -2.1064097377771844e-07
  zones_logsum_job_low_income: 2.965944815656033e-07
  zones_logsum_pop_high_income: 2.645599406452858e-07
  zones_logsum_pop_low_income: -3.6788401568763155e-07
  zones_population: 3.195855510145344e-05
  zones_transit_jobs_30min: 1.4712875880929977e-05
sample_size: 2065
score: 0.5883166504290451
