fit_filters:
- non_residential_sqft > 0
- sqft_price_nonres > 1
- sqft_price_nonres < 650
- hedonic_id == 523
model_expression:
  left_side: np.log1p(sqft_price_nonres)
model_type: Regression
name: RegressionModel
predict_filters: hedonic_id == 523
ytransform: np.exp
coef:
  building_age: -0.0011060400787282635
  building_sqft: 3.3719985177270097e-06
  crime_other_rate: 7.183428773694057e-06
  crime_ucr_rate: -7.591758279562757e-05
  job_spaces: -0.0007318035386652633
  jobs_within_30_min: -6.462493994039006e-10
  land_area: -8.710162589370581e-06
  nodes_walk_ave_nonres_sqft_price: 0.00554126789021019
  nodes_walk_ave_unit_sqft: 1.9957527657475355e-06
  nodes_walk_highinc_hhs: -0.0006664784290465478
  nodes_walk_households: -0.00018648866547830504
  nodes_walk_housing_cost: -5.850741208692816e-07
  nodes_walk_jobs: -1.1236553635778094e-05
  nodes_walk_medical: 0.0015727745567431963
  nodes_walk_node_r1500_sqft: -1.3252558384523235e-08
  nodes_walk_office: 0.013877515926246892
  nodes_walk_population: 0.00019758643543159784
  nodes_walk_race_1_hhs: -0.0002648362400292052
  nodes_walk_retail: -0.0018222550323567848
  nodes_walk_retail_jobs: 0.00039609548919834146
  non_residential_units: -9.928575831352636e-17
  parcel_sqft: 5.747757414423592e-07
  parcels_ave_unit_size: 5.7469934054228076e-05
  parcels_parcel_size: -1.7735946169059435e-06
  parcels_pct_undev: -0.0005981579079750225
  parcels_total_job_spaces: 0.00020142684279252099
  parcels_total_sqft: -3.691844145324416e-07
  parcels_zones_empden: -3.513824556486585e-06
  parcels_zones_employment: 1.4268111046574691e-05
  parcels_zones_households: 2.2726966535240033e-06
  parcels_zones_jobs_within_30_min: -3.749014952805253e-08
  parcels_zones_logsum_job_high_income: 1.057703332217813e-07
  parcels_zones_logsum_job_low_income: 1.1798769051830902e-08
  parcels_zones_logsum_pop_high_income: -1.1295607621401327e-07
  parcels_zones_logsum_pop_low_income: 1.4294192172288841e-08
  parcels_zones_population: 6.791366894391909e-07
  parcels_zones_retail_jobs: -0.0002289452099682975
  parcels_zones_transit_jobs_30min: 3.936625486974256e-06
  parcels_zones_transit_jobs_50min: 2.2144019477415838e-07
  parcels_zones_z_total_jobs: 2.438078915390869e-07
  residential_sqft: 2.27804657562221e-05
  sqft_per_unit: 4.0224710600413716e-05
  vacant_job_spaces: -0.0011307305553565521
  year_built: 0.01180628427395919
  zones_acres: 0.00023046647085971455
  zones_empden: -0.00035567444514026893
  zones_logsum_job_high_income: 8.580291579974375e-08
  zones_logsum_job_low_income: -6.5680832389945346e-09
  zones_logsum_pop_high_income: -1.350675379759574e-07
  zones_logsum_pop_low_income: -3.390644466377593e-08
  zones_population: 1.413206350046554e-06
  zones_transit_jobs_30min: 2.4628177362712266e-06
  zones_transit_jobs_50min: -3.5040107859881027e-07
sample_size: 1678
score: 0.3913602648627742
