fit_filters:
- non_residential_sqft > 0
- sqft_price_nonres > 1
- sqft_price_nonres < 650
- hedonic_id == 12521
model_expression:
  left_side: np.log1p(sqft_price_nonres)
model_type: Regression
name: RegressionModel
predict_filters: hedonic_id == 12521
ytransform: np.exp
coef:
  Intercept: -4.542531657579362
  building_age: -7.224783117225616e-07
  building_sqft: 3.838699392332351e-06
  crime_ucr_rate: -9.400721612298665e-05
  jobs_within_30_min: -8.665355459506424e-08
  land_area: -2.5630663706273747e-06
  nodes_walk_ave_nonres_sqft_price: 0.002044791168663606
  nodes_walk_ave_unit_sqft: -3.7652053439498434e-07
  nodes_walk_housing_cost: 1.1662032357275112e-07
  nodes_walk_industrial: -0.00013054577832748388
  nodes_walk_jobs: 2.7450428023937362e-05
  nodes_walk_medical: 0.0004503133865139357
  nodes_walk_node_r1500_sqft: 5.998058372759176e-09
  nodes_walk_population: 5.324186618853724e-05
  nodes_walk_race_2_hhs: 6.254804557888695e-05
  nodes_walk_retail: 0.006196428293081161
  nodes_walk_retail_jobs: 0.00032547412535361027
  parcel_sqft: 1.4887106972400043e-07
  parcels_ave_unit_size: -7.086347481878828e-07
  parcels_total_sqft: -2.7309423041885344e-06
  parcels_zones_employment: -9.051916969538942e-06
  parcels_zones_jobs_within_30_min: 4.775998998745798e-09
  parcels_zones_logsum_job_high_income: -5.448332452373882e-08
  parcels_zones_logsum_job_low_income: 1.1441231640923797e-07
  parcels_zones_logsum_pop_high_income: 7.184894100978865e-08
  parcels_zones_logsum_pop_low_income: -7.800092877240073e-09
  parcels_zones_population: 7.178922824093741e-08
  parcels_zones_retail_jobs: -3.219141540458022e-05
  parcels_zones_transit_jobs_30min: 1.015148420800234e-06
  parcels_zones_transit_jobs_50min: 2.42557119765004e-09
  parcels_zones_z_total_jobs: -1.0049301962722239e-05
  residential_sqft: 3.9785796010651694e-05
  sqft_per_unit: 0.0002375774171169535
  vacant_job_spaces: -0.0030083859610548903
  year_built: 0.004091899603729151
  zones_acres: -1.7991691708552016e-05
  zones_employment: -1.7089180838670576e-06
  zones_logsum_job_high_income: -3.1411473961448984e-08
  zones_logsum_job_low_income: 9.609563651750359e-08
  zones_logsum_pop_high_income: 3.622236774251272e-08
  zones_logsum_pop_low_income: -1.097894955423086e-07
  zones_population: 1.1193152573781188e-07
  zones_retail_jobs: -7.556715456702854e-06
  zones_transit_jobs_30min: 9.037797840366012e-12
  zones_z_total_jobs: -6.221786369315238e-07
sample_size: 6027
score: 0.33629963072765834
