fit_filters:
- non_residential_sqft > 0
- sqft_price_nonres > 1
- sqft_price_nonres < 650
- hedonic_id == 12523
model_expression:
  left_side: np.log1p(sqft_price_nonres)
model_type: Regression
name: RegressionModel
predict_filters: hedonic_id == 12523
ytransform: np.exp
coef:
  Intercept: -1.924075517832665
  b_total_jobs: 0.0007300112816296582
  building_age: -0.00032071438433110464
  building_sqft: -1.6207592184300761e-07
  crime_other_rate: -3.477084058838794e-05
  crime_ucr_rate: 2.9020377454112315e-05
  jobs_within_30_min: 2.1409859935920776e-08
  land_area: -1.5821417589428183e-06
  nodes_walk_housing_cost: -1.2698650707439158e-07
  nodes_walk_industrial: 0.0003874320473539683
  nodes_walk_jobs: 4.076360790067715e-05
  nodes_walk_lowinc_hhs: -2.2835767224415818e-05
  nodes_walk_medical: 0.00036164946800415704
  nodes_walk_node_r1500_sqft: -1.3530883883625968e-08
  nodes_walk_office: 0.010107688835879394
  nodes_walk_population: -6.284790087423552e-05
  nodes_walk_race_1_hhs: 0.00044645916876171816
  nodes_walk_race_3_hhs: -5.2908454044966964e-05
  nodes_walk_retail: -0.00017093789164045924
  nodes_walk_retail_jobs: -1.0166145680818966e-05
  parcel_sqft: 1.6123102190320364e-07
  parcels_total_job_spaces: -0.0009476114182294354
  parcels_total_sqft: 1.1702189876535378e-06
  parcels_zones_households: 1.5224132305957752e-06
  parcels_zones_jobs_within_30_min: 4.697156840254258e-08
  parcels_zones_logsum_job_high_income: 3.448996370666726e-08
  parcels_zones_logsum_job_low_income: 6.562048510640691e-08
  parcels_zones_logsum_pop_high_income: -4.837041352926966e-08
  parcels_zones_logsum_pop_low_income: -2.0867065526819548e-07
  parcels_zones_population: 5.975184038843919e-07
  parcels_zones_transit_jobs_30min: -2.5154523001277483e-06
  residential_sqft: -0.00015269535835297254
  sqft_per_unit: 0.0007620689288895975
  year_built: 0.0028005040040578757
  zones_acres: -3.9045332972950823e-05
  zones_households: 5.304105959078138e-06
  zones_logsum_job_high_income: 2.680564090533857e-08
  zones_logsum_job_low_income: 6.723719077706519e-08
  zones_logsum_pop_high_income: -3.5906423808778984e-08
  zones_logsum_pop_low_income: -7.174670050404718e-08
  zones_population: 4.3540490861960625e-07
  zones_transit_jobs_30min: -1.1850482094668616e-06
  zones_transit_jobs_50min: 5.6586845774784745e-08
sample_size: 4448
score: 0.43864156609710125
