fit_filters:
- non_residential_sqft > 0
- sqft_price_nonres > 1
- sqft_price_nonres < 650
- hedonic_id == 13
model_type: regression
name: RegressionModel
predict_filters: hedonic_id == 13
target_variable: np.log1p(sqft_price_nonres)
ytransform: np.exp
fit_parameters:
  Coefficient:
    Intercept: -7.848830164676503
    b_total_jobs: 0.0006304058595901983
    building_sqft: 4.689655504085706e-05
    crime_other_rate: 2.7611622390387357e-05
    crime_ucr_rate: -0.0002306500071316914
    jobs_non_home_based: 1.1457774317055097e-16
    jobs_within_30_min: -4.440685096620027e-07
    land_area: -3.9649702516312104e-05
    nodes_walk_ave_nonres_sqft_price: 0.00039680222084371986
    nodes_walk_ave_unit_sqft: 5.6278918353723795e-05
    nodes_walk_hhs_with_children: 0.004322555355955046
    nodes_walk_highinc_hhs: 9.398226485116274e-05
    nodes_walk_households: 0.0001230608940935177
    nodes_walk_housing_cost: 7.298762903352433e-07
    nodes_walk_industrial: 0.0016510624591198517
    nodes_walk_jobs: 7.770689531150266e-05
    nodes_walk_lowinc_hhs: -0.0012320519157261577
    nodes_walk_medical: -0.0004931209760307597
    nodes_walk_midinc_hhs: 0.00042461006499039985
    nodes_walk_node_r1500_sqft: -4.444022922994162e-08
    nodes_walk_office: 0.00024946071736720867
    nodes_walk_population: -0.00032056039787590893
    nodes_walk_race_2_hhs: 0.00045578769257272674
    nodes_walk_race_3_hhs: 0.0006348408834464331
    nodes_walk_race_4_hhs: -0.0009507743108520197
    nodes_walk_residential: 0.0031706507084800564
    nodes_walk_retail: 0.000978682432215268
    nodes_walk_retail_jobs: -9.764054085290112e-06
    parcel_sqft: 4.5163489540646543e-07
    parcels_parcel_size: 3.227614265501848e-06
    parcels_pptytax: -0.0002036110023376151
    parcels_total_job_spaces: 0.007651752510148657
    parcels_total_sqft: -4.7546154895454565e-05
    parcels_zones_jobs_within_30_min: 2.4296046252994043e-07
    residential_sqft: 3.067471540465252e-05
    sqft_per_unit: 8.681885544622588e-05
    year_built: 0.005578389042946975
    zones_acres: 3.721702928617042e-05
    zones_employment: 7.371539289642744e-05
    zones_households: -0.00040491094389907763
    zones_logsum_job_high_income: -5.121382796369664e-07
    zones_logsum_job_low_income: -1.4973390062134548e-08
    zones_logsum_job_mid_income: -3.721549442704452e-12
    zones_logsum_pop_high_income: 6.867128260879673e-07
    zones_logsum_pop_low_income: -3.773650683154214e-08
    zones_logsum_pop_mid_income: 1.0807004629940023e-08
    zones_population: 0.00013307674394236578
    zones_retail_jobs: -5.2308424174609867e-05
    zones_transit_jobs_30min: 5.015561433932182e-06
    zones_transit_jobs_50min: -1.1297728510350069e-06
    zones_z_total_jobs: 1.2345872764895027e-05
fit_rsquared: 0.44355735955297027
fitted: true
sample_size: 536
