fit_filters:
- non_residential_sqft > 0
- sqft_price_nonres > 1
- sqft_price_nonres < 650
- hedonic_id == 42
model_expression:
  left_side: np.log1p(sqft_price_nonres)
model_type: Regression
name: RegressionModel
predict_filters: hedonic_id == 42
ytransform: np.exp
coef:
  building_age: -0.0013159438668323062
  building_sqft: -5.724969627196891e-06
  crime_other_rate: 1.4997200383938692e-05
  crime_ucr_rate: -0.000396800073715927
  job_spaces: 0.005193748799868647
  jobs_within_30_min: -7.357630769256817e-07
  land_area: -4.033398471847989e-06
  nodes_walk_ave_nonres_sqft_price: 0.011356701280157453
  nodes_walk_ave_unit_sqft: 1.8289987446207874e-05
  nodes_walk_hhs_with_children: -0.005204521724940117
  nodes_walk_highinc_hhs: 0.0031337424608638945
  nodes_walk_housing_cost: -1.7755133281693812e-06
  nodes_walk_industrial: -0.004246411770038186
  nodes_walk_jobs: -6.715524525200038e-05
  nodes_walk_medical: 0.00032139408214903835
  nodes_walk_midinc_hhs: -0.0025987785502674583
  nodes_walk_node_r1500_sqft: 1.0053250906040599e-08
  nodes_walk_office: -0.0008628782667283326
  nodes_walk_population: 0.0018969278906294114
  nodes_walk_race_1_hhs: -0.0020778799499077552
  nodes_walk_race_2_hhs: 0.0011168211146595738
  nodes_walk_race_4_hhs: -0.0001826229814371
  nodes_walk_retail: -0.002044093808732936
  nodes_walk_retail_jobs: -0.0002561908642415506
  parcel_sqft: -6.220344157507712e-07
  parcels_ave_unit_size: 4.735978147146039e-06
  parcels_parcel_size: 9.232355127941056e-07
  parcels_total_job_spaces: -0.003901132954710349
  parcels_total_sqft: 6.511761763394523e-06
  parcels_zones_households: 0.0002013128617694741
  parcels_zones_jobs_within_30_min: 6.281497088375194e-07
  parcels_zones_logsum_job_high_income: 7.674348937044568e-07
  parcels_zones_logsum_job_low_income: -1.0206212686442458e-07
  parcels_zones_logsum_pop_high_income: -5.486868984544366e-07
  parcels_zones_logsum_pop_low_income: 1.3526174343797719e-08
  parcels_zones_mean_age_of_head: 0.00859382529373595
  parcels_zones_popden: -0.005577505577966764
  parcels_zones_population: -0.00017706654387185066
  parcels_zones_retail_jobs: 0.00023123636967161204
  parcels_zones_transit_jobs_30min: 2.2968380093794355e-06
  parcels_zones_transit_jobs_50min: -6.17013137837318e-07
  residential_sqft: 2.0521992815149637e-05
  school_district_achievement: -0.0019657500614524074
  vacant_job_spaces: 0.0003129929209810925
  year_built: 0.0006153392848921971
  zone_mean_age_of_head: 1.097140712000256e-18
  zones_acres: 1.1151797090995703e-05
  zones_households: 0.000387288189328494
  zones_logsum_job_high_income: 7.277019296445845e-07
  zones_logsum_job_low_income: -9.451708453450503e-08
  zones_logsum_pop_high_income: -5.489076386639162e-07
  zones_logsum_pop_low_income: 4.837823099012403e-08
  zones_mean_age_of_head: 0.0013329343256843413
  zones_population: -0.00015685287000312135
  zones_retail_jobs: 0.0009512850382964394
  zones_transit_jobs_30min: 4.026113144757744e-06
  zones_transit_jobs_50min: 1.5552268797541038e-06
sample_size: 106
score: 0.812125567480598
