fit_filters:
- non_residential_sqft > 0
- sqft_price_nonres > 1
- sqft_price_nonres < 650
- hedonic_id == 521
model_expression:
  left_side: np.log1p(sqft_price_nonres)
model_type: Regression
name: RegressionModel
predict_filters: hedonic_id == 521
ytransform: np.exp
coef:
  Intercept: -33.791017373394666
  b_total_jobs: 0.0025720816332977484
  building_age: -0.0009745266275115809
  building_sqft: -2.26888655905973e-05
  crime_other_rate: 1.971271327177851e-05
  crime_ucr_rate: -2.9297415061743846e-05
  jobs_within_30_min: -6.827475504113824e-08
  land_area: 9.389323812771204e-06
  nodes_walk_ave_nonres_sqft_price: 0.0038659063399427963
  nodes_walk_ave_unit_sqft: -2.5809849196821335e-05
  nodes_walk_households: -0.00011989462594021657
  nodes_walk_housing_cost: 1.6511445810695935e-06
  nodes_walk_jobs: 4.549331703603284e-05
  nodes_walk_lowinc_hhs: -0.0005193268487611897
  nodes_walk_medical: 0.0011829331263954672
  nodes_walk_midinc_hhs: 1.2937945354233952e-05
  nodes_walk_node_r1500_sqft: -2.1570149941634366e-08
  nodes_walk_population: 0.0002099511158658178
  nodes_walk_race_2_hhs: -6.410494717412315e-06
  nodes_walk_race_3_hhs: -0.00017320837818507123
  nodes_walk_race_4_hhs: 0.0001933798711598653
  nodes_walk_retail: 0.007698984352394748
  nodes_walk_retail_jobs: 0.0011266521030981554
  parcel_sqft: 1.7386801737318961e-06
  parcels_ave_unit_size: -4.708417423363584e-06
  parcels_total_sqft: -3.9230248564561915e-06
  parcels_zones_jobs_within_30_min: -1.2491447564121055e-08
  residential_sqft: 6.302314471913504e-05
  sqft_per_unit: 0.0001108330235059674
  year_built: 0.018721449315530374
  zones_acres: -5.2896556245574256e-05
  zones_employment: -3.6640724643795715e-05
  zones_households: 0.00021136476302793233
  zones_logsum_job_high_income: -9.017503415608141e-08
  zones_logsum_job_low_income: 3.738274395175619e-08
  zones_logsum_pop_high_income: 8.308749594243607e-08
  zones_logsum_pop_low_income: -1.929812922308228e-08
  zones_population: -4.8814968962844616e-05
  zones_transit_jobs_30min: 1.5641906905433804e-07
  zones_transit_jobs_50min: 3.295143996138089e-07
  zones_z_total_jobs: -6.17046635402271e-06
sample_size: 6730
score: 0.36827373295158894
