fit_filters:
- non_residential_sqft > 0
- sqft_price_nonres > 1
- sqft_price_nonres < 650
- hedonic_id == 11531
model_expression:
  left_side: np.log1p(sqft_price_nonres)
model_type: Regression
name: RegressionModel
predict_filters: hedonic_id == 11531
ytransform: np.exp
coef:
  building_sqft: 1.537203994229246e-06
  crime_other_rate: -0.00019805593238342357
  crime_ucr_rate: -4.5161883120610294e-05
  job_spaces: 0.002124231126480815
  jobs_within_30_min: -1.5890143522780683e-06
  land_area: -3.8352439043486025e-06
  nodes_walk_ave_nonres_sqft_price: -0.005883519556150511
  nodes_walk_ave_unit_sqft: 3.939450638005302e-05
  nodes_walk_households: -0.0001940996599396374
  nodes_walk_housing_cost: -4.382833094331389e-06
  nodes_walk_industrial: 0.01949036885544173
  nodes_walk_jobs: 0.0007751633685833819
  nodes_walk_node_r1500_sqft: -3.579560717483826e-08
  nodes_walk_race_2_hhs: -0.010527331715574866
  nodes_walk_retail: 0.00020784854850374913
  non_residential_units: 2.0219111645445407e-16
  parcel_sqft: 2.487471165995161e-07
  parcels_ave_unit_size: 5.7782293186690505e-05
  parcels_total_sqft: -4.884181632028013e-06
  parcels_zones_employment: -7.488020259854434e-07
  parcels_zones_households: -0.00036751113347303335
  parcels_zones_jobs_within_30_min: 1.9631890324618995e-06
  parcels_zones_logsum_job_high_income: -5.816930431355072e-06
  parcels_zones_logsum_job_low_income: 8.877871729613231e-06
  parcels_zones_logsum_pop_high_income: 4.000795496120355e-06
  parcels_zones_logsum_pop_low_income: -4.974259755431234e-06
  parcels_zones_population: 0.0001830625137220233
  parcels_zones_transit_jobs_30min: 8.299469469805779e-05
  parcels_zones_transit_jobs_50min: 2.7041620481850647e-05
  parcels_zones_z_total_jobs: -2.805903851807002e-06
  vacant_job_spaces: 0.0014485957554940553
  zones_acres: 2.21863585166876e-05
  zones_households: -0.00021891444314507024
  zones_logsum_job_high_income: -5.653803014604311e-06
  zones_logsum_job_low_income: 8.33099784095299e-06
  zones_logsum_pop_high_income: 3.331173077148298e-06
  zones_logsum_pop_low_income: -5.3495705668976454e-06
  zones_population: 0.00018986838182199166
  zones_transit_jobs_30min: 3.483099931530817e-05
  zones_transit_jobs_50min: 1.8512796211305178e-05
  zones_z_total_jobs: -1.4301750655249287e-06
sample_size: 125
score: 0.49582947990554427
