fit_filters:
- non_residential_sqft > 0
- sqft_price_nonres > 1
- sqft_price_nonres < 650
- hedonic_id == 14723
model_expression:
  left_side: np.log1p(sqft_price_nonres)
model_type: Regression
name: RegressionModel
predict_filters: hedonic_id == 14723
ytransform: np.exp
coef:
  b_total_jobs: 0.00698697192150744
  building_age: -0.0002266539855740091
  building_sqft: -1.7742421169621833e-05
  crime_other_rate: 0.00015473615590067753
  crime_ucr_rate: -5.292011210285236e-06
  jobs_within_30_min: 3.221401189689171e-06
  land_area: 2.7531840083162924e-06
  nodes_walk_ave_nonres_sqft_price: 0.0016037010982597453
  nodes_walk_ave_unit_sqft: 9.733370863989868e-06
  nodes_walk_housing_cost: 4.874937022563925e-07
  nodes_walk_jobs: -1.1248733889795192e-05
  nodes_walk_lowinc_hhs: -0.000900703940668065
  nodes_walk_medical: 0.0002591246067993395
  nodes_walk_node_r1500_sqft: 1.0185836593716073e-08
  nodes_walk_office: 0.007812272951777891
  nodes_walk_population: 0.0002439610630004806
  nodes_walk_residential: 0.0019032574785518802
  nodes_walk_retail: 0.00033035812937142665
  nodes_walk_retail_jobs: 0.00015201236450790534
  parcel_sqft: -9.797985690865865e-08
  parcels_ave_unit_size: 0.00011772744996607415
  parcels_landvalue: 1.5916360057967374e-06
  parcels_total_sqft: -1.4619598890145165e-05
  parcels_zones_employment: 0.00013403386434638484
  parcels_zones_households: -9.933193603296051e-05
  parcels_zones_jobs_within_30_min: -3.3539072256474657e-06
  parcels_zones_logsum_job_high_income: 1.0381486388761425e-05
  parcels_zones_logsum_job_low_income: -1.7362422684381617e-06
  parcels_zones_logsum_pop_high_income: -5.528507852588606e-06
  parcels_zones_logsum_pop_low_income: 9.043384823041167e-07
  parcels_zones_population: 0.00011203288564754757
  parcels_zones_retail_jobs: -7.176846508807117e-05
  parcels_zones_transit_jobs_30min: 3.650578839358684e-05
  parcels_zones_transit_jobs_50min: -1.9218841678364756e-05
  parcels_zones_z_total_jobs: 1.0114831624787025e-05
  residential_sqft: -2.5066365205932353e-05
  sqft_per_unit: 0.00030031818074268806
  year_built: 0.0030502522120286015
  zones_acres: -6.97336869836775e-06
  zones_employment: 3.1641841751284266e-05
  zones_households: -0.0003284576930253517
  zones_logsum_job_high_income: 1.0198832824247003e-05
  zones_logsum_job_low_income: -1.6861241231872265e-06
  zones_logsum_pop_high_income: -5.8372754766577765e-06
  zones_logsum_pop_low_income: 1.1840611668942423e-06
  zones_population: 0.00010439461870494611
  zones_retail_jobs: -2.78545538065125e-05
  zones_transit_jobs_30min: 2.560583964171355e-05
  zones_transit_jobs_50min: -1.7823903597619717e-05
  zones_z_total_jobs: 3.6646493908932033e-06
sample_size: 400
score: 0.47738314347481525
