fit_filters:
- non_residential_sqft > 0
- sqft_price_nonres > 1
- sqft_price_nonres < 650
- hedonic_id == 9365
model_expression:
  left_side: np.log1p(sqft_price_nonres)
model_type: Regression
name: RegressionModel
predict_filters: hedonic_id == 9365
ytransform: np.exp
coef:
  building_age: -0.0005384434325464303
  building_sqft: -5.224717064787418e-06
  crime_other_rate: 0.00012568058279650076
  crime_ucr_rate: -0.000600472816595365
  jobs_within_30_min: -8.914462030212105e-07
  land_area: -3.196302939406673e-05
  nodes_walk_ave_nonres_sqft_price: 0.0033721874506678832
  nodes_walk_ave_unit_sqft: -2.8041403658512955e-05
  nodes_walk_housing_cost: 3.117200931944091e-07
  nodes_walk_jobs: 5.1197444997724634e-05
  nodes_walk_medical: 0.00010817622917318518
  nodes_walk_node_r1500_sqft: 1.9153934084693974e-09
  nodes_walk_population: -0.0002830745408055261
  nodes_walk_residential: -0.0005614513172534475
  nodes_walk_retail_jobs: 0.00041751627360506297
  parcel_sqft: -1.0678262940139718e-07
  parcels_ave_unit_size: -0.00018151094244205787
  parcels_landvalue: 2.7029218963413224e-07
  parcels_total_sqft: -5.289077362383701e-06
  parcels_zones_employment: 4.983544535593997e-05
  parcels_zones_households: 0.0004514126809304183
  parcels_zones_jobs_within_30_min: -1.2521132268528402e-06
  parcels_zones_logsum_job_high_income: -2.0748938451541437e-06
  parcels_zones_logsum_job_low_income: 3.123224252504609e-06
  parcels_zones_logsum_pop_high_income: 2.093673200069757e-06
  parcels_zones_logsum_pop_low_income: -2.390846629993487e-06
  parcels_zones_population: -0.0001543579376144414
  parcels_zones_retail_jobs: -0.00022994656138663783
  parcels_zones_z_total_jobs: 1.3439967435667635e-05
  year_built: 0.004589759491937913
  zones_acres: -3.8281058221087194e-05
  zones_households: 0.0005015124672068764
  zones_logsum_job_high_income: -2.0559998547554674e-06
  zones_logsum_job_low_income: 3.0035410275202955e-06
  zones_logsum_pop_high_income: 1.3280847375813005e-06
  zones_logsum_pop_low_income: -2.4517126279830964e-06
  zones_population: -0.00014502403853299908
  zones_retail_jobs: -0.0001778276850162571
  zones_z_total_jobs: 1.3540385734110455e-06
sample_size: 142
score: 0.5992997424497877
