fit_filters:
- non_residential_sqft > 0
- sqft_price_nonres > 1
- sqft_price_nonres < 650
- hedonic_id == 9333
model_expression:
  left_side: np.log1p(sqft_price_nonres)
model_type: Regression
name: RegressionModel
predict_filters: hedonic_id == 9333
ytransform: np.exp
coef:
  b_total_jobs: 0.0025470720934087825
  building_age: -4.472827257778529e-05
  building_sqft: -2.873040013970045e-05
  crime_other_rate: 0.0002287921214668553
  crime_ucr_rate: -0.0006163440540516904
  jobs_non_home_based: 2.086771822285011e-17
  jobs_within_30_min: 1.7710887675548734e-06
  land_area: 2.328432455010249e-05
  nodes_walk_ave_nonres_sqft_price: 0.0041151926130788075
  nodes_walk_ave_unit_sqft: 8.040539463562054e-07
  nodes_walk_housing_cost: 2.029140284108174e-07
  nodes_walk_industrial: 0.0019871461456556646
  nodes_walk_jobs: 0.0003452863485668581
  nodes_walk_medical: 0.0003598246922150258
  nodes_walk_node_r1500_sqft: -1.9061121947364503e-08
  nodes_walk_office: -0.002025934565173952
  nodes_walk_population: -0.00028985431882236703
  nodes_walk_residential: 0.0005276790525803628
  nodes_walk_retail: -0.00046451204568717566
  nodes_walk_retail_jobs: 0.0008696205031726714
  parcel_sqft: 9.529258928340682e-07
  parcels_ave_unit_size: 2.297953200983784e-06
  parcels_total_sqft: -5.7727501159057234e-06
  parcels_zones_employment: 7.282758027388341e-05
  parcels_zones_households: -0.00015791442578025656
  parcels_zones_jobs_within_30_min: 3.083678410763992e-07
  parcels_zones_logsum_job_high_income: 2.1464320731392582e-06
  parcels_zones_logsum_job_low_income: -6.620994304939529e-06
  parcels_zones_logsum_pop_high_income: -1.3272741379128248e-06
  parcels_zones_logsum_pop_low_income: 2.5008265234005704e-06
  parcels_zones_population: 6.887280693950141e-05
  parcels_zones_retail_jobs: -0.0003544061987736462
  parcels_zones_z_total_jobs: 6.802520533894783e-05
  year_built: 0.004288283739661726
  zones_acres: 3.296778407243853e-05
  zones_employment: 3.610573916631341e-05
  zones_households: -0.00024933314325773084
  zones_logsum_job_high_income: 2.169769760399922e-06
  zones_logsum_job_low_income: -6.721370685832637e-06
  zones_logsum_pop_high_income: -8.402280347602191e-07
  zones_logsum_pop_low_income: 2.461751104433136e-06
  zones_population: 6.510615013550176e-05
  zones_retail_jobs: -0.00019142350938581578
  zones_z_total_jobs: 2.970770957513395e-05
sample_size: 89
score: 0.4746342694458532
