fit_filters:
- non_residential_sqft > 0
- sqft_price_nonres > 1
- sqft_price_nonres < 650
- hedonic_id == 523
model_expression:
  left_side: np.log1p(sqft_price_nonres)
model_type: Regression
name: RegressionModel
predict_filters: hedonic_id == 523
ytransform: np.exp
coef:
  Intercept: -19.524858597901424
  building_age: -0.0014021779455866176
  building_sqft: 3.049045576517001e-06
  crime_other_rate: 6.3909229620469165e-06
  crime_ucr_rate: -8.00852681333277e-05
  job_spaces: -0.0006745667604433286
  jobs_within_30_min: -2.713274387775019e-11
  land_area: -8.426485874193832e-06
  nodes_walk_ave_nonres_sqft_price: 0.005529925177717838
  nodes_walk_ave_unit_sqft: 1.2189809639013553e-06
  nodes_walk_highinc_hhs: -0.0007267866157005393
  nodes_walk_households: -0.00018208212833608118
  nodes_walk_housing_cost: -7.062580903686687e-07
  nodes_walk_jobs: -1.0559854626264661e-05
  nodes_walk_medical: 0.0016257315721880394
  nodes_walk_node_r1500_sqft: -1.2491963306495027e-08
  nodes_walk_office: 0.013787019527513331
  nodes_walk_population: 0.00019387186024513365
  nodes_walk_race_1_hhs: -0.0002325990713294777
  nodes_walk_retail: -0.0019296670730361305
  nodes_walk_retail_jobs: 0.0002351532219373034
  non_residential_units: -9.208358708480868e-17
  parcel_sqft: 6.114920153836337e-08
  parcels_ave_unit_size: 5.799047490498769e-05
  parcels_total_job_spaces: 9.936539711608365e-05
  parcels_total_sqft: 2.2222761473946138e-08
  parcels_zones_employment: 1.713028291934417e-05
  parcels_zones_jobs_within_30_min: -4.214294111696151e-08
  parcels_zones_logsum_job_high_income: 1.1179743697163544e-07
  parcels_zones_logsum_job_low_income: 1.0897732478376791e-08
  parcels_zones_logsum_pop_high_income: -1.244740813771071e-07
  parcels_zones_logsum_pop_low_income: 1.4644595506748234e-08
  parcels_zones_population: 7.110210741555435e-07
  parcels_zones_retail_jobs: -0.00026038227929715564
  parcels_zones_transit_jobs_30min: 3.980438193354857e-06
  parcels_zones_transit_jobs_50min: 2.2498973248889787e-07
  parcels_zones_z_total_jobs: 4.622286619889724e-08
  residential_sqft: 2.2194837949779593e-05
  sqft_per_unit: 3.791354544645239e-05
  vacant_job_spaces: -0.001093774555658508
  year_built: 0.011528918661219415
  zones_acres: 0.00022609369631541323
  zones_empden: -0.0003550886141874862
  zones_logsum_job_high_income: 9.164238275604314e-08
  zones_logsum_job_low_income: -7.507018636624078e-09
  zones_logsum_pop_high_income: -1.4324625179648747e-07
  zones_logsum_pop_low_income: -3.309109460124838e-08
  zones_population: 1.0750893343053187e-06
  zones_retail_jobs: -1.3043145578748322e-07
  zones_transit_jobs_30min: 2.4902972643017186e-06
  zones_transit_jobs_50min: -3.6345675348090214e-07
sample_size: 1678
score: 0.39000437577735125
