fit_filters:
- non_residential_sqft > 0
- sqft_price_nonres > 1
- sqft_price_nonres < 650
- hedonic_id == 9351
model_expression:
  left_side: np.log1p(sqft_price_nonres)
model_type: Regression
name: RegressionModel
predict_filters: hedonic_id == 9351
ytransform: np.exp
coef:
  building_age: -0.0004946893026950861
  building_sqft: -5.934635450118101e-06
  crime_other_rate: 0.00011968570873458322
  crime_ucr_rate: 0.00043049296959797237
  jobs_within_30_min: -9.358551925559757e-07
  land_area: 7.84741775239188e-06
  nodes_walk_ave_nonres_sqft_price: -0.0010299191783655166
  nodes_walk_ave_unit_sqft: -7.113257137511813e-05
  nodes_walk_housing_cost: 2.6735532535051364e-06
  nodes_walk_industrial: -5.187635157473659e-05
  nodes_walk_jobs: 5.438445415701313e-05
  nodes_walk_medical: 0.005468391156596909
  nodes_walk_node_r1500_sqft: -8.58827225206653e-09
  nodes_walk_population: -0.00047403583899273177
  nodes_walk_retail: -0.0007728617093574975
  parcel_sqft: 1.3714317362677475e-08
  parcels_ave_unit_size: -6.66744862169688e-05
  parcels_landvalue: 3.370849654241945e-07
  parcels_total_sqft: -7.767984495548613e-06
  parcels_zones_employment: 1.6070831050392314e-05
  parcels_zones_households: 8.594601865501488e-05
  parcels_zones_jobs_within_30_min: 5.035976503487862e-07
  parcels_zones_logsum_job_high_income: -2.092822505523455e-06
  parcels_zones_logsum_job_low_income: -3.8024614797892803e-06
  parcels_zones_logsum_pop_high_income: 5.057874546814669e-07
  parcels_zones_logsum_pop_low_income: 6.657263136575262e-06
  parcels_zones_population: 3.0003752205602995e-07
  parcels_zones_retail_jobs: -0.00023246954348154236
  parcels_zones_z_total_jobs: 4.4866662532454924e-05
  year_built: 0.002703903162414946
  zones_acres: -7.867027442024519e-05
  zones_households: 0.00012355474280457846
  zones_logsum_job_high_income: -1.926811287799486e-06
  zones_logsum_job_low_income: -4.457855267041856e-06
  zones_logsum_pop_high_income: 3.996408502576681e-07
  zones_logsum_pop_low_income: 6.221767280118782e-06
  zones_population: 3.962664139868566e-07
  zones_retail_jobs: -0.00012675989701491235
  zones_z_total_jobs: 2.1399023729751016e-05
sample_size: 76
score: 0.7866130521192183
