fit_filters:
- non_residential_sqft > 0
- sqft_price_nonres > 1
- sqft_price_nonres < 650
- hedonic_id == 9965
model_expression:
  left_side: np.log1p(sqft_price_nonres)
model_type: Regression
name: RegressionModel
predict_filters: hedonic_id == 9965
ytransform: np.exp
coef:
  b_total_jobs: 0.004086010825228324
  building_age: -0.001141702595769472
  building_sqft: 1.669229832294119e-06
  crime_other_rate: 8.570869152032007e-06
  crime_ucr_rate: -0.0002049024071016602
  job_spaces: 0.0007960167351939467
  jobs_non_home_based: 1.4500806058366782e-16
  jobs_within_30_min: -5.052701645148957e-07
  land_area: -3.684125822343372e-05
  nodes_walk_ave_nonres_sqft_price: 0.004253405849089882
  nodes_walk_ave_unit_sqft: -2.9522079070249496e-05
  nodes_walk_housing_cost: 2.725791619167586e-06
  nodes_walk_industrial: 0.0007271134255239516
  nodes_walk_jobs: 1.8727192699545755e-05
  nodes_walk_lowinc_hhs: 0.00018421595168064084
  nodes_walk_node_r1500_sqft: 3.029098960519437e-08
  nodes_walk_population: -2.392003248140292e-06
  nodes_walk_race_1_hhs: -0.0005210307996053901
  nodes_walk_race_2_hhs: 0.00024646000035608175
  nodes_walk_retail: 0.0006523372847126132
  nodes_walk_retail_jobs: -0.0004412940004579412
  non_residential_units: 1.3270562941500146e-18
  parcel_sqft: -2.865062261043926e-07
  parcels_ave_unit_size: -1.6176942009829966e-05
  parcels_total_sqft: -2.952671051628411e-07
  parcels_zones_employment: -7.1932611349342325e-06
  parcels_zones_households: 3.6067734412571886e-05
  parcels_zones_jobs_within_30_min: 2.2494871645828085e-08
  parcels_zones_logsum_job_high_income: -3.273355601659927e-08
  parcels_zones_logsum_job_low_income: -2.6419686205047257e-07
  parcels_zones_logsum_pop_high_income: 1.7336357979368258e-07
  parcels_zones_logsum_pop_low_income: 4.065326242073999e-07
  parcels_zones_mean_age_of_head: 0.003002530759109297
  parcels_zones_population: -3.288468285197352e-05
  parcels_zones_retail_jobs: -6.366292398409902e-05
  parcels_zones_transit_jobs_30min: -2.7954770664839353e-07
  parcels_zones_transit_jobs_50min: -1.2664163707924088e-06
  parcels_zones_z_total_jobs: -4.2036021619608524e-07
  residential_sqft: 2.3356507963736684e-07
  sqft_per_unit: 0.00016964232037017813
  year_built: 0.006042319181637337
  zones_acres: -0.00015690638940896507
  zones_employment: -7.829578947111912e-07
  zones_households: 9.912948553525598e-05
  zones_logsum_job_high_income: 1.134560863169048e-07
  zones_logsum_job_low_income: -2.9543315914233136e-07
  zones_logsum_pop_high_income: -8.790938864379064e-08
  zones_logsum_pop_low_income: 2.632482489243235e-07
  zones_mean_age_of_head: 0.0006209194742967467
  zones_population: -2.7462975972621678e-05
  zones_retail_jobs: -6.433390473465111e-06
  zones_transit_jobs_30min: -5.983360678026273e-09
  zones_transit_jobs_50min: -8.99334705008611e-07
sample_size: 805
score: 0.30351662450133365
