fit_filters:
- non_residential_sqft > 0
- sqft_price_nonres > 1
- sqft_price_nonres < 650
- hedonic_id == 53
model_expression:
  left_side: np.log1p(sqft_price_nonres)
model_type: Regression
name: RegressionModel
predict_filters: hedonic_id == 53
ytransform: np.exp
coef:
  b_total_jobs: 0.0010795157340891602
  building_age: -0.005030359059183421
  building_sqft: -1.8732601625431258e-06
  crime_other_rate: -2.105839719909813e-05
  crime_ucr_rate: 0.00016633982930867695
  jobs_within_30_min: 3.9756751891266125e-07
  land_area: -3.6351961815410823e-07
  large_area_id: 0.0005823505844899353
  nodes_walk_ave_nonres_sqft_price: 0.00036581774632866336
  nodes_walk_ave_unit_sqft: 2.90980034883402e-06
  nodes_walk_highinc_hhs: 0.0015050873040032757
  nodes_walk_housing_cost: 1.5691784881158034e-06
  nodes_walk_industrial: 0.0010142831542698583
  nodes_walk_jobs: 0.00031143379728918434
  nodes_walk_lowinc_hhs: -0.0001420705185583305
  nodes_walk_max_office_far: 0.000958786085718286
  nodes_walk_medical: 0.007398326178149469
  nodes_walk_node_r1500_sqft: -1.4791529949742712e-09
  nodes_walk_office: 0.0005226581725817048
  nodes_walk_population: -0.00010474481267575113
  nodes_walk_race_1_hhs: 0.00038858320750596355
  nodes_walk_race_2_hhs: 0.00028893610068499094
  nodes_walk_retail: -0.00047033053243229636
  parcel_sqft: 1.6617118056852894e-07
  parcels_ave_unit_size: 1.313079419173182e-06
  parcels_landvalue: 9.765144003656662e-08
  parcels_total_sqft: -1.027298041617935e-06
  parcels_zones_employment: -2.896011419447066e-05
  parcels_zones_jobs_within_30_min: 1.074865612907787e-07
  parcels_zones_logsum_job_high_income: -2.4291803338099266e-06
  parcels_zones_logsum_job_low_income: -1.0881432737501264e-08
  parcels_zones_logsum_pop_high_income: 1.0337191747935052e-06
  parcels_zones_logsum_pop_low_income: -5.316774428180249e-08
  parcels_zones_population: 5.408679510560113e-05
  parcels_zones_retail_jobs: 0.00020845038138108041
  parcels_zones_transit_jobs_30min: -6.112306765680381e-06
  parcels_zones_transit_jobs_50min: 5.471447366122685e-07
  parcels_zones_z_total_jobs: -4.0992263853016065e-05
  residential_sqft: -7.68769996435958e-07
  sqft_per_unit: 0.0001851480686464526
  vacant_job_spaces: -0.0004412724930903797
  year_built: 0.001992898475365754
  zones_acres: 1.9906721441411967e-05
  zones_employment: -7.047951537709368e-06
  zones_households: -5.1964431340952654e-05
  zones_logsum_job_high_income: -2.6707501702746993e-06
  zones_logsum_job_low_income: 1.4920625239642692e-08
  zones_logsum_pop_high_income: 1.785820495262513e-06
  zones_logsum_pop_low_income: -9.422799462657752e-10
  zones_transit_jobs_30min: -2.736554748483754e-06
  zones_transit_jobs_50min: 5.601486190135175e-07
sample_size: 314
score: 0.6440265038511606
