fit_filters:
- non_residential_sqft > 0
- sqft_price_nonres > 1
- sqft_price_nonres < 650
- hedonic_id == 32
model_expression:
  left_side: np.log1p(sqft_price_nonres)
model_type: Regression
name: RegressionModel
predict_filters: hedonic_id == 32
ytransform: np.exp
coef:
  building_age: -0.0010832195885325901
  building_sqft: -1.3057736674817717e-06
  crime_other_rate: -1.542359699491219e-05
  crime_ucr_rate: -0.00017828793912359257
  job_spaces: 0.0013198835660800394
  jobs_within_30_min: -2.7058100552312244e-07
  land_area: 4.4100293772532406e-07
  large_area_id: 0.0010314526467871984
  nodes_walk_ave_nonres_sqft_price: 0.0018476318009151818
  nodes_walk_ave_unit_sqft: 6.790374819861517e-07
  nodes_walk_housing_cost: -1.4843437656772185e-06
  nodes_walk_industrial: 0.007672631282873192
  nodes_walk_jobs: 4.482084762204153e-05
  nodes_walk_medical: 0.00042191634890839853
  nodes_walk_node_r1500_sqft: -1.0105179641385937e-08
  nodes_walk_office: -3.2404124987242625e-05
  nodes_walk_population: -0.00025967318328699233
  nodes_walk_race_1_hhs: 0.0013054485903407223
  nodes_walk_race_2_hhs: -0.0012085407848608177
  nodes_walk_residential: 0.00040884951382951174
  nodes_walk_retail: 0.00022401621417522563
  nodes_walk_retail_jobs: 0.00039016625521731907
  non_residential_units: 1.6143549696425876e-16
  parcel_sqft: 1.1917684469824344e-07
  parcels_ave_unit_size: 8.509725782067443e-05
  parcels_total_job_spaces: 1.8010508450898042e-05
  parcels_total_sqft: -3.118444666331308e-06
  parcels_zones_employment: 1.297233779001598e-08
  parcels_zones_households: -0.0002506970348027898
  parcels_zones_jobs_within_30_min: 2.0367547076117198e-07
  parcels_zones_logsum_job_high_income: -9.958478536452937e-09
  parcels_zones_logsum_job_low_income: 7.518713660694272e-08
  parcels_zones_logsum_pop_high_income: -4.213690160763591e-08
  parcels_zones_logsum_pop_low_income: -3.358743486126722e-08
  parcels_zones_population: 7.889344051100845e-05
  parcels_zones_retail_jobs: -0.0002206451292374146
  parcels_zones_transit_jobs_30min: 1.0174972612152731e-06
  parcels_zones_transit_jobs_50min: 5.96417519885562e-07
  parcels_zones_z_total_jobs: 4.387782738902504e-06
  vacant_job_spaces: 0.0013549962480771532
  year_built: 0.00602106734626342
  zones_acres: -1.4029268694292543e-05
  zones_employment: 9.027810181559001e-07
  zones_households: -0.00020406977375326667
  zones_logsum_job_high_income: -1.8038418463521608e-09
  zones_logsum_job_low_income: 6.471566118230614e-08
  zones_logsum_pop_high_income: -3.6656308228269855e-09
  zones_logsum_pop_low_income: -6.193776264665585e-08
  zones_population: 7.664400003882144e-05
  zones_retail_jobs: -1.0577140645648804e-05
  zones_transit_jobs_30min: 1.1725157202666041e-07
  zones_transit_jobs_50min: 5.6179787528354296e-08
  zones_z_total_jobs: 1.3074090874968545e-09
sample_size: 179
score: 0.7128724297507327
