fit_filters:
- non_residential_sqft > 0
- sqft_price_nonres > 1
- sqft_price_nonres < 650
- hedonic_id == 565
model_expression:
  left_side: np.log1p(sqft_price_nonres)
model_type: Regression
name: RegressionModel
predict_filters: hedonic_id == 565
ytransform: np.exp
coef:
  b_total_jobs: 0.007975531711848815
  building_age: -8.921968946904642e-05
  building_sqft: -4.14358981870072e-05
  crime_other_rate: 1.2159487320107278e-05
  crime_ucr_rate: 2.6485701044062348e-05
  jobs_non_home_based: 3.679039376088069e-18
  jobs_within_30_min: -2.4976229123614297e-09
  land_area: 2.2737879709693684e-05
  nodes_walk_ave_nonres_sqft_price: 0.00979630763847051
  nodes_walk_ave_unit_sqft: 1.3523819266673419e-05
  nodes_walk_housing_cost: -9.7511190711893e-07
  nodes_walk_jobs: -5.6642472343338966e-05
  nodes_walk_medical: 0.0013450430938738436
  nodes_walk_midinc_hhs: 0.0014815126220732748
  nodes_walk_node_r1500_sqft: 4.590623499244901e-08
  nodes_walk_population: -0.0003889123542100345
  nodes_walk_race_1_hhs: -9.95173798749352e-05
  nodes_walk_race_2_hhs: 0.00016204926672849914
  nodes_walk_race_4_hhs: 0.001667121543144164
  nodes_walk_residential: -0.0006183598756535232
  nodes_walk_retail_jobs: 0.002202256403204095
  parcel_sqft: 1.7219617532724252e-05
  parcels_ave_unit_size: 2.892156691523093e-05
  parcels_total_sqft: -1.8524717569638794e-05
  parcels_zones_empden: -1.5752890223008886e-05
  parcels_zones_households: -0.0002308165391482151
  parcels_zones_jobs_within_30_min: 7.177339159364747e-08
  parcels_zones_logsum_job_high_income: -7.836493389562296e-08
  parcels_zones_logsum_job_low_income: 1.6715624872117747e-08
  parcels_zones_logsum_pop_high_income: 1.1182442870446477e-07
  parcels_zones_logsum_pop_low_income: -7.576964371735838e-09
  parcels_zones_population: 6.710575954843904e-05
  parcels_zones_retail_jobs: 0.00034858994830278467
  parcels_zones_transit_jobs_30min: 2.550781476404341e-06
  parcels_zones_transit_jobs_50min: 2.8772032245017465e-07
  residential_sqft: 0.00017402291303393087
  sqft_per_unit: -7.239498022429194e-05
  year_built: 0.018591977631473213
  zones_acres: -8.955439094815328e-05
  zones_empden: -0.0007450559662354292
  zones_households: -0.00011351701947698024
  zones_logsum_job_high_income: -8.420706430233414e-08
  zones_logsum_job_low_income: 1.0306753132033785e-09
  zones_logsum_pop_high_income: 8.375356265331586e-08
  zones_logsum_pop_low_income: -2.32670891399813e-08
  zones_population: 7.937942334932344e-05
  zones_retail_jobs: 4.989059725378091e-08
  zones_transit_jobs_30min: 1.5230661813328603e-06
sample_size: 1044
score: 0.5397519659028797
