fit_filters:
- non_residential_sqft > 0
- sqft_price_nonres > 1
- sqft_price_nonres < 650
- hedonic_id == 11565
model_expression:
  left_side: np.log1p(sqft_price_nonres)
model_type: Regression
name: RegressionModel
predict_filters: hedonic_id == 11565
ytransform: np.exp
coef:
  building_age: -0.0002921885000479043
  crime_other_rate: 2.6074178794984163e-05
  crime_ucr_rate: 0.00013668732549663632
  jobs_within_30_min: 1.7648035792662644e-07
  land_area: -1.925543754508415e-05
  nodes_walk_ave_nonres_sqft_price: 0.005742152471533839
  nodes_walk_ave_unit_sqft: 8.457081966173172e-05
  nodes_walk_housing_cost: -1.3612054727701306e-05
  nodes_walk_jobs: 0.00020224007770556333
  nodes_walk_lowinc_hhs: 0.000297128352247912
  nodes_walk_medical: -0.0006660440570345083
  nodes_walk_midinc_hhs: -0.00046799537676016584
  nodes_walk_node_r1500_sqft: -2.3410853873870425e-08
  nodes_walk_office: -0.00018782083172218
  nodes_walk_residential: 0.0023111900664537226
  nodes_walk_retail: -0.0025887747744342466
  nodes_walk_retail_jobs: 0.0006444543771893205
  parcel_sqft: 1.2525375366400807e-08
  parcels_ave_unit_size: 0.00022005866469762352
  parcels_landvalue: 2.737599225693858e-08
  parcels_total_sqft: 2.541067451763586e-05
  parcels_zones_employment: 7.365595639759572e-06
  parcels_zones_households: 0.000451232375292915
  parcels_zones_jobs_within_30_min: 6.907084301838485e-07
  parcels_zones_logsum_job_high_income: -3.0215117434354284e-06
  parcels_zones_logsum_job_low_income: -6.313236993012217e-06
  parcels_zones_logsum_pop_high_income: 9.223347767407027e-07
  parcels_zones_logsum_pop_low_income: 1.4643347863254835e-06
  parcels_zones_population: -0.00022538664172194257
  parcels_zones_transit_jobs_30min: -0.0001920384234105302
  parcels_zones_transit_jobs_50min: -3.558824590119971e-05
  parcels_zones_z_total_jobs: 8.38938269361922e-05
  vacant_job_spaces: -0.014732275559460911
  year_built: 0.006000851377519312
  zones_acres: -8.293134965934245e-06
  zones_employment: 0.0002604956822308288
  zones_households: 0.0004916994089950663
  zones_logsum_job_high_income: -4.475234103943718e-06
  zones_logsum_job_low_income: -3.5768480422394225e-06
  zones_logsum_pop_high_income: 2.3243076919178127e-06
  zones_logsum_pop_low_income: 4.415917720225869e-06
  zones_population: -0.00024104535838545427
  zones_transit_jobs_30min: -0.00017278954914899775
  zones_transit_jobs_50min: -1.6338027147152915e-05
  zones_z_total_jobs: 1.8840966674063095e-05
sample_size: 166
score: 0.6731451922921478
