fit_filters:
- non_residential_sqft > 0
- sqft_price_nonres > 1
- sqft_price_nonres < 650
- hedonic_id == 9965
model_expression:
  left_side: np.log1p(sqft_price_nonres)
model_type: Regression
name: RegressionModel
predict_filters: hedonic_id == 9965
ytransform: np.exp
coef:
  Intercept: -6.707407122523088
  b_total_jobs: 0.0023763360737508927
  building_age: -0.000925003272428814
  building_sqft: -9.68299764666364e-06
  crime_other_rate: 3.4703031069705304e-05
  crime_ucr_rate: -0.00014161493774941095
  jobs_within_30_min: -5.95660270722875e-07
  land_area: -1.076800740541314e-05
  nodes_walk_ave_nonres_sqft_price: 0.0069256659660811674
  nodes_walk_ave_unit_sqft: -1.575072446377503e-05
  nodes_walk_hhs_with_children: 0.0006623521736083357
  nodes_walk_housing_cost: -1.203005959001798e-06
  nodes_walk_industrial: 0.00010946525375569564
  nodes_walk_jobs: 9.696888642213584e-05
  nodes_walk_medical: 3.47698946823298e-05
  nodes_walk_node_r1500_sqft: -5.031646353352437e-09
  nodes_walk_race_1_hhs: -0.00010375898306000905
  nodes_walk_retail: 7.278999067250053e-06
  nodes_walk_retail_jobs: -0.00041868675329176315
  parcel_sqft: -1.1334802218712983e-07
  parcels_ave_unit_size: -4.3459202285633846e-05
  parcels_total_sqft: -1.0116971315751261e-07
  parcels_total_units: -0.000137257026235891
  parcels_zones_jobs_within_30_min: -6.854063867732414e-08
  residential_sqft: 1.0903928668817544e-05
  sqft_per_unit: 0.000164684667334741
  year_built: 0.005391372779704612
  zones_acres: -6.58023918877185e-05
  zones_employment: 4.072512704442212e-09
  zones_households: 6.598421899305439e-05
  zones_logsum_job_high_income: 3.5029147169722573e-07
  zones_logsum_job_low_income: -8.343698877359545e-07
  zones_logsum_pop_high_income: -3.0164298231055e-08
  zones_logsum_pop_low_income: 9.489872666311869e-07
  zones_mean_age_of_head: 0.0036698200614320043
  zones_population: -1.9141856642430397e-05
  zones_retail_jobs: -0.00016251078149497124
  zones_transit_jobs_30min: -4.5324162257695895e-06
  zones_transit_jobs_50min: -2.2840833021727706e-06
  zones_z_total_jobs: 6.901736180646021e-06
sample_size: 916
score: 0.2949079461515547
