fit_filters:
- non_residential_sqft > 0
- sqft_price_nonres > 1
- sqft_price_nonres < 650
- hedonic_id == 12531
model_expression:
  left_side: np.log1p(sqft_price_nonres)
model_type: Regression
name: RegressionModel
predict_filters: hedonic_id == 12531
ytransform: np.exp
coef:
  Intercept: -6.020383924520836
  building_age: -0.000595729906385973
  building_sqft: 1.5823790616489908e-06
  crime_ucr_rate: -0.00011734206443265422
  job_spaces: -0.0005290450238534709
  jobs_within_30_min: 1.0399822732241517e-07
  land_area: -3.4727823310710935e-07
  nodes_walk_ave_nonres_sqft_price: 0.00036360508003147225
  nodes_walk_ave_unit_sqft: -3.434169638610476e-05
  nodes_walk_housing_cost: 1.0421030605093609e-07
  nodes_walk_industrial: 0.014988199395656644
  nodes_walk_jobs: 2.331783743401381e-05
  nodes_walk_medical: -4.799484114636295e-05
  nodes_walk_node_r1500_sqft: 5.858223999589304e-09
  nodes_walk_office: 0.00023509455011667946
  nodes_walk_population: 4.911495183277833e-05
  non_residential_units: -5.30455151966556e-19
  parcel_sqft: 5.853419797992966e-10
  parcels_total_job_spaces: 0.00042188664090862
  parcels_total_sqft: -1.0348709749483895e-06
  parcels_zones_households: 2.5763477611621975e-05
  parcels_zones_jobs_within_30_min: 1.2710545371315353e-10
  parcels_zones_logsum_job_high_income: 2.761047321056793e-08
  parcels_zones_logsum_job_low_income: 4.439034425163362e-08
  parcels_zones_logsum_pop_high_income: -4.022947769277586e-08
  parcels_zones_logsum_pop_low_income: -4.065151354554242e-08
  parcels_zones_population: -1.7084788663081786e-05
  parcels_zones_retail_jobs: 1.0370496214875824e-05
  parcels_zones_transit_jobs_30min: -1.535739713612646e-07
  parcels_zones_transit_jobs_50min: -6.786595708807436e-08
  vacant_job_spaces: -0.0004659070860405692
  year_built: 0.004599739808215818
  zones_acres: -1.360953996575126e-05
  zones_households: 3.3089204267599635e-05
  zones_logsum_job_high_income: 2.685972672708679e-08
  zones_logsum_job_low_income: 4.123749161418993e-08
  zones_logsum_pop_high_income: -3.536157726129641e-08
  zones_logsum_pop_low_income: -3.3965079390393696e-08
  zones_population: -1.2849931607963367e-05
  zones_retail_jobs: 2.0672436326778565e-06
  zones_transit_jobs_30min: -4.284304722950353e-08
  zones_transit_jobs_50min: -6.953265927573028e-08
sample_size: 3482
score: 0.47968969106385084
