fit_filters:
- non_residential_sqft > 0
- sqft_price_nonres > 1
- sqft_price_nonres < 650
- hedonic_id == 523
model_type: regression
name: RegressionModel
predict_filters: hedonic_id == 523
target_variable: np.log1p(sqft_price_nonres)
ytransform: np.exp
fit_parameters:
  Coefficient:
    Intercept: -19.93868069945104
    building_age: -0.0011337357832593932
    building_sqft: 3.3893384677222614e-06
    crime_other_rate: 7.684186289141353e-06
    crime_ucr_rate: -7.483895897002861e-05
    job_spaces: -0.0007386353498941095
    jobs_within_30_min: -5.518077297591301e-09
    land_area: -8.704261533336525e-06
    nodes_walk_ave_nonres_sqft_price: 0.005466834991545625
    nodes_walk_ave_unit_sqft: 1.771851874807242e-06
    nodes_walk_highinc_hhs: -0.0006888839329750926
    nodes_walk_households: -0.0001860571797305516
    nodes_walk_housing_cost: -6.116927652910531e-07
    nodes_walk_jobs: -1.1217412442383148e-05
    nodes_walk_medical: 0.001593628419892023
    nodes_walk_node_r1500_sqft: -1.2903657297151275e-08
    nodes_walk_office: 0.013898797310296406
    nodes_walk_population: 0.0001964731577553339
    nodes_walk_race_1_hhs: -0.0002677138974129221
    nodes_walk_retail: -0.0018282773399124184
    nodes_walk_retail_jobs: 0.0004228307584325263
    non_residential_units: -1.4731064131912707e-17
    parcel_sqft: 5.822687178043805e-07
    parcels_ave_unit_size: 5.769019950580896e-05
    parcels_parcel_size: -1.795238390366892e-06
    parcels_pct_undev: -0.0006521270729324925
    parcels_total_job_spaces: 0.00019794419106089202
    parcels_total_sqft: -3.5638752070847517e-07
    parcels_zones_jobs_within_30_min: -3.8178192122104367e-08
    residential_sqft: 2.5950318765475303e-05
    sqft_per_unit: 4.213213222151545e-05
    vacant_job_spaces: -0.0011332248155803309
    year_built: 0.011732590423181822
    zones_acres: 0.00022310034314965355
    zones_empden: -0.00036217760290517586
    zones_logsum_job_high_income: 1.8793821086385382e-07
    zones_logsum_job_low_income: 7.630492234574165e-09
    zones_logsum_job_mid_income: -2.2698624693188043e-10
    zones_logsum_pop_high_income: -2.440657053540182e-07
    zones_logsum_pop_low_income: -2.5125419726932248e-08
    zones_logsum_pop_mid_income: 3.440638732706157e-09
    zones_population: 3.5921660699717727e-06
    zones_retail_jobs: -0.00025568620907530495
    zones_transit_jobs_30min: 6.404205478573591e-06
    zones_transit_jobs_50min: -1.390983494497381e-07
    zones_z_total_jobs: 1.4202448951135808e-05
fit_rsquared: 0.390851831031663
fitted: true
model_expression:
  left_side: np.log1p(sqft_price_nonres)
  right_side:
  - year_built
  - sqft_per_unit
  - land_area
  - residential_sqft
  - building_sqft
  - job_spaces
  - non_residential_units
  - jobs_within_30_min
  - vacant_job_spaces
  - parcel_sqft
  - crime_ucr_rate
  - crime_other_rate
  - building_age
  - parcels_pct_undev
  - parcels_parcel_size
  - parcels_ave_unit_size
  - parcels_total_job_spaces
  - parcels_total_sqft
  - parcels_zones_jobs_within_30_min
  - zones_acres
  - zones_population
  - zones_retail_jobs
  - zones_empden
  - zones_logsum_pop_high_income
  - zones_logsum_pop_mid_income
  - zones_logsum_pop_low_income
  - zones_logsum_job_high_income
  - zones_logsum_job_mid_income
  - zones_logsum_job_low_income
  - zones_z_total_jobs
  - zones_transit_jobs_50min
  - zones_transit_jobs_30min
  - nodes_walk_population
  - nodes_walk_households
  - nodes_walk_highinc_hhs
  - nodes_walk_race_1_hhs
  - nodes_walk_jobs
  - nodes_walk_retail_jobs
  - nodes_walk_node_r1500_sqft
  - nodes_walk_ave_nonres_sqft_price
  - nodes_walk_retail
  - nodes_walk_office
  - nodes_walk_medical
  - nodes_walk_ave_unit_sqft
  - nodes_walk_housing_cost
sample_size: 1678
