fit_filters:
- non_residential_sqft > 0
- sqft_price_nonres > 1
- sqft_price_nonres < 650
- hedonic_id == 9323
model_expression:
  left_side: np.log1p(sqft_price_nonres)
model_type: Regression
name: RegressionModel
predict_filters: hedonic_id == 9323
ytransform: np.exp
coef:
  Intercept: 1.557764561695242
  building_age: -0.0008535520316048931
  building_sqft: 9.253065153270106e-06
  crime_other_rate: 0.00010934785334960598
  jobs_within_30_min: -7.408893610235866e-07
  land_area: -1.1377524382738913e-05
  nodes_walk_ave_nonres_sqft_price: 0.00026329233845874767
  nodes_walk_ave_unit_sqft: 3.58696170068436e-05
  nodes_walk_housing_cost: -9.274098578921788e-07
  nodes_walk_industrial: -0.00018561421623371546
  nodes_walk_jobs: 4.942681257645049e-05
  nodes_walk_medical: 0.0005179780573818164
  nodes_walk_node_r1500_sqft: -7.573981766562734e-09
  nodes_walk_office: 0.008387180060042293
  nodes_walk_population: -0.00014813637084596935
  nodes_walk_retail: 6.937170522584197e-05
  nodes_walk_retail_jobs: 0.0005711248973122414
  parcel_sqft: -5.4337487137906035e-08
  parcels_ave_unit_size: 1.1886252310802703e-05
  parcels_total_sqft: -2.797011725946794e-06
  parcels_zones_employment: -1.65766617800019e-05
  parcels_zones_logsum_job_high_income: 2.8209196945466527e-06
  parcels_zones_logsum_job_low_income: -1.1138806719110239e-05
  parcels_zones_logsum_pop_high_income: -5.217430336194376e-07
  parcels_zones_logsum_pop_low_income: 3.2461389213849457e-06
  parcels_zones_population: 2.7109958938164197e-05
  parcels_zones_retail_jobs: -1.5897564628677845e-05
  sqft_per_unit: 0.0005427253286155255
  vacant_job_spaces: -0.001566357056593388
  year_built: 0.0006082205025081326
  zones_acres: -1.8888392557429227e-05
  zones_logsum_job_high_income: 2.770367015843045e-06
  zones_logsum_job_low_income: -1.0924471742582193e-05
  zones_logsum_pop_high_income: -5.770310963064207e-07
  zones_logsum_pop_low_income: 3.3587023136426028e-06
  zones_population: 8.6545915550481e-06
  zones_retail_jobs: -1.743543347104396e-05
sample_size: 540
score: 0.3888845716273892
