fit_filters:
- non_residential_sqft > 0
- sqft_price_nonres > 1
- sqft_price_nonres < 650
- hedonic_id == 365
model_expression:
  left_side: np.log1p(sqft_price_nonres)
model_type: Regression
name: RegressionModel
predict_filters: hedonic_id == 365
ytransform: np.exp
coef:
  b_total_jobs: 0.0029853525173801163
  building_age: -0.0018293718483810629
  building_sqft: 7.097901711489605e-06
  crime_other_rate: 9.803805466814793e-06
  crime_ucr_rate: -0.00016164561340440876
  jobs_non_home_based: 6.375958360428097e-16
  jobs_within_30_min: -1.145203481452437e-08
  land_area: -4.734594231870774e-05
  nodes_walk_ave_nonres_sqft_price: 0.005323919384055343
  nodes_walk_ave_unit_sqft: -2.0143044125697484e-05
  nodes_walk_hhs_with_children: 0.00014340188511045255
  nodes_walk_highinc_hhs: -0.00018318816810544768
  nodes_walk_households: -0.00017666256146844732
  nodes_walk_housing_cost: -5.302743072796424e-07
  nodes_walk_industrial: 0.0011639034008007368
  nodes_walk_jobs: 6.21981640283298e-05
  nodes_walk_medical: 5.992294850652543e-05
  nodes_walk_node_r1500_sqft: 1.0875785080046768e-08
  nodes_walk_population: -9.06747110293432e-06
  nodes_walk_race_2_hhs: -0.00012507276628144094
  nodes_walk_race_3_hhs: -0.0004914830416624809
  parcel_sqft: -5.612536943164752e-07
  parcels_landvalue: 5.643732634973593e-07
  parcels_pptytax: -0.0007460058228480726
  parcels_total_sqft: 5.013088706185731e-09
  parcels_zones_employment: 1.869938524738393e-05
  parcels_zones_jobs_within_30_min: 1.273131945583781e-07
  parcels_zones_logsum_job_high_income: 9.662878486120173e-08
  parcels_zones_logsum_job_low_income: -7.510466617430488e-08
  parcels_zones_logsum_pop_high_income: -7.183805031965878e-08
  parcels_zones_logsum_pop_low_income: 3.816372796528362e-08
  parcels_zones_population: -2.3682519029674675e-05
  parcels_zones_retail_jobs: -0.00011551150959472674
  parcels_zones_transit_jobs_30min: 1.189979276403388e-06
  parcels_zones_transit_jobs_50min: 6.291265819045612e-07
  parcels_zones_z_total_jobs: 1.456649262806616e-05
  residential_sqft: 0.00012927276241071544
  vacant_job_spaces: -0.002930475207431863
  year_built: 0.005703703742765599
  zones_acres: -0.00015729149345210296
  zones_employment: 9.075678270001567e-06
  zones_logsum_job_high_income: 1.1904384215287846e-07
  zones_logsum_job_low_income: -8.570644995777906e-08
  zones_logsum_pop_high_income: -7.939424790855135e-08
  zones_logsum_pop_low_income: -1.9148664087515064e-08
  zones_retail_jobs: -4.1454285105731057e-05
  zones_transit_jobs_30min: 6.443631308734521e-07
  zones_transit_jobs_50min: 3.462364350969474e-07
  zones_z_total_jobs: 3.0909228473306125e-06
sample_size: 1348
score: 0.4514202101959476
