fit_filters:
- non_residential_sqft > 0
- sqft_price_nonres > 1
- sqft_price_nonres < 650
- hedonic_id == 14731
model_expression:
  left_side: np.log1p(sqft_price_nonres)
model_type: Regression
name: RegressionModel
predict_filters: hedonic_id == 14731
ytransform: np.exp
coef:
  Intercept: -4.830020472444848
  b_total_jobs: 0.0009897552431155814
  building_age: -4.0384291379251585e-06
  building_sqft: -2.1516157892432014e-05
  crime_other_rate: -1.0130792465078393e-05
  crime_ucr_rate: 9.130829458752966e-06
  jobs_non_home_based: 1.6666716877506553e-16
  jobs_within_30_min: 1.5100926636916686e-06
  land_area: 1.9432792561890994e-05
  nodes_walk_housing_cost: -5.35871239783402e-06
  nodes_walk_industrial: 0.02407280357547845
  nodes_walk_jobs: -0.0003400576403932202
  nodes_walk_medical: 0.00030477569287242927
  nodes_walk_node_r1500_sqft: -5.416684906291977e-09
  nodes_walk_office: -0.0003331947865260507
  nodes_walk_population: -7.1188521164066e-05
  nodes_walk_retail: 0.0004460854459056696
  nodes_walk_retail_jobs: 2.9865389336986932e-05
  parcel_sqft: -2.390441681503468e-08
  parcels_ave_unit_size: 0.0003080004855972369
  parcels_total_sqft: -2.859103268329641e-07
  parcels_zones_employment: -8.841849650053601e-07
  parcels_zones_households: 0.00032780605956530515
  parcels_zones_jobs_within_30_min: 1.0476158705125863e-06
  parcels_zones_logsum_job_high_income: 1.4461641094121486e-06
  parcels_zones_logsum_job_low_income: 1.2852012805433473e-06
  parcels_zones_logsum_pop_high_income: -2.794925473932702e-07
  parcels_zones_logsum_pop_low_income: -5.458351046786244e-07
  parcels_zones_population: -0.0001446612859294609
  parcels_zones_retail_jobs: -2.411825695364151e-05
  parcels_zones_transit_jobs_30min: -5.007906929498779e-05
  parcels_zones_transit_jobs_50min: -8.603602307076237e-06
  parcels_zones_z_total_jobs: -2.0959613485522302e-06
  year_built: 0.0034917787243588785
  zones_acres: 2.252120039965531e-06
  zones_households: 0.0003984606573525745
  zones_logsum_job_high_income: 1.3117160340687964e-06
  zones_logsum_job_low_income: 1.342397061257371e-06
  zones_logsum_pop_high_income: -6.569379421879857e-07
  zones_logsum_pop_low_income: -1.9709026480123145e-07
  zones_population: -0.0001391832838506351
  zones_transit_jobs_30min: -3.0185665597699406e-05
  zones_transit_jobs_50min: -5.525831218798904e-06
  zones_z_total_jobs: -1.6260540096281515e-06
sample_size: 385
score: 0.5433657608169467
