fit_filters:
- non_residential_sqft > 0
- sqft_price_nonres > 1
- sqft_price_nonres < 650
- hedonic_id == 11521
model_type: regression
name: RegressionModel
predict_filters: hedonic_id == 11521
target_variable: np.log1p(sqft_price_nonres)
ytransform: np.exp
fit_parameters:
  Coefficient:
    Intercept: 1.5239422116310841
    b_total_jobs: 0.0018485063141122772
    building_age: -6.905706116007958e-08
    building_sqft: -3.2574795691970995e-06
    crime_other_rate: 0.00015198593362519743
    crime_ucr_rate: -0.0005388729691454546
    jobs_non_home_based: 2.330831391502774e-16
    jobs_within_30_min: 1.5051026728923608e-07
    land_area: 5.084233123554121e-06
    nodes_walk_ave_nonres_sqft_price: 0.00028487080047887324
    nodes_walk_housing_cost: -7.23480677098417e-07
    nodes_walk_industrial: 0.0014530484416156889
    nodes_walk_jobs: -2.241716715988414e-05
    nodes_walk_medical: 0.0005355331867419737
    nodes_walk_node_r1500_sqft: -4.402586825450337e-09
    nodes_walk_population: 0.0002739182626897869
    nodes_walk_retail: 0.0130153042613445
    nodes_walk_retail_jobs: 0.000709435011134185
    parcel_sqft: 2.7974404532137383e-07
    parcels_ave_unit_size: -1.4545704085740584e-06
    parcels_parcel_size: -2.1284276066248366e-07
    parcels_pct_undev: 0.0004243142948780596
    parcels_total_sqft: -6.473513387218913e-06
    residential_sqft: 0.00032346076334846427
    sqft_per_unit: 8.136203859093901e-05
    year_built: 0.0009153595694087907
    zones_acres: -7.487546794635214e-07
    zones_employment: 2.1971330382380596e-05
    zones_households: -0.0001331487102337885
    zones_logsum_job_high_income: -4.70689162488214e-06
    zones_logsum_job_low_income: -1.712397658698883e-05
    zones_logsum_job_mid_income: 4.183062944043028e-06
    zones_logsum_pop_high_income: -7.025849872373279e-07
    zones_logsum_pop_low_income: 5.572079329386632e-06
    zones_logsum_pop_mid_income: 3.111600705609588e-06
    zones_population: 9.745519758416178e-06
    zones_retail_jobs: 0.00017303824971791587
    zones_transit_jobs_30min: 3.5559194440812893e-05
    zones_transit_jobs_50min: 1.266798667808778e-05
    zones_z_total_jobs: 9.372991857515086e-05
fit_rsquared: 0.43150735764680326
fitted: true
sample_size: 958
