fit_filters:
- non_residential_sqft > 0
- sqft_price_nonres > 1
- sqft_price_nonres < 650
- hedonic_id == 41
model_expression:
  left_side: np.log1p(sqft_price_nonres)
model_type: Regression
name: RegressionModel
predict_filters: hedonic_id == 41
ytransform: np.exp
coef:
  building_age: 0.0018378891579436429
  building_sqft: -1.0810766827634886e-06
  crime_other_rate: -1.0299223943926304e-05
  crime_ucr_rate: -0.00011742253080016072
  job_spaces: -5.2222253354218046e-05
  jobs_within_30_min: -8.284512268809601e-08
  land_area: -2.456071807233082e-07
  nodes_walk_ave_nonres_sqft_price: 0.00969221240741622
  nodes_walk_ave_unit_sqft: -2.855975649977596e-06
  nodes_walk_housing_cost: -1.9501456622324144e-06
  nodes_walk_industrial: -0.0008755416764371512
  nodes_walk_jobs: 0.00012130302531940308
  nodes_walk_lowinc_hhs: -0.0019343844013623049
  nodes_walk_medical: -0.001976307514910397
  nodes_walk_node_r1500_sqft: -1.0991155193039267e-08
  nodes_walk_office: -0.001927329493454267
  nodes_walk_population: 0.0002901996352006646
  nodes_walk_race_1_hhs: -3.952456229958957e-05
  nodes_walk_race_2_hhs: 0.0003621534136976997
  nodes_walk_residential: 0.00042452164732505307
  nodes_walk_retail: -0.000653626836187653
  nodes_walk_retail_jobs: 0.00013070356077281623
  non_residential_units: -1.0316970118760171e-20
  parcel_sqft: -7.941471084413688e-09
  parcels_ave_unit_size: -9.09059230694379e-05
  parcels_parcel_size: 3.9988945694661124e-08
  parcels_pct_undev: -0.0011430462971061862
  parcels_total_job_spaces: -4.9021930653589766e-05
  parcels_total_sqft: -1.8787310861790437e-07
  parcels_zones_employment: -3.3564711417678474e-20
  parcels_zones_households: -0.0004264688007525549
  parcels_zones_jobs_within_30_min: 1.412415354119304e-07
  parcels_zones_logsum_job_high_income: 1.0112551709130354e-07
  parcels_zones_logsum_job_low_income: 1.2332335818455146e-07
  parcels_zones_logsum_pop_high_income: -4.030219869644076e-08
  parcels_zones_logsum_pop_low_income: -1.3594951719503565e-07
  parcels_zones_mean_age_of_head: -0.0004911089079248885
  parcels_zones_population: 0.00010809075950577644
  parcels_zones_retail_jobs: 0.0007421832064494653
  parcels_zones_transit_jobs_30min: -4.247222861487002e-06
  parcels_zones_transit_jobs_50min: 1.7801649991649146e-07
  parcels_zones_z_total_jobs: -2.2420147754716138e-06
  vacant_job_spaces: -0.00018704651361637877
  year_built: -0.0004475042438881088
  zone_mean_age_of_head: -1.8992597291008062e-17
  zones_acres: -5.237977170304418e-05
  zones_employment: -2.295712019439637e-05
  zones_households: -0.00020981704746249628
  zones_logsum_job_high_income: 9.466630587936092e-08
  zones_logsum_job_low_income: 1.1476883994149556e-07
  zones_logsum_pop_high_income: -1.0994086669033735e-07
  zones_logsum_pop_low_income: -1.342517576578527e-07
  zones_mean_age_of_head: -0.00015554161574648205
  zones_population: 0.00011217090151521955
  zones_retail_jobs: 9.365617794424803e-10
  zones_transit_jobs_30min: -3.596478547804339e-06
  zones_transit_jobs_50min: 5.351010844036151e-07
  zones_z_total_jobs: -7.312184740301898e-21
sample_size: 1014
score: 0.4640728331006889
