fit_filters:
- non_residential_sqft > 0
- sqft_price_nonres > 1
- sqft_price_nonres < 650
- hedonic_id == 11
model_expression:
  left_side: np.log1p(sqft_price_nonres)
model_type: Regression
name: RegressionModel
predict_filters: hedonic_id == 11
ytransform: np.exp
coef:
  building_age: -0.00036934375195292056
  building_sqft: 1.5891891112936842e-05
  crime_other_rate: 0.00015125689946441018
  crime_ucr_rate: -0.0008169317993144899
  job_spaces: -0.0012044918969847979
  jobs_within_30_min: -2.2698372051319983e-06
  land_area: -4.269497458511995e-06
  nodes_walk_ave_nonres_sqft_price: 7.65475516971452e-06
  nodes_walk_ave_unit_sqft: 0.0002873153066374249
  nodes_walk_hhs_with_children: 0.00033965583463467036
  nodes_walk_highinc_hhs: -0.002694925243945882
  nodes_walk_households: -0.00042984489908577835
  nodes_walk_housing_cost: -2.4534588200001017e-06
  nodes_walk_jobs: -0.00018501563835888254
  nodes_walk_medical: 0.0025532406846716935
  nodes_walk_node_r1500_sqft: -7.871613433711026e-09
  nodes_walk_office: 0.005360239756509897
  nodes_walk_race_2_hhs: -0.0008097613582638958
  nodes_walk_race_3_hhs: 0.001575713244922997
  nodes_walk_race_4_hhs: -0.002777826065603277
  nodes_walk_residential: 0.0014040620252158474
  nodes_walk_retail: -0.0024153177885219935
  non_residential_units: -3.32895242023728e-20
  parcel_sqft: -4.1317427588353513e-07
  parcels_ave_unit_size: 0.00014997016915790025
  parcels_parcel_size: 4.796924590248865e-06
  parcels_total_job_spaces: 0.0028756821347685553
  parcels_total_sqft: -1.8671204239414394e-05
  parcels_zones_employment: 0.0003306707326858259
  parcels_zones_households: -0.000273144992880214
  parcels_zones_jobs_within_30_min: 1.0578319438955114e-06
  parcels_zones_logsum_job_high_income: 3.889865650977781e-07
  parcels_zones_logsum_job_low_income: -2.9031922699405994e-07
  parcels_zones_logsum_pop_high_income: 9.873364434983205e-07
  parcels_zones_logsum_pop_low_income: 3.144573614718958e-07
  parcels_zones_population: 6.019471137357254e-07
  parcels_zones_retail_jobs: 3.815398832505922e-06
  parcels_zones_transit_jobs_30min: 1.8489067380666044e-05
  parcels_zones_transit_jobs_50min: -6.158222512439544e-07
  parcels_zones_z_total_jobs: -0.00021416820841452876
  residential_sqft: 3.443535303731024e-10
  sqft_per_unit: 0.00014341872957282352
  vacant_job_spaces: -0.007228755776775393
  year_built: 0.006417742804796897
  zones_acres: -0.00011099478614311996
  zones_employment: -3.8544971229322995e-05
  zones_households: -6.536702073320987e-06
  zones_logsum_job_high_income: 4.477552308612989e-07
  zones_logsum_job_low_income: -2.742454003395205e-07
  zones_logsum_pop_high_income: -4.359713696227134e-07
  zones_logsum_pop_low_income: 1.590567814383837e-07
  zones_population: 8.421230005299574e-05
  zones_transit_jobs_30min: 1.268379249867446e-05
  zones_transit_jobs_50min: -1.0930471385307801e-06
  zones_z_total_jobs: -6.443306035607296e-05
sample_size: 160
score: 0.6900888730138817
