fit_filters:
- non_residential_sqft > 0
- sqft_price_nonres > 1
- sqft_price_nonres < 650
- hedonic_id == 16151
model_type: regression
name: RegressionModel
predict_filters: hedonic_id == 16151
target_variable: np.log1p(sqft_price_nonres)
ytransform: np.exp
fit_parameters:
  Coefficient:
    Intercept: -2.8455640999949985
    building_sqft: 3.7250011919060365e-06
    crime_other_rate: 1.455999860419986e-05
    crime_ucr_rate: -0.00023564424415417065
    jobs_within_30_min: -9.936905069450016e-07
    land_area: -4.0095036136377184e-07
    nodes_walk_ave_nonres_sqft_price: 0.0017036610636523457
    nodes_walk_ave_unit_sqft: 1.9486003418786714e-05
    nodes_walk_households: 0.0013008211371702595
    nodes_walk_housing_cost: -1.457188769542977e-06
    nodes_walk_jobs: -4.6426753526150763e-05
    nodes_walk_max_office_far: 0.003307697464342251
    nodes_walk_medical: 0.004873678241963593
    nodes_walk_node_r1500_sqft: -2.9416279363070284e-09
    nodes_walk_office: -0.0002637804991753886
    nodes_walk_population: -0.0003153548104840019
    nodes_walk_retail: -0.000969325027365876
    nodes_walk_retail_jobs: 0.0004294265746795059
    parcel_sqft: 2.5158259151074023e-07
    parcels_ave_unit_size: 0.00010323714178421551
    parcels_parcel_size: -5.07846597095843e-07
    parcels_pct_undev: -0.0015198958182615512
    parcels_total_job_spaces: 0.0008652742222625675
    parcels_total_sqft: -7.26994272668182e-06
    parcels_zones_jobs_within_30_min: 5.952879404246982e-07
    residential_sqft: -0.00016538890746667416
    vacant_job_spaces: -0.0034709256216767775
    year_built: 0.0034882759422960883
    zones_acres: -1.4494844737194005e-05
    zones_employment: 2.0918620250952164e-05
    zones_households: 8.876234511901232e-05
    zones_logsum_job_high_income: -2.5880292465548066e-07
    zones_logsum_job_low_income: -3.665841534529894e-07
    zones_logsum_job_mid_income: 3.3232219863942833e-07
    zones_logsum_pop_high_income: 9.784621468317944e-08
    zones_logsum_pop_low_income: 1.315642661937523e-07
    zones_logsum_pop_mid_income: 5.063904687401277e-08
    zones_population: -1.7618920312528506e-05
    zones_transit_jobs_30min: 4.676026705641204e-06
    zones_transit_jobs_50min: -6.35673839969201e-07
    zones_z_total_jobs: 1.9957994203686398e-06
fit_rsquared: 0.6705215065618276
fit_rsquared_adj: 0.6705215065618276
fitted: true
model_expression:
  left_side: np.log1p(sqft_price_nonres)
  right_side:
  - year_built
  - land_area
  - residential_sqft
  - building_sqft
  - jobs_within_30_min
  - vacant_job_spaces
  - parcel_sqft
  - crime_ucr_rate
  - crime_other_rate
  - parcels_pct_undev
  - parcels_parcel_size
  - parcels_ave_unit_size
  - parcels_total_job_spaces
  - parcels_total_sqft
  - parcels_zones_jobs_within_30_min
  - zones_acres
  - zones_households
  - zones_population
  - zones_employment
  - zones_logsum_pop_high_income
  - zones_logsum_pop_mid_income
  - zones_logsum_pop_low_income
  - zones_logsum_job_high_income
  - zones_logsum_job_mid_income
  - zones_logsum_job_low_income
  - zones_z_total_jobs
  - zones_transit_jobs_50min
  - zones_transit_jobs_30min
  - nodes_walk_population
  - nodes_walk_households
  - nodes_walk_max_office_far
  - nodes_walk_jobs
  - nodes_walk_retail_jobs
  - nodes_walk_node_r1500_sqft
  - nodes_walk_ave_nonres_sqft_price
  - nodes_walk_retail
  - nodes_walk_office
  - nodes_walk_medical
  - nodes_walk_ave_unit_sqft
  - nodes_walk_housing_cost
sample_size: 198
