fit_filters:
- non_residential_sqft > 0
- sqft_price_nonres > 1
- sqft_price_nonres < 650
- hedonic_id == 531
model_expression:
  left_side: np.log1p(sqft_price_nonres)
model_type: Regression
name: RegressionModel
predict_filters: hedonic_id == 531
ytransform: np.exp
coef:
  Intercept: -15.590192257804842
  building_age: -0.0006173620193272478
  building_sqft: -2.2138283247081104e-06
  crime_other_rate: -1.8946435483742338e-06
  crime_ucr_rate: -1.3651989138010948e-05
  job_spaces: 0.00016462391933418254
  jobs_within_30_min: -6.216785059610867e-07
  land_area: 1.4059448064170859e-06
  nodes_walk_ave_unit_sqft: -5.928352063951581e-07
  nodes_walk_households: 1.3767600444333238e-05
  nodes_walk_housing_cost: 2.8480970458958103e-06
  nodes_walk_industrial: 0.009431141880813607
  nodes_walk_jobs: -0.00011779642392361525
  nodes_walk_midinc_hhs: 0.0015154630887000843
  nodes_walk_node_r1500_sqft: 1.2329210483241223e-08
  nodes_walk_office: 0.00025572484798363576
  nodes_walk_population: -0.0003492035622507384
  nodes_walk_race_1_hhs: 0.00038865142933739734
  nodes_walk_retail: 0.0005076022264662414
  nodes_walk_retail_jobs: 0.0018546725389281522
  non_residential_units: 3.895040854117893e-17
  parcel_sqft: 4.3293640757863425e-07
  parcels_ave_unit_size: -0.0001008894461335644
  parcels_total_job_spaces: 0.0003821233751884929
  parcels_total_sqft: -1.5662450900427703e-06
  parcels_zones_households: -0.00017423149747286526
  parcels_zones_jobs_within_30_min: 2.0820870119523216e-07
  parcels_zones_logsum_job_high_income: 7.280374181860053e-08
  parcels_zones_logsum_job_low_income: -2.0923968965030936e-08
  parcels_zones_logsum_pop_high_income: -4.4432012509677414e-08
  parcels_zones_logsum_pop_low_income: 5.1020867170093875e-08
  parcels_zones_population: 8.580444337498415e-06
  parcels_zones_retail_jobs: 0.0006568429318449714
  parcels_zones_transit_jobs_30min: 5.903266497937543e-06
  parcels_zones_transit_jobs_50min: -1.8780255696170044e-06
  parcels_zones_z_total_jobs: -1.125493001528279e-07
  residential_sqft: 2.7548244919797084e-05
  sqft_per_unit: 0.0006535820497162447
  vacant_job_spaces: 0.00026336677632201195
  year_built: 0.009524438076597664
  zones_acres: -0.0002532563321550716
  zones_employment: -1.8538539075226904e-06
  zones_households: -2.34181541157684e-05
  zones_logsum_job_high_income: 6.02994989289435e-08
  zones_logsum_job_low_income: -2.569510541954298e-08
  zones_logsum_pop_high_income: -6.374711292028114e-08
  zones_logsum_pop_low_income: 2.715739168938003e-08
  zones_population: 1.0010999349239945e-05
  zones_retail_jobs: 7.216180118894203e-05
  zones_transit_jobs_30min: 2.968624173015958e-06
  zones_transit_jobs_50min: -1.833167423786386e-06
  zones_z_total_jobs: -6.48676080003976e-07
sample_size: 1694
score: 0.5278013093692779
