fit_filters:
- non_residential_sqft > 0
- sqft_price_nonres > 1
- sqft_price_nonres < 650
- hedonic_id == 63
model_type: regression
name: RegressionModel
predict_filters: hedonic_id == 63
target_variable: np.log1p(sqft_price_nonres)
ytransform: np.exp
fit_parameters:
  Coefficient:
    Intercept: -6.542699349854212
    building_age: -2.9292230850538175e-06
    building_sqft: 8.25697069274211e-07
    crime_other_rate: 8.388884718897672e-05
    crime_ucr_rate: 0.00021805000545284116
    jobs_within_30_min: 5.39352297633731e-07
    land_area: 5.79846696125419e-07
    nodes_walk_ave_nonres_sqft_price: 0.01401313975866016
    nodes_walk_ave_unit_sqft: 3.067739036712988e-05
    nodes_walk_housing_cost: -2.4642541940040564e-06
    nodes_walk_industrial: 0.0021451073371689827
    nodes_walk_jobs: 2.8955976006413116e-05
    nodes_walk_lowinc_hhs: 0.0003034349937148586
    nodes_walk_medical: -0.0008176285766250073
    nodes_walk_midinc_hhs: -0.0010863748619759064
    nodes_walk_node_r1500_sqft: -8.654152251375796e-09
    nodes_walk_office: -0.0006116904692355252
    nodes_walk_population: 0.0004622908816558836
    nodes_walk_race_1_hhs: -0.00043904004913776045
    nodes_walk_retail: -0.0023525299565840888
    nodes_walk_retail_jobs: -0.0002104397118116856
    parcel_sqft: 1.8090531472668478e-07
    parcels_parcel_size: -5.393883666098154e-07
    parcels_pct_undev: -0.005623291833589731
    parcels_pptytax: 0.0009134761435633222
    parcels_total_job_spaces: 0.0010600258718458135
    parcels_total_sqft: -3.980471713434052e-06
    parcels_zones_jobs_within_30_min: -6.494541114442686e-08
    residential_sqft: -0.00011788088741880222
    school_district_achievement: 0.009045779713104938
    sqft_per_unit: 0.000999583396415116
    vacant_job_spaces: -0.0005757726237069085
    year_built: 0.0048110612575044944
    zones_acres: 3.175230511762606e-06
    zones_employment: 1.7443459989987763e-06
    zones_households: 0.0008124396818311823
    zones_logsum_job_high_income: 9.708401494955311e-08
    zones_logsum_job_low_income: -2.2294696581443792e-07
    zones_logsum_job_mid_income: 1.3844547651119084e-07
    zones_logsum_pop_high_income: -1.819459641552271e-07
    zones_logsum_pop_low_income: -3.0123410585698775e-08
    zones_logsum_pop_mid_income: -1.1888774904797593e-07
    zones_population: -0.0003311854869973597
    zones_retail_jobs: 0.00010856099749610604
    zones_transit_jobs_30min: 1.2864629978462198e-06
    zones_transit_jobs_50min: 6.293114059212665e-07
    zones_z_total_jobs: 1.6204195727185662e-05
fit_rsquared: 0.6948465711831749
fit_rsquared_adj: 0.6948465711831749
fitted: true
model_expression:
  left_side: np.log1p(sqft_price_nonres)
  right_side:
  - year_built
  - sqft_per_unit
  - land_area
  - residential_sqft
  - building_sqft
  - jobs_within_30_min
  - vacant_job_spaces
  - parcel_sqft
  - school_district_achievement
  - crime_ucr_rate
  - crime_other_rate
  - building_age
  - parcels_pptytax
  - parcels_pct_undev
  - parcels_parcel_size
  - parcels_total_job_spaces
  - parcels_total_sqft
  - parcels_zones_jobs_within_30_min
  - zones_acres
  - zones_households
  - zones_population
  - zones_employment
  - zones_retail_jobs
  - zones_logsum_pop_high_income
  - zones_logsum_pop_mid_income
  - zones_logsum_pop_low_income
  - zones_logsum_job_high_income
  - zones_logsum_job_mid_income
  - zones_logsum_job_low_income
  - zones_z_total_jobs
  - zones_transit_jobs_50min
  - zones_transit_jobs_30min
  - nodes_walk_population
  - nodes_walk_midinc_hhs
  - nodes_walk_lowinc_hhs
  - nodes_walk_race_1_hhs
  - nodes_walk_jobs
  - nodes_walk_retail_jobs
  - nodes_walk_node_r1500_sqft
  - nodes_walk_ave_nonres_sqft_price
  - nodes_walk_retail
  - nodes_walk_office
  - nodes_walk_industrial
  - nodes_walk_medical
  - nodes_walk_ave_unit_sqft
  - nodes_walk_housing_cost
sample_size: 1475
