fit_filters:
- non_residential_sqft > 0
- sqft_price_nonres > 1
- sqft_price_nonres < 650
- hedonic_id == 9321
model_type: regression
name: RegressionModel
predict_filters: hedonic_id == 9321
target_variable: np.log1p(sqft_price_nonres)
ytransform: np.exp
fit_parameters:
  Coefficient:
    Intercept: 1.5566949569639208
    b_total_jobs: 0.0008858937617694858
    building_age: -0.0007002459978029919
    building_sqft: -4.270703521876468e-06
    crime_other_rate: 2.6225901924892306e-05
    crime_ucr_rate: 0.0004652223065245647
    jobs_non_home_based: 1.1574456655070483e-16
    jobs_within_30_min: -1.7995681950248755e-06
    land_area: 4.084167178698711e-07
    nodes_walk_ave_nonres_sqft_price: 0.000323326615058239
    nodes_walk_ave_unit_sqft: -5.621033590297703e-06
    nodes_walk_housing_cost: 3.6223006666186666e-06
    nodes_walk_jobs: 0.00013211287903561994
    nodes_walk_medical: -0.0002641510780444141
    nodes_walk_node_r1500_sqft: -8.741155213404725e-09
    nodes_walk_population: -0.0001029657256978674
    nodes_walk_residential: -0.0007413469165217261
    nodes_walk_retail: 0.009059418056230995
    nodes_walk_retail_jobs: 0.00017930695367614815
    parcel_sqft: 2.2469295889150336e-07
    parcels_ave_unit_size: -7.657807963169413e-05
    parcels_parcel_size: -5.212155221003201e-07
    parcels_pct_undev: 0.0017759806160806465
    parcels_total_job_spaces: 0.0017650882489358023
    parcels_total_sqft: -5.889090335851992e-06
    parcels_zones_jobs_within_30_min: -8.886906996176226e-10
    residential_sqft: 0.0004965839671124797
    vacant_job_spaces: -0.00019193474073021674
    year_built: 0.0005790027604740213
    zones_acres: 1.857066799691921e-05
    zones_households: 0.00011328410181031232
    zones_logsum_job_high_income: -1.2135746853319745e-06
    zones_logsum_job_low_income: 4.509021793913973e-06
    zones_logsum_job_mid_income: -5.493077937466537e-06
    zones_logsum_pop_high_income: 4.273631795033984e-06
    zones_logsum_pop_low_income: 6.079760431308593e-06
    zones_logsum_pop_mid_income: -3.2653790352329336e-06
    zones_population: -5.1207100471470824e-05
    zones_retail_jobs: 0.00019949006510693645
    zones_z_total_jobs: -1.9289402532329095e-05
fit_rsquared: 0.4156515071282533
fitted: true
model_expression:
  left_side: np.log1p(sqft_price_nonres)
  right_side:
  - year_built
  - land_area
  - residential_sqft
  - building_sqft
  - jobs_within_30_min
  - vacant_job_spaces
  - parcel_sqft
  - crime_ucr_rate
  - crime_other_rate
  - building_age
  - b_total_jobs
  - jobs_non_home_based
  - parcels_pct_undev
  - parcels_parcel_size
  - parcels_ave_unit_size
  - parcels_total_job_spaces
  - parcels_total_sqft
  - parcels_zones_jobs_within_30_min
  - zones_acres
  - zones_households
  - zones_population
  - zones_retail_jobs
  - zones_logsum_pop_high_income
  - zones_logsum_pop_mid_income
  - zones_logsum_pop_low_income
  - zones_logsum_job_high_income
  - zones_logsum_job_mid_income
  - zones_logsum_job_low_income
  - zones_z_total_jobs
  - nodes_walk_population
  - nodes_walk_jobs
  - nodes_walk_retail_jobs
  - nodes_walk_node_r1500_sqft
  - nodes_walk_residential
  - nodes_walk_ave_nonres_sqft_price
  - nodes_walk_retail
  - nodes_walk_medical
  - nodes_walk_ave_unit_sqft
  - nodes_walk_housing_cost
sample_size: 893
