fit_filters:
- non_residential_sqft > 0
- sqft_price_nonres > 1
- sqft_price_nonres < 650
- hedonic_id == 16133
model_type: regression
name: RegressionModel
predict_filters: hedonic_id == 16133
target_variable: np.log1p(sqft_price_nonres)
ytransform: np.exp
fit_parameters:
  Coefficient:
    Intercept: -2.5470647512887896
    b_total_jobs: 0.0004224415848345646
    building_age: -0.0007607356698707105
    building_sqft: -5.189069113210892e-06
    crime_other_rate: -0.00026837491103435054
    crime_ucr_rate: 0.0005564866173293588
    jobs_non_home_based: 5.25621565872836e-19
    jobs_within_30_min: 1.9174276627267177e-06
    land_area: 6.867465238089528e-06
    nodes_walk_ave_nonres_sqft_price: 0.009801492172426972
    nodes_walk_ave_unit_sqft: -2.517957774023665e-05
    nodes_walk_housing_cost: 3.3719323913246924e-06
    nodes_walk_industrial: -0.0017816841655901696
    nodes_walk_jobs: 0.0001585747158438577
    nodes_walk_lowinc_hhs: 0.0010724404080159904
    nodes_walk_medical: -0.0009611382780701282
    nodes_walk_node_r1500_sqft: -3.320928286438962e-09
    nodes_walk_office: 0.0006717543519422312
    nodes_walk_race_1_hhs: -0.0004962304240944422
    nodes_walk_residential: -0.0009199493940836837
    nodes_walk_retail: -0.0030360821843064415
    nodes_walk_retail_jobs: -0.00016642736212995794
    parcel_sqft: -9.364386631623498e-08
    parcels_parcel_size: -3.99990443524182e-07
    parcels_pct_undev: 0.0008931629441643294
    parcels_total_job_spaces: 0.00026657913582817496
    parcels_total_sqft: -4.806682642937596e-07
    parcels_zones_jobs_within_30_min: 3.1167837147781575e-07
    school_district_achievement: 0.004504838317639317
    year_built: 0.0028110163687689285
    zones_acres: -3.3423674139351345e-05
    zones_employment: 3.758354131814378e-05
    zones_households: -0.00012606614534907477
    zones_logsum_job_high_income: 1.5484098426649194e-06
    zones_logsum_job_low_income: 2.154906957897407e-06
    zones_logsum_job_mid_income: -2.3616988295576717e-06
    zones_logsum_pop_high_income: -1.81089084796699e-06
    zones_logsum_pop_low_income: -1.790282810333826e-06
    zones_logsum_pop_mid_income: 2.3031910131030667e-06
    zones_population: 0.00011925143981330484
    zones_retail_jobs: -0.00018864600833252268
    zones_transit_jobs_30min: 1.3367540430285193e-05
    zones_transit_jobs_50min: -4.182092411210447e-06
fit_rsquared: 0.6160934723605657
fit_rsquared_adj: 0.6160934723605657
fitted: true
model_expression:
  left_side: np.log1p(sqft_price_nonres)
  right_side:
  - year_built
  - land_area
  - building_sqft
  - jobs_within_30_min
  - parcel_sqft
  - school_district_achievement
  - crime_ucr_rate
  - crime_other_rate
  - building_age
  - b_total_jobs
  - jobs_non_home_based
  - parcels_pct_undev
  - parcels_parcel_size
  - parcels_total_job_spaces
  - parcels_total_sqft
  - parcels_zones_jobs_within_30_min
  - zones_acres
  - zones_households
  - zones_population
  - zones_employment
  - zones_retail_jobs
  - zones_logsum_pop_high_income
  - zones_logsum_pop_mid_income
  - zones_logsum_pop_low_income
  - zones_logsum_job_high_income
  - zones_logsum_job_mid_income
  - zones_logsum_job_low_income
  - zones_transit_jobs_50min
  - zones_transit_jobs_30min
  - nodes_walk_lowinc_hhs
  - nodes_walk_race_1_hhs
  - nodes_walk_jobs
  - nodes_walk_retail_jobs
  - nodes_walk_node_r1500_sqft
  - nodes_walk_residential
  - nodes_walk_ave_nonres_sqft_price
  - nodes_walk_retail
  - nodes_walk_office
  - nodes_walk_industrial
  - nodes_walk_medical
  - nodes_walk_ave_unit_sqft
  - nodes_walk_housing_cost
sample_size: 560
