fit_filters:
- non_residential_sqft > 0
- sqft_price_nonres > 1
- sqft_price_nonres < 650
- hedonic_id == 61
model_expression:
  left_side: np.log1p(sqft_price_nonres)
model_type: Regression
name: RegressionModel
predict_filters: hedonic_id == 61
ytransform: np.exp
coef:
  building_age: -0.0004565517588907227
  building_sqft: 4.983487580557272e-06
  crime_other_rate: -4.5831866195191524e-05
  crime_ucr_rate: -0.00014743937361123992
  jobs_within_30_min: 4.310922261413173e-08
  land_area: -4.343104735281855e-06
  nodes_walk_ave_nonres_sqft_price: 0.009595514419473492
  nodes_walk_ave_unit_sqft: -4.449474878102418e-05
  nodes_walk_households: -8.85566554488091e-05
  nodes_walk_housing_cost: 6.879978202508396e-06
  nodes_walk_jobs: -5.212708266543934e-06
  nodes_walk_lowinc_hhs: -0.0008929291129052126
  nodes_walk_medical: -0.0019526682157034328
  nodes_walk_node_r1500_sqft: 3.810573421479921e-09
  nodes_walk_office: -0.0014831637223445572
  nodes_walk_race_1_hhs: 0.00037491752587968854
  nodes_walk_race_4_hhs: -0.0017239485541945586
  nodes_walk_residential: -0.0010421393473314694
  nodes_walk_retail: -0.0009674404752859683
  nodes_walk_retail_jobs: 0.0005300777259628919
  parcel_sqft: -1.5693166486446836e-08
  parcels_ave_unit_size: -0.00036212470057872894
  parcels_parcel_size: 6.456455809942324e-08
  parcels_pct_undev: -0.002475411968153826
  parcels_pptytax: -0.00023415936162995586
  parcels_total_job_spaces: 0.0012282083838162
  parcels_total_sqft: -2.4641662921489492e-06
  parcels_total_units: 0.00010094645341841068
  parcels_zones_employment: 2.238380738244633e-05
  parcels_zones_households: -0.00014541171728716304
  parcels_zones_jobs_within_30_min: 1.285572377401989e-07
  parcels_zones_logsum_job_high_income: -4.810362640005798e-08
  parcels_zones_logsum_job_low_income: -1.8061428970138204e-08
  parcels_zones_logsum_pop_high_income: 1.2330066288994e-07
  parcels_zones_logsum_pop_low_income: 8.600679254345183e-09
  parcels_zones_population: 6.433846034661778e-05
  parcels_zones_retail_jobs: 0.00034341275896328005
  parcels_zones_transit_jobs_30min: 3.4797880155285676e-06
  parcels_zones_transit_jobs_50min: 2.5287644046605174e-06
  residential_sqft: 0.0007357484509760935
  school_district_achievement: 0.00011602662143580538
  vacant_job_spaces: -0.0032374418906757564
  year_built: 0.002571388207639723
  zones_acres: -5.299441929465477e-06
  zones_households: -0.00013071443958089548
  zones_logsum_job_high_income: 9.44563893929761e-09
  zones_logsum_job_low_income: -4.006753140718709e-08
  zones_logsum_pop_high_income: -1.0466626267864191e-07
  zones_logsum_pop_low_income: -5.284476327714409e-08
  zones_population: 6.46256884852314e-05
  zones_transit_jobs_30min: 2.3960453476514076e-06
  zones_transit_jobs_50min: 1.5602365996067473e-06
  zones_z_total_jobs: 2.0114810953939e-09
sample_size: 1171
score: 0.5268598561702119
