fit_filters:
- non_residential_sqft > 0
- sqft_price_nonres > 1
- sqft_price_nonres < 650
- hedonic_id == 523
model_type: regression
name: RegressionModel
predict_filters: hedonic_id == 523
target_variable: np.log1p(sqft_price_nonres)
ytransform: np.exp
fit_parameters:
  Coefficient:
    Intercept: -19.94049702457813
    building_age: -0.001133298491220514
    building_sqft: 3.3893351841651782e-06
    crime_other_rate: 7.671248183751731e-06
    crime_ucr_rate: -7.484562702298818e-05
    job_spaces: -0.0007385628407475692
    jobs_within_30_min: -5.572749828263851e-09
    land_area: -8.704235394728693e-06
    nodes_walk_ave_nonres_sqft_price: 0.0054668118063997285
    nodes_walk_ave_unit_sqft: 1.7726922076053516e-06
    nodes_walk_highinc_hhs: -0.0006814641082966317
    nodes_walk_households: -0.00018595029420857403
    nodes_walk_housing_cost: -6.137707009368777e-07
    nodes_walk_jobs: -1.1242707398846357e-05
    nodes_walk_medical: 0.0015947462381845363
    nodes_walk_node_r1500_sqft: -1.2854662582896013e-08
    nodes_walk_office: 0.013900408812838227
    nodes_walk_population: 0.0001957869297283306
    nodes_walk_race_1_hhs: -0.00026775324171045896
    nodes_walk_retail: -0.0018292404980548862
    nodes_walk_retail_jobs: 0.0004223806313457761
    non_residential_units: -1.635296272841029e-17
    parcel_sqft: 5.827225774774085e-07
    parcels_ave_unit_size: 5.7727216634770355e-05
    parcels_parcel_size: -1.7954371556940035e-06
    parcels_pct_undev: -0.0006513861578183229
    parcels_total_job_spaces: 0.00019806947363671992
    parcels_total_sqft: -3.568438832573548e-07
    parcels_zones_jobs_within_30_min: -3.819609556496101e-08
    residential_sqft: 2.593849105156167e-05
    sqft_per_unit: 4.215292964738066e-05
    vacant_job_spaces: -0.0011332415111527708
    year_built: 0.011733478020724185
    zones_acres: 0.00022233144563218532
    zones_empden: -0.0003617101003735417
    zones_logsum_job_high_income: 1.8784430596822083e-07
    zones_logsum_job_low_income: 7.60617981700588e-09
    zones_logsum_job_mid_income: -2.105839251710236e-10
    zones_logsum_pop_high_income: -2.439116109716909e-07
    zones_logsum_pop_low_income: -2.5074349518541204e-08
    zones_logsum_pop_mid_income: 3.4214311016433984e-09
    zones_population: 3.7831149683242102e-06
    zones_retail_jobs: -0.00025942390069711184
    zones_transit_jobs_30min: 6.403144827729055e-06
    zones_transit_jobs_50min: -1.3903974464788402e-07
    zones_z_total_jobs: 1.4180884157189165e-05
fit_rsquared: 0.3908355321147424
fit_rsquared_adj: 0.3908355321147424
fitted: true
model_expression:
  left_side: np.log1p(sqft_price_nonres)
  right_side:
  - year_built
  - sqft_per_unit
  - land_area
  - residential_sqft
  - building_sqft
  - job_spaces
  - non_residential_units
  - jobs_within_30_min
  - vacant_job_spaces
  - parcel_sqft
  - crime_ucr_rate
  - crime_other_rate
  - building_age
  - parcels_pct_undev
  - parcels_parcel_size
  - parcels_ave_unit_size
  - parcels_total_job_spaces
  - parcels_total_sqft
  - parcels_zones_jobs_within_30_min
  - zones_acres
  - zones_population
  - zones_retail_jobs
  - zones_empden
  - zones_logsum_pop_high_income
  - zones_logsum_pop_mid_income
  - zones_logsum_pop_low_income
  - zones_logsum_job_high_income
  - zones_logsum_job_mid_income
  - zones_logsum_job_low_income
  - zones_z_total_jobs
  - zones_transit_jobs_50min
  - zones_transit_jobs_30min
  - nodes_walk_population
  - nodes_walk_households
  - nodes_walk_highinc_hhs
  - nodes_walk_race_1_hhs
  - nodes_walk_jobs
  - nodes_walk_retail_jobs
  - nodes_walk_node_r1500_sqft
  - nodes_walk_ave_nonres_sqft_price
  - nodes_walk_retail
  - nodes_walk_office
  - nodes_walk_medical
  - nodes_walk_ave_unit_sqft
  - nodes_walk_housing_cost
sample_size: 1678
