fit_filters:
- non_residential_sqft > 0
- sqft_price_nonres > 1
- sqft_price_nonres < 650
- hedonic_id == 565
model_expression:
  left_side: np.log1p(sqft_price_nonres)
model_type: Regression
name: RegressionModel
predict_filters: hedonic_id == 565
ytransform: np.exp
coef:
  b_total_jobs: 0.007424417437393284
  building_age: -3.0196386395120453e-06
  building_sqft: 4.706636726455639e-05
  crime_other_rate: 9.998654732037615e-06
  crime_ucr_rate: 3.584404397240005e-05
  jobs_non_home_based: 2.747773771636015e-19
  jobs_within_30_min: -8.562513312444048e-09
  land_area: 1.1288030610418774e-06
  nodes_walk_ave_nonres_sqft_price: 0.010536228308939171
  nodes_walk_ave_unit_sqft: 8.691215984361801e-06
  nodes_walk_hhs_with_children: -0.0002574889027142098
  nodes_walk_housing_cost: -1.0586237088818089e-06
  nodes_walk_jobs: -5.720056049330354e-05
  nodes_walk_medical: 0.0006406678005313795
  nodes_walk_midinc_hhs: 0.0021017087873602576
  nodes_walk_node_r1500_sqft: 4.288412052841351e-08
  nodes_walk_population: -0.0003868174464959388
  nodes_walk_race_1_hhs: -0.00043599153501204475
  nodes_walk_race_4_hhs: 0.0014396956244287606
  nodes_walk_retail_jobs: 0.00232364642752733
  parcel_sqft: 1.755048801350901e-05
  parcels_parcel_size: -1.891553095607954e-05
  parcels_pct_undev: 0.0009550490543312418
  parcels_total_sqft: -8.757462359941906e-05
  parcels_zones_empden: -0.00012333825899742002
  parcels_zones_employment: -9.9605054264303e-06
  parcels_zones_households: -0.00019455247921138722
  parcels_zones_jobs_within_30_min: 3.5142176491827194e-08
  parcels_zones_logsum_job_high_income: -9.705789302379775e-08
  parcels_zones_logsum_job_low_income: 1.2754762058744341e-08
  parcels_zones_logsum_pop_high_income: 1.2959121303296233e-07
  parcels_zones_logsum_pop_low_income: -1.2619913837782944e-08
  parcels_zones_population: 5.2944867927938666e-05
  parcels_zones_retail_jobs: 0.0006091134257930316
  parcels_zones_transit_jobs_30min: 2.658605597140741e-06
  parcels_zones_transit_jobs_50min: 5.199553733860213e-07
  parcels_zones_z_total_jobs: -2.6665277977014347e-07
  residential_sqft: 0.00011505655575159004
  sqft_per_unit: -8.53968446095353e-06
  year_built: 0.01801732118275174
  zones_acres: -1.7644298992334616e-05
  zones_empden: -0.0008328918306448246
  zones_employment: -4.4490485227183136e-05
  zones_households: -0.0001038463542183606
  zones_logsum_job_high_income: -9.927092242660234e-08
  zones_logsum_job_low_income: -9.857111703844741e-10
  zones_logsum_pop_high_income: 1.0614025420792452e-07
  zones_logsum_pop_low_income: -2.38983777036694e-08
  zones_population: 7.003511300591356e-05
  zones_retail_jobs: 7.56343443379619e-05
  zones_transit_jobs_30min: 2.0483172755065643e-06
  zones_transit_jobs_50min: 5.1702471244580575e-08
  zones_z_total_jobs: -4.019267878412204e-07
sample_size: 1090
score: 0.5348242720054468
