fit_filters:
- non_residential_sqft > 0
- sqft_price_nonres > 1
- sqft_price_nonres < 650
- hedonic_id == 16121
model_expression:
  left_side: np.log1p(sqft_price_nonres)
model_type: Regression
name: RegressionModel
predict_filters: hedonic_id == 16121
ytransform: np.exp
coef:
  Intercept: 2.961448228039379
  b_total_jobs: 0.000177242596502232
  building_age: -0.0012354900357105624
  building_sqft: 1.8142958756707365e-06
  crime_other_rate: 0.0001476199994548524
  crime_ucr_rate: -6.295367403923536e-05
  jobs_within_30_min: 1.02941357139076e-07
  land_area: -4.205050310274399e-06
  nodes_walk_ave_nonres_sqft_price: 0.0007246437051169878
  nodes_walk_ave_unit_sqft: -1.6424019832749406e-05
  nodes_walk_housing_cost: -1.2308111809478496e-06
  nodes_walk_industrial: -0.0003117081903306164
  nodes_walk_jobs: 3.1825059017688367e-06
  nodes_walk_lowinc_hhs: -0.00039742614642073956
  nodes_walk_max_office_far: -0.0013854094063270729
  nodes_walk_midinc_hhs: 0.00041273671773040855
  nodes_walk_node_r1500_sqft: 9.299867060587735e-09
  nodes_walk_office: 6.279993406542487e-05
  nodes_walk_retail: 0.007946902450408994
  nodes_walk_retail_jobs: -3.615794000608913e-05
  parcel_sqft: -3.6288584276200035e-08
  parcels_ave_unit_size: -2.9422440036096107e-05
  parcels_total_job_spaces: 0.0020344322939945788
  parcels_total_sqft: -5.155024173927834e-06
  parcels_zones_jobs_within_30_min: -6.11865624270141e-07
  residential_sqft: 4.928450312168779e-05
  sqft_per_unit: 0.0002288038317120736
  vacant_job_spaces: -0.001417000566885493
  year_built: 0.0004359029221136107
  zones_acres: -3.809961276359545e-05
  zones_employment: 2.632582542101246e-06
  zones_households: -0.0002735495327065101
  zones_logsum_job_high_income: 2.6019442952541054e-07
  zones_logsum_job_low_income: 7.920662514311587e-08
  zones_logsum_pop_high_income: -3.716445737171902e-07
  zones_logsum_pop_low_income: -1.138886772864418e-07
  zones_population: 0.00010830025185247197
  zones_retail_jobs: 0.0002819308722567654
  zones_transit_jobs_30min: 8.802105361459939e-07
  zones_transit_jobs_50min: 1.17358646085535e-06
sample_size: 1626
score: 0.5542141549696675
