fit_filters:
- non_residential_sqft > 0
- sqft_price_nonres > 1
- sqft_price_nonres < 650
- hedonic_id == 95
model_expression:
  left_side: np.log1p(sqft_price_nonres)
model_type: Regression
name: RegressionModel
predict_filters: hedonic_id == 95
ytransform: np.exp
coef:
  Intercept: 10.597658937755751
  b_total_jobs: -0.0008824418656875164
  building_sqft: -6.034252779159367e-08
  crime_other_rate: -2.8903083735327338e-05
  crime_ucr_rate: 0.00024401118574283345
  jobs_non_home_based: -2.5447558724074516e-17
  jobs_within_30_min: -6.87235187583744e-07
  land_area: 2.133835439129143e-06
  nodes_walk_ave_nonres_sqft_price: 0.010144150852143187
  nodes_walk_ave_unit_sqft: 0.00011415405605295283
  nodes_walk_highinc_hhs: -0.007613608403700275
  nodes_walk_households: 0.0040155739948644735
  nodes_walk_housing_cost: -1.684586441657977e-06
  nodes_walk_industrial: -5.3990143132666624e-05
  nodes_walk_jobs: -8.666157142702987e-06
  nodes_walk_lowinc_hhs: 3.7916008260654904e-05
  nodes_walk_max_retail_far: 0.011913341234496552
  nodes_walk_medical: -0.0013471473772704234
  nodes_walk_midinc_hhs: 0.0024908262983589675
  nodes_walk_node_r1500_sqft: -1.8175508599521746e-08
  nodes_walk_office: -0.002888639386188072
  nodes_walk_population: -0.0020105563828286496
  nodes_walk_race_2_hhs: -0.003269729043224264
  nodes_walk_race_3_hhs: 0.0025049289620908536
  nodes_walk_race_4_hhs: 0.003413729603973454
  nodes_walk_residential: 0.0014891795343803078
  nodes_walk_retail: 0.0010384360554697174
  nodes_walk_retail_jobs: 0.0002513057389260597
  parcel_sqft: -2.362126100842943e-08
  parcels_ave_unit_size: 0.00019013022216097505
  parcels_total_job_spaces: -0.0003270723883123924
  parcels_total_sqft: 7.057209798479914e-07
  parcels_total_units: -0.0015110891474348959
  parcels_zones_empden: 0.0003613199689771349
  parcels_zones_employment: 2.237268061299784e-05
  parcels_zones_households: -2.243036750303432e-05
  parcels_zones_jobs_within_30_min: -2.0789981114408277e-07
  parcels_zones_logsum_job_high_income: 2.486176898878349e-07
  parcels_zones_logsum_job_low_income: -1.6799018996712093e-08
  parcels_zones_logsum_pop_high_income: -2.839892032191797e-07
  parcels_zones_logsum_pop_low_income: -3.5336632299192375e-08
  parcels_zones_popden: -0.0001280255898802608
  parcels_zones_population: 0.00017793550653959333
  parcels_zones_retail_jobs: 0.0006447852602350114
  parcels_zones_transit_jobs_30min: -9.61349026571948e-06
  parcels_zones_transit_jobs_50min: 2.900536637282932e-06
  parcels_zones_z_total_jobs: 8.890094244111237e-09
  popden: -0.0004805761912993048
  school_district_achievement: 0.00020248913377566994
  vacant_job_spaces: 0.0028340260474410224
  year_built: -0.0036408788772488766
  zones_acres: -7.436544220303014e-05
  zones_empden: 0.0007518451277190095
  zones_employment: 3.986900779362473e-09
  zones_households: -0.00017852516691059547
  zones_logsum_job_high_income: 2.3227381952986237e-07
  zones_logsum_job_low_income: -1.6018099072122036e-08
  zones_logsum_pop_high_income: -3.2754468360802267e-07
  zones_logsum_pop_low_income: 7.607514578636535e-08
  zones_population: 2.504829960013684e-05
  zones_retail_jobs: 7.4865108515597896e-06
  zones_transit_jobs_30min: -8.78113784632822e-06
  zones_transit_jobs_50min: 3.3102511864623932e-06
  zones_z_total_jobs: 7.98347609374225e-09
sample_size: 138
score: 0.5134663471130849
