fit_filters:
- non_residential_sqft > 0
- sqft_price_nonres > 1
- sqft_price_nonres < 650
- hedonic_id == 94
model_type: regression
name: RegressionModel
predict_filters: hedonic_id == 94
target_variable: np.log1p(sqft_price_nonres)
ytransform: np.exp
fit_parameters:
  Coefficient:
    Intercept: -2.0451757977349834
    b_total_jobs: 0.002462897113595613
    building_age: -0.0007066321461520079
    building_sqft: 2.342543971241667e-05
    crime_other_rate: 4.8816077629472845e-05
    crime_ucr_rate: -0.00012084577863597956
    jobs_within_30_min: -3.1205021948412347e-07
    land_area: 1.1784964343468604e-06
    nodes_walk_ave_nonres_sqft_price: 0.0016571177256324004
    nodes_walk_ave_unit_sqft: -4.953086328448097e-06
    nodes_walk_highinc_hhs: -0.0010588545224611131
    nodes_walk_housing_cost: 4.319716186571263e-06
    nodes_walk_industrial: 0.0001079760584580261
    nodes_walk_jobs: 0.00013944364042982248
    nodes_walk_lowinc_hhs: 6.796995478930198e-05
    nodes_walk_medical: 0.0006571754056340345
    nodes_walk_node_r1500_sqft: 8.083758880322802e-09
    nodes_walk_office: -0.0004486666209662927
    nodes_walk_population: 0.00017486085173212546
    nodes_walk_race_2_hhs: 0.0005725079473439743
    nodes_walk_race_3_hhs: -0.0006987656675163582
    nodes_walk_race_4_hhs: -0.0008472443205825367
    nodes_walk_retail: 0.005210108737071832
    nodes_walk_retail_jobs: 0.00014163004018652187
    parcel_sqft: -1.8145084819288876e-07
    parcels_ave_unit_size: -0.00020667179057531714
    parcels_parcel_size: -2.520820276606057e-07
    parcels_pptytax: -0.0018162036895782061
    parcels_total_sqft: -2.604489416008841e-05
    parcels_zones_jobs_within_30_min: 2.0051735307195776e-08
    residential_sqft: 1.318976201344706e-06
    school_district_achievement: 0.0004146654797241899
    sqft_per_unit: 0.00021698005406094168
    year_built: 0.0030943451388152706
    zones_acres: 2.9857647159924786e-05
    zones_employment: -3.3922692595749936e-06
    zones_households: 0.00011813608416321104
    zones_logsum_job_high_income: -9.240486689261275e-08
    zones_logsum_job_low_income: -3.9360477944550905e-07
    zones_logsum_job_mid_income: 2.3714107383270448e-07
    zones_logsum_pop_high_income: 1.3791829453607856e-07
    zones_logsum_pop_low_income: 1.2663638318003755e-07
    zones_logsum_pop_mid_income: -1.4314735589316495e-07
    zones_population: -7.30824322246193e-05
    zones_retail_jobs: 0.0004501981553984484
    zones_transit_jobs_30min: -3.820872572167239e-06
    zones_transit_jobs_50min: 1.5420290873208895e-06
    zones_z_total_jobs: -4.836106885636892e-05
fit_rsquared: 0.6077553607953146
fitted: true
sample_size: 236
