fit_filters:
- non_residential_sqft > 0
- sqft_price_nonres > 1
- sqft_price_nonres < 650
- hedonic_id == 11533
model_expression:
  left_side: np.log1p(sqft_price_nonres)
model_type: Regression
name: RegressionModel
predict_filters: hedonic_id == 11533
ytransform: np.exp
coef:
  Intercept: 1.7099202082260154
  building_sqft: 4.6896728688113225e-06
  crime_other_rate: 0.0003485643612626722
  jobs_within_30_min: -3.2042697841907498e-06
  land_area: -5.955214314409203e-06
  nodes_walk_ave_nonres_sqft_price: 0.005364128356037494
  nodes_walk_ave_unit_sqft: 0.00017258468247337877
  nodes_walk_housing_cost: -8.339419405953551e-06
  nodes_walk_jobs: 0.0007897655152795848
  nodes_walk_medical: -0.00023973846132839497
  nodes_walk_node_r1500_sqft: 4.026274439326161e-09
  nodes_walk_office: 0.0015960068812289649
  nodes_walk_population: -0.0003011633516422426
  nodes_walk_residential: 0.004948727734589508
  parcel_sqft: -6.166046695581452e-08
  parcels_ave_unit_size: 0.0004895672137035491
  parcels_total_job_spaces: 0.004089396220873847
  parcels_total_sqft: -4.5540012444027775e-06
  parcels_zones_employment: 9.297210223616705e-05
  parcels_zones_households: 1.690253796864579e-05
  parcels_zones_jobs_within_30_min: 1.3143955957293354e-07
  parcels_zones_logsum_job_high_income: 1.8442460728834885e-06
  parcels_zones_logsum_job_low_income: 6.66675944494529e-06
  parcels_zones_logsum_pop_high_income: -1.3344107195961582e-06
  parcels_zones_logsum_pop_low_income: 7.545428074120445e-07
  parcels_zones_population: -0.00014959528526990842
  parcels_zones_retail_jobs: -0.001395029396111376
  parcels_zones_transit_jobs_30min: -0.00024888663130071887
  parcels_zones_transit_jobs_50min: -2.3355604306775318e-05
  parcels_zones_z_total_jobs: 0.0001327223493674032
  school_district_achievement: 0.004246277615565278
  zones_acres: 9.835794886204696e-06
  zones_employment: 9.322931256963192e-07
  zones_households: 0.00012484960806664774
  zones_logsum_job_high_income: 1.8978362328204827e-06
  zones_logsum_job_low_income: 6.395065090925035e-06
  zones_logsum_pop_high_income: -1.9579981480192723e-06
  zones_logsum_pop_low_income: 6.214995255403351e-07
  zones_population: -5.180079665764777e-06
  zones_retail_jobs: -0.00025524473136737574
  zones_transit_jobs_30min: -0.00014926532695449572
  zones_transit_jobs_50min: -3.1534386987088655e-06
  zones_z_total_jobs: 1.2089297636794107e-06
sample_size: 268
score: 0.6405285347710741
