fit_filters:
- non_residential_sqft > 0
- sqft_price_nonres > 1
- sqft_price_nonres < 650
- hedonic_id == 9963
model_expression:
  left_side: np.log1p(sqft_price_nonres)
model_type: Regression
name: RegressionModel
predict_filters: hedonic_id == 9963
ytransform: np.exp
coef:
  building_sqft: 5.151694897109143e-06
  crime_other_rate: -8.223278174087318e-06
  crime_ucr_rate: -0.001084714235716459
  jobs_within_30_min: -2.1239862838374596e-06
  land_area: -1.8821547209310726e-05
  nodes_walk_ave_unit_sqft: -7.613547361270102e-05
  nodes_walk_hhs_with_children: 0.007004241542090046
  nodes_walk_housing_cost: 1.9405921185119583e-05
  nodes_walk_jobs: 0.0004821971274111764
  nodes_walk_medical: 0.0015466808286671895
  nodes_walk_node_r1500_sqft: -5.7719138614669774e-08
  nodes_walk_office: -0.008559399981784045
  nodes_walk_race_1_hhs: -0.0012444604914836046
  nodes_walk_retail_jobs: 0.0014769677370919877
  parcel_sqft: 7.912739423334004e-06
  parcels_ave_unit_size: -0.0009080510642931622
  parcels_total_sqft: -5.3421100069593175e-06
  parcels_zones_employment: 0.00022638521143956294
  parcels_zones_households: -0.001071182132796576
  parcels_zones_jobs_within_30_min: 1.943994222582244e-07
  parcels_zones_logsum_job_high_income: 4.255730755323444e-08
  parcels_zones_logsum_job_low_income: -1.9679593294266524e-06
  parcels_zones_logsum_pop_high_income: 2.279457539956905e-07
  parcels_zones_logsum_pop_low_income: 2.291261136112166e-06
  parcels_zones_population: 0.00041857399595055563
  parcels_zones_retail_jobs: 0.000908093201689781
  parcels_zones_transit_jobs_30min: -7.937521334157742e-06
  parcels_zones_transit_jobs_50min: 2.948394762420961e-06
  parcels_zones_z_total_jobs: 5.197211594635756e-06
  zones_acres: -0.0007671119825338341
  zones_employment: 3.2008510992068267e-06
  zones_households: -0.0006152769096802709
  zones_logsum_job_high_income: 2.337344631673275e-07
  zones_logsum_job_low_income: -1.9689122247463688e-06
  zones_logsum_pop_high_income: 1.2243170744203252e-07
  zones_logsum_pop_low_income: 1.2844720182002029e-06
  zones_population: 0.0004600063939452219
  zones_retail_jobs: 0.00024076759154460146
  zones_transit_jobs_30min: -6.291551470062051e-06
  zones_transit_jobs_50min: 9.330311819027634e-07
  zones_z_total_jobs: 1.3588153271181836e-05
sample_size: 37
score: 0.9508372203424247
