fit_filters:
- non_residential_sqft > 0
- sqft_price_nonres > 1
- sqft_price_nonres < 650
- hedonic_id == 14
model_type: regression
name: RegressionModel
predict_filters: hedonic_id == 14
target_variable: np.log1p(sqft_price_nonres)
ytransform: np.exp
fit_parameters:
  Coefficient:
    Intercept: -1.0803480396743574
    b_total_jobs: 0.002020096629906699
    building_age: -0.0006208813209098006
    building_sqft: -5.243474854209906e-05
    crime_other_rate: 0.00033287858977624417
    crime_ucr_rate: -0.0002507935346222635
    jobs_non_home_based: 2.3567428213452006e-16
    jobs_within_30_min: -8.429133269077847e-07
    land_area: 4.836764062024793e-05
    nodes_walk_ave_nonres_sqft_price: 0.0016097481800919997
    nodes_walk_ave_unit_sqft: 0.00014359060334659493
    nodes_walk_hhs_with_children: 0.0003037951084177459
    nodes_walk_highinc_hhs: 0.0030322565988203454
    nodes_walk_housing_cost: -5.540045050175165e-06
    nodes_walk_industrial: 0.0011649374991973007
    nodes_walk_jobs: 0.00016726562177529308
    nodes_walk_lowinc_hhs: -0.00022184358866959232
    nodes_walk_medical: 0.000517915913984463
    nodes_walk_node_r1500_sqft: 2.356601941942098e-09
    nodes_walk_office: -0.0008190850434737492
    nodes_walk_population: 0.0002774747434990108
    nodes_walk_race_1_hhs: -0.002300347013491924
    nodes_walk_race_3_hhs: 0.012161513622449384
    nodes_walk_race_4_hhs: -0.008458434168558277
    nodes_walk_residential: 0.0008426054400652663
    nodes_walk_retail: 0.0037783823898269848
    nodes_walk_retail_jobs: -0.00031109955821435366
    parcel_sqft: 6.38268129471362e-08
    parcels_ave_unit_size: 0.0004832594309683097
    parcels_parcel_size: 0.00015252598964966198
    parcels_pptytax: -0.0037002036484709323
    parcels_total_job_spaces: -0.0004226329865262075
    parcels_total_sqft: -4.595388968295911e-06
    parcels_zones_jobs_within_30_min: -3.641321692087285e-07
    school_district_achievement: 0.0022117787642092174
    year_built: 0.0014590463321161786
    zone_mean_age_of_head: 2.9241031728415675e-16
    zones_acres: -0.00024431019733757073
    zones_empden: -0.005589013339800796
    zones_employment: 0.00015210131048093556
    zones_households: 0.0003299406142142725
    zones_logsum_job_high_income: -3.4016239294739025e-07
    zones_logsum_job_low_income: -2.922107310260455e-07
    zones_logsum_job_mid_income: 7.296408454038647e-08
    zones_logsum_pop_high_income: 9.156317728476068e-07
    zones_logsum_pop_low_income: 6.59188635150981e-08
    zones_logsum_pop_mid_income: 1.0334099333064653e-08
    zones_mean_age_of_head: 0.009458478899219108
    zones_population: -0.00011408301756824386
    zones_retail_jobs: -0.0004186383546642358
    zones_transit_jobs_30min: -2.517269207497633e-05
    zones_transit_jobs_50min: 5.7721043137523525e-06
    zones_z_total_jobs: 6.498555990453078e-07
fit_rsquared: 0.6687625718250065
fitted: true
sample_size: 117
