fit_filters:
- non_residential_sqft > 0
- sqft_price_nonres > 1
- sqft_price_nonres < 650
- hedonic_id == 9951
model_expression:
  left_side: np.log1p(sqft_price_nonres)
model_type: Regression
name: RegressionModel
predict_filters: hedonic_id == 9951
ytransform: np.exp
coef:
  Intercept: -5.491171824132445
  b_total_jobs: 0.0004917556677275344
  building_sqft: 2.7058313637915028e-05
  crime_other_rate: 2.7156181416413923e-05
  crime_ucr_rate: 0.00010866983713934051
  jobs_non_home_based: 1.196575207520736e-19
  jobs_within_30_min: 6.885876078843973e-07
  land_area: -8.275908335583139e-06
  nodes_walk_ave_nonres_sqft_price: 4.2218184367285214e-05
  nodes_walk_ave_unit_sqft: 2.2169441422963883e-05
  nodes_walk_housing_cost: 1.1561006686834822e-06
  nodes_walk_jobs: 3.952413834774547e-05
  nodes_walk_medical: 0.008047075570871642
  nodes_walk_midinc_hhs: 0.0003219180006873452
  nodes_walk_node_r1500_sqft: -3.1069202747844076e-08
  nodes_walk_office: -0.00037466132721487784
  nodes_walk_race_1_hhs: 0.00042762183158685465
  nodes_walk_race_2_hhs: -0.00021413880954262708
  nodes_walk_retail: 0.00038871263549111046
  nodes_walk_retail_jobs: -8.027249119046987e-05
  parcel_sqft: 8.982046675356012e-07
  parcels_total_sqft: -3.21464674751528e-05
  parcels_zones_employment: 2.695446559363277e-06
  parcels_zones_jobs_within_30_min: -1.7876750574513344e-07
  parcels_zones_logsum_job_high_income: -1.7295102705321342e-06
  parcels_zones_logsum_job_low_income: 1.570141775289561e-07
  parcels_zones_logsum_pop_high_income: 3.7879647565196613e-07
  parcels_zones_logsum_pop_low_income: -1.6049418914440186e-07
  parcels_zones_population: 8.274499557935388e-07
  parcels_zones_transit_jobs_30min: -5.183801073391545e-07
  parcels_zones_transit_jobs_50min: 1.1927253364015068e-06
  parcels_zones_z_total_jobs: 1.0810842166050372e-05
  residential_sqft: 1.089994902523683e-05
  sqft_per_unit: 0.0002121737918183116
  year_built: 0.004765459640784065
  zones_acres: 4.393023621931612e-06
  zones_employment: 2.5100627438077018e-06
  zones_logsum_job_high_income: -1.5987590087484718e-06
  zones_logsum_job_low_income: 1.2123845335043025e-07
  zones_logsum_pop_high_income: 1.1143823710884008e-06
  zones_logsum_pop_low_income: -2.1620301584723927e-07
  zones_transit_jobs_30min: -2.161097463649617e-07
  zones_transit_jobs_50min: 6.046880516471954e-07
  zones_z_total_jobs: 1.4732990013669245e-06
sample_size: 635
score: 0.571641007309553
