fit_filters:
- non_residential_sqft > 0
- sqft_price_nonres > 1
- sqft_price_nonres < 650
- hedonic_id == 14763
model_expression:
  left_side: np.log1p(sqft_price_nonres)
model_type: Regression
name: RegressionModel
predict_filters: hedonic_id == 14763
ytransform: np.exp
coef:
  building_sqft: -2.714287948233605e-06
  crime_other_rate: 0.0008285802301015458
  crime_ucr_rate: -0.0025082170407849
  jobs_within_30_min: 3.787462287855741e-05
  land_area: 4.275169645099332e-05
  nodes_walk_ave_unit_sqft: -0.0003433080654706514
  nodes_walk_housing_cost: 1.3640640681950895e-05
  nodes_walk_jobs: 0.002792791030668105
  nodes_walk_medical: 0.0039338452666542794
  nodes_walk_node_r1500_sqft: -1.551574323097099e-07
  nodes_walk_office: 0.0015124876785979245
  nodes_walk_population: -0.002199659687111126
  parcel_sqft: -6.84331545671733e-07
  parcels_ave_unit_size: -0.00019805650389538847
  parcels_total_sqft: -9.052228562016379e-06
  parcels_zones_employment: 8.226106910915625e-05
  parcels_zones_jobs_within_30_min: 3.3947125280666996e-06
  parcels_zones_logsum_job_high_income: 7.834506590220377e-07
  parcels_zones_logsum_job_low_income: -8.226061269999448e-07
  parcels_zones_logsum_pop_high_income: -2.0041720875908655e-06
  parcels_zones_logsum_pop_low_income: -8.968511250251531e-07
  parcels_zones_population: 0.00011150636424701313
  parcels_zones_transit_jobs_30min: -0.00032189666273399725
  parcels_zones_transit_jobs_50min: -4.924335299621669e-06
  parcels_zones_z_total_jobs: 0.0009381037651064808
  residential_sqft: 0.0003457008080867654
  sqft_per_unit: 0.0007444198850184488
  zones_acres: 0.0001457122511476031
  zones_employment: 0.0005952820069977518
  zones_households: -0.0010744251483725273
  zones_logsum_job_high_income: -9.965733771696438e-07
  zones_logsum_job_low_income: 2.9402119265002364e-07
  zones_logsum_pop_high_income: 1.0333912766707305e-06
  zones_logsum_pop_low_income: 6.983108106280909e-07
  zones_transit_jobs_30min: -0.0002475903261971597
  zones_transit_jobs_50min: -1.7047800749291465e-06
sample_size: 21
score: 0.9979879461190808
