fit_filters:
- non_residential_sqft > 0
- sqft_price_nonres > 1
- sqft_price_nonres < 650
- hedonic_id == 11565
model_expression:
  left_side: np.log1p(sqft_price_nonres)
model_type: Regression
name: RegressionModel
predict_filters: hedonic_id == 11565
ytransform: np.exp
coef:
  building_sqft: 6.670055009844562e-05
  crime_other_rate: 0.00013018734653328482
  jobs_within_30_min: -7.278809857568287e-08
  land_area: -7.020497448960874e-06
  nodes_walk_ave_nonres_sqft_price: 0.010129345356255471
  nodes_walk_housing_cost: -9.214430289859135e-06
  nodes_walk_industrial: 0.0005266378679158078
  nodes_walk_jobs: 0.00033502682208797965
  nodes_walk_medical: -0.0012638728342204506
  nodes_walk_node_r1500_sqft: 4.171151264634395e-09
  nodes_walk_office: 7.232424705590919e-05
  nodes_walk_population: 0.0004786241911958289
  nodes_walk_residential: 0.0009590675499205857
  nodes_walk_retail: -0.0023085119392523487
  nodes_walk_retail_jobs: 0.0002574511797516697
  parcel_sqft: 8.850010580148443e-08
  parcels_parcel_size: 1.6694632817415926e-07
  parcels_total_sqft: -2.148195876457932e-05
  parcels_zones_employment: 7.093537593192756e-06
  parcels_zones_households: 0.00015249009321974144
  parcels_zones_jobs_within_30_min: 4.887609709100867e-07
  parcels_zones_logsum_job_high_income: -3.875055918950106e-06
  parcels_zones_logsum_job_low_income: 1.716881475000339e-06
  parcels_zones_logsum_pop_high_income: 1.0762847629090688e-06
  parcels_zones_logsum_pop_low_income: -3.003931255551215e-07
  parcels_zones_population: -0.00012583200854885944
  parcels_zones_retail_jobs: -4.8567618597757454e-05
  parcels_zones_transit_jobs_30min: -0.00020421317350297565
  parcels_zones_transit_jobs_50min: -5.563459421169662e-05
  vacant_job_spaces: -0.01834422258920765
  year_built: 0.004933233680476165
  zones_acres: -9.4602160652619e-06
  zones_employment: 0.00012710100507348814
  zones_households: 0.00029456600942061073
  zones_logsum_job_high_income: -5.30934364914223e-06
  zones_logsum_job_low_income: 4.772112513028197e-06
  zones_logsum_pop_high_income: 2.280761558372696e-06
  zones_logsum_pop_low_income: 2.7039695927742907e-06
  zones_population: -0.00012185835024642942
  zones_transit_jobs_30min: -0.00018177201538720387
  zones_transit_jobs_50min: -3.428699821122078e-05
sample_size: 202
score: 0.6579148685081814
