fit_filters:
- non_residential_sqft > 0
- sqft_price_nonres > 1
- sqft_price_nonres < 650
- hedonic_id == 9333
model_expression:
  left_side: np.log1p(sqft_price_nonres)
model_type: Regression
name: RegressionModel
predict_filters: hedonic_id == 9333
ytransform: np.exp
coef:
  b_total_jobs: 0.002550082275397837
  building_age: -4.749474766182282e-05
  building_sqft: -2.875567046338847e-05
  crime_other_rate: 0.0002295546969622365
  crime_ucr_rate: -0.0006162353622437684
  jobs_non_home_based: 4.298437718721744e-17
  jobs_within_30_min: 1.7704669157422046e-06
  land_area: 2.3308550903565148e-05
  nodes_walk_ave_nonres_sqft_price: 0.0041147234948743835
  nodes_walk_ave_unit_sqft: 7.934199733166393e-07
  nodes_walk_housing_cost: 2.0402668211261982e-07
  nodes_walk_industrial: 0.001985489281622534
  nodes_walk_jobs: 0.0003447201866813566
  nodes_walk_medical: 0.0003595899939334113
  nodes_walk_node_r1500_sqft: -1.9099782985300497e-08
  nodes_walk_office: -0.002029517400933375
  nodes_walk_population: -0.000282400106083934
  nodes_walk_residential: 0.0005220700247766739
  nodes_walk_retail: -0.0004802151176310708
  nodes_walk_retail_jobs: 0.0008882594849750642
  parcel_sqft: 9.552906844240548e-07
  parcels_ave_unit_size: 2.1355000737894346e-06
  parcels_total_sqft: -5.78814034321266e-06
  parcels_zones_employment: 7.303866696092063e-05
  parcels_zones_households: -0.00016666608718923656
  parcels_zones_jobs_within_30_min: 3.0965687934175025e-07
  parcels_zones_logsum_job_high_income: 2.1948402783906308e-06
  parcels_zones_logsum_job_low_income: -6.505207097665506e-06
  parcels_zones_logsum_pop_high_income: -1.3648888030394577e-06
  parcels_zones_logsum_pop_low_income: 2.457453441664804e-06
  parcels_zones_population: 7.221256744232436e-05
  parcels_zones_retail_jobs: -0.0003535215290400658
  parcels_zones_z_total_jobs: 6.7755110908833e-05
  year_built: 0.004286242151439499
  zones_acres: 3.2788394944912994e-05
  zones_employment: 3.637182708254836e-05
  zones_households: -0.0002587933383937348
  zones_logsum_job_high_income: 2.2180985669604008e-06
  zones_logsum_job_low_income: -6.605460196587725e-06
  zones_logsum_pop_high_income: -8.791954528492806e-07
  zones_logsum_pop_low_income: 2.4176266390407246e-06
  zones_population: 6.871855294540633e-05
  zones_retail_jobs: -0.00019040945990358546
  zones_z_total_jobs: 2.9458533009460324e-05
sample_size: 89
score: 0.4749038450687285
