fit_filters:
- non_residential_sqft > 0
- sqft_price_nonres > 1
- sqft_price_nonres < 650
- hedonic_id == 14723
model_type: regression
name: RegressionModel
predict_filters: hedonic_id == 14723
target_variable: np.log1p(sqft_price_nonres)
ytransform: np.exp
fit_parameters:
  Coefficient:
    Intercept: -1.9946135241660121
    b_total_jobs: 0.006393584086240279
    building_age: -0.00010211975800794743
    building_sqft: -2.0270308574462153e-05
    crime_other_rate: 6.0007348000435045e-05
    jobs_non_home_based: 0.0020468520898945545
    jobs_within_30_min: 8.573872708792931e-07
    land_area: 7.2421802608549085e-06
    nodes_walk_ave_nonres_sqft_price: 0.0027039605621987303
    nodes_walk_ave_unit_sqft: 2.9212511948236016e-06
    nodes_walk_housing_cost: -3.012931150997542e-06
    nodes_walk_industrial: -0.0007946872183911702
    nodes_walk_jobs: -1.8065487641867208e-05
    nodes_walk_lowinc_hhs: -0.0007811553842577814
    nodes_walk_medical: 0.0003918284068345573
    nodes_walk_node_r1500_sqft: 1.997256572213933e-10
    nodes_walk_office: 0.008718145782060985
    nodes_walk_population: 0.00025510129156544473
    nodes_walk_residential: 0.0015591596694199941
    nodes_walk_retail_jobs: 2.4167661302217018e-05
    parcel_sqft: 2.2182083722643788e-07
    parcels_ave_unit_size: 0.00013834574868677193
    parcels_parcel_size: -4.325910743236125e-07
    parcels_total_sqft: -9.57159597593162e-06
    parcels_zones_jobs_within_30_min: 1.6442008525123673e-08
    sqft_per_unit: 0.00018512585338612697
    year_built: 0.0024926665434381683
    zones_acres: 2.1440514889591474e-07
    zones_employment: 5.848295949774533e-05
    zones_households: -8.204766379878361e-05
    zones_logsum_job_high_income: 1.4699651066272697e-05
    zones_logsum_job_low_income: -3.880231003130367e-06
    zones_logsum_job_mid_income: -1.177920254807981e-06
    zones_logsum_pop_high_income: -7.781832529298368e-06
    zones_logsum_pop_low_income: 2.3843695695711315e-06
    zones_logsum_pop_mid_income: 4.4800039956561494e-07
    zones_population: 7.517634315218292e-05
    zones_retail_jobs: 8.902545232382703e-05
    zones_transit_jobs_30min: 4.587765011807206e-05
    zones_transit_jobs_50min: -2.145467934725085e-05
    zones_z_total_jobs: 4.7152913406580866e-07
fit_rsquared: 0.4523073188393646
fit_rsquared_adj: 0.4523073188393646
fitted: true
model_expression:
  left_side: np.log1p(sqft_price_nonres)
  right_side:
  - year_built
  - sqft_per_unit
  - land_area
  - building_sqft
  - jobs_within_30_min
  - parcel_sqft
  - crime_other_rate
  - building_age
  - b_total_jobs
  - jobs_non_home_based
  - parcels_parcel_size
  - parcels_ave_unit_size
  - parcels_total_sqft
  - parcels_zones_jobs_within_30_min
  - zones_acres
  - zones_households
  - zones_population
  - zones_employment
  - zones_retail_jobs
  - zones_logsum_pop_high_income
  - zones_logsum_pop_mid_income
  - zones_logsum_pop_low_income
  - zones_logsum_job_high_income
  - zones_logsum_job_mid_income
  - zones_logsum_job_low_income
  - zones_z_total_jobs
  - zones_transit_jobs_50min
  - zones_transit_jobs_30min
  - nodes_walk_population
  - nodes_walk_lowinc_hhs
  - nodes_walk_jobs
  - nodes_walk_retail_jobs
  - nodes_walk_node_r1500_sqft
  - nodes_walk_residential
  - nodes_walk_ave_nonres_sqft_price
  - nodes_walk_office
  - nodes_walk_industrial
  - nodes_walk_medical
  - nodes_walk_ave_unit_sqft
  - nodes_walk_housing_cost
sample_size: 493
