fit_filters:
- non_residential_sqft > 0
- sqft_price_nonres > 1
- sqft_price_nonres < 650
- hedonic_id == 14721
model_expression:
  left_side: np.log1p(sqft_price_nonres)
model_type: Regression
name: RegressionModel
predict_filters: hedonic_id == 14721
ytransform: np.exp
coef:
  b_total_jobs: 0.002822447401236989
  building_age: -1.3335480413773321e-06
  building_sqft: -1.1165705066368758e-05
  crime_other_rate: 1.5065415264245571e-05
  crime_ucr_rate: -0.0001208607908376327
  jobs_non_home_based: 2.503788349260824e-16
  jobs_within_30_min: 2.019034402771379e-06
  land_area: 1.2613690156790791e-05
  nodes_walk_housing_cost: 3.08246283684978e-06
  nodes_walk_jobs: 0.0002185888746595007
  nodes_walk_medical: 0.00044184993325302143
  nodes_walk_node_r1500_sqft: 2.8287128064183135e-09
  nodes_walk_population: 0.00012649687838007918
  nodes_walk_retail: 0.011932827200540948
  parcel_sqft: 6.730613983869206e-07
  parcels_ave_unit_size: 1.7259058820610348e-05
  parcels_parcel_size: -7.940643344196973e-07
  parcels_pct_undev: 0.0017142380135454257
  parcels_total_sqft: -9.10960363076226e-06
  parcels_zones_households: -0.00010733682210101112
  parcels_zones_logsum_job_high_income: 7.17517735569364e-07
  parcels_zones_logsum_job_low_income: -1.1847556512622967e-06
  parcels_zones_logsum_pop_high_income: -2.4493587055448754e-07
  parcels_zones_logsum_pop_low_income: 4.444248228508726e-07
  parcels_zones_population: 9.192186977291424e-05
  parcels_zones_transit_jobs_30min: -2.6815159719713732e-05
  parcels_zones_transit_jobs_50min: -2.6887930811033454e-06
  residential_sqft: -5.4824064475059835e-05
  school_district_achievement: -0.0009721030217059578
  sqft_per_unit: 0.0003939643925110443
  year_built: 0.0020600019578992396
  zones_acres: -6.502698173465439e-06
  zones_households: -0.00021939735160214052
  zones_logsum_job_high_income: 4.3141418960151565e-07
  zones_logsum_job_low_income: -1.0734421734421696e-06
  zones_logsum_pop_high_income: -3.5068622565200466e-07
  zones_logsum_pop_low_income: 8.576210382798428e-07
  zones_population: 9.014549994327829e-05
  zones_transit_jobs_30min: -1.3847500871934915e-05
  zones_transit_jobs_50min: -1.033681440655604e-06
sample_size: 1185
score: 0.3906259956325355
