fit_filters:
- non_residential_sqft > 0
- sqft_price_nonres > 1
- sqft_price_nonres < 650
- hedonic_id == 16123
model_type: regression
name: RegressionModel
predict_filters: hedonic_id == 16123
target_variable: np.log1p(sqft_price_nonres)
ytransform: np.exp
fit_parameters:
  Coefficient:
    Intercept: 0.42480204447400194
    b_total_jobs: 7.52975265418811e-05
    building_age: -1.5911441208990025e-05
    building_sqft: 1.4822508099389241e-06
    crime_other_rate: 4.727826526613615e-05
    crime_ucr_rate: 0.00012683801762886952
    jobs_within_30_min: 2.2083313602382446e-07
    land_area: -3.6915720111279517e-06
    nodes_walk_ave_unit_sqft: 2.9994700150186847e-06
    nodes_walk_highinc_hhs: -0.0012668236661357716
    nodes_walk_households: -0.0006146116401780471
    nodes_walk_housing_cost: 1.8569283808206392e-06
    nodes_walk_industrial: -0.0014066668835985212
    nodes_walk_jobs: 0.00012868991612616633
    nodes_walk_lowinc_hhs: -0.0009623179120650434
    nodes_walk_midinc_hhs: 0.000740098096582798
    nodes_walk_node_r1500_sqft: 1.3005425635760645e-08
    nodes_walk_office: 0.008410475359735813
    nodes_walk_population: 0.00040715089127006177
    nodes_walk_race_2_hhs: 0.00020792187291000322
    nodes_walk_race_3_hhs: -0.00027486316020421873
    nodes_walk_retail: -7.793213861243438e-05
    nodes_walk_retail_jobs: -0.0007805789237302272
    parcel_sqft: 7.755356118763535e-07
    parcels_parcel_size: -1.3106458234468299e-06
    parcels_total_sqft: -1.7821844749129703e-06
    parcels_zones_jobs_within_30_min: -2.2913706717521777e-07
    residential_sqft: -7.882794886413942e-05
    sqft_per_unit: 0.00026837999921321994
    vacant_job_spaces: -0.000705200006685762
    year_built: 0.0015354666412934106
    zones_acres: -3.073089123876418e-05
    zones_employment: 6.817409507814928e-05
    zones_households: -0.00013814384372571277
    zones_logsum_job_high_income: 3.486827525175575e-08
    zones_logsum_job_low_income: 2.939252769417413e-07
    zones_logsum_job_mid_income: -2.1554552756548957e-07
    zones_logsum_pop_high_income: -2.4969187947536727e-07
    zones_logsum_pop_low_income: -4.1051522616938837e-07
    zones_logsum_pop_mid_income: 2.660784303014762e-07
    zones_population: 5.1573085333108e-05
    zones_retail_jobs: 0.00026631268597475144
    zones_transit_jobs_30min: -2.66069748711253e-06
    zones_transit_jobs_50min: 1.8115330170310988e-06
    zones_z_total_jobs: 6.713720283532136e-06
  Std. Error: {}
  T-Score: {}
fit_rsquared: 0.5371525420643609
fit_rsquared_adj: 0.5371525420643609
fitted: true
model_expression:
  left_side: np.log1p(sqft_price_nonres)
  right_side:
  - year_built
  - sqft_per_unit
  - land_area
  - residential_sqft
  - building_sqft
  - jobs_within_30_min
  - vacant_job_spaces
  - parcel_sqft
  - crime_ucr_rate
  - crime_other_rate
  - building_age
  - b_total_jobs
  - parcels_parcel_size
  - parcels_total_sqft
  - parcels_zones_jobs_within_30_min
  - zones_acres
  - zones_households
  - zones_population
  - zones_employment
  - zones_retail_jobs
  - zones_logsum_pop_high_income
  - zones_logsum_pop_mid_income
  - zones_logsum_pop_low_income
  - zones_logsum_job_high_income
  - zones_logsum_job_mid_income
  - zones_logsum_job_low_income
  - zones_z_total_jobs
  - zones_transit_jobs_50min
  - zones_transit_jobs_30min
  - nodes_walk_population
  - nodes_walk_households
  - nodes_walk_midinc_hhs
  - nodes_walk_lowinc_hhs
  - nodes_walk_highinc_hhs
  - nodes_walk_race_2_hhs
  - nodes_walk_race_3_hhs
  - nodes_walk_jobs
  - nodes_walk_retail_jobs
  - nodes_walk_node_r1500_sqft
  - nodes_walk_retail
  - nodes_walk_office
  - nodes_walk_industrial
  - nodes_walk_ave_unit_sqft
  - nodes_walk_housing_cost
sample_size: 1107
