fit_filters:
- non_residential_sqft > 0
- sqft_price_nonres > 1
- sqft_price_nonres < 650
- hedonic_id == 12521
model_expression:
  left_side: np.log1p(sqft_price_nonres)
model_type: Regression
name: RegressionModel
predict_filters: hedonic_id == 12521
ytransform: np.exp
coef:
  building_age: -0.0003354993292415402
  building_sqft: 1.4890219170340548e-06
  crime_other_rate: 4.6372877626213404e-05
  crime_ucr_rate: -0.0002590650625229955
  jobs_within_30_min: -7.472231954024396e-08
  land_area: -5.1496751069202514e-06
  nodes_walk_ave_nonres_sqft_price: 0.0013325920664410441
  nodes_walk_ave_unit_sqft: -4.0193416887772316e-05
  nodes_walk_housing_cost: 9.307196641969578e-07
  nodes_walk_jobs: 4.0663789868014846e-05
  nodes_walk_medical: 0.0002770356874558407
  nodes_walk_node_r1500_sqft: 1.4000476659036761e-08
  nodes_walk_race_1_hhs: -8.964038591702119e-05
  nodes_walk_race_2_hhs: 3.242570400617729e-05
  nodes_walk_residential: 5.716959190160341e-05
  nodes_walk_retail: 0.005197469098715759
  nodes_walk_retail_jobs: 0.0002842461663546567
  parcel_sqft: 5.119486155330221e-07
  parcels_ave_unit_size: -1.7829091544356586e-05
  parcels_total_sqft: 5.936503036768299e-07
  parcels_zones_employment: -1.2950000612083541e-05
  parcels_zones_jobs_within_30_min: -1.5516289899167187e-08
  parcels_zones_logsum_job_high_income: -4.141535062751909e-08
  parcels_zones_logsum_job_low_income: 2.394967429448095e-07
  parcels_zones_logsum_pop_high_income: 5.291219687112291e-08
  parcels_zones_logsum_pop_low_income: -1.2025139322397322e-07
  parcels_zones_population: -5.510700484891128e-07
  parcels_zones_retail_jobs: -6.980930902683164e-05
  parcels_zones_transit_jobs_30min: 1.9643607207215344e-06
  parcels_zones_transit_jobs_50min: -1.8459573395829332e-07
  parcels_zones_z_total_jobs: -7.68242962083546e-06
  residential_sqft: 2.1854146339230052e-05
  sqft_per_unit: 0.00023643145960371088
  vacant_job_spaces: -0.0035648304734606155
  year_built: 0.004340114835060183
  zones_acres: -3.357799311352519e-05
  zones_employment: -1.1047298691205402e-06
  zones_logsum_job_high_income: -2.2509186759839296e-08
  zones_logsum_job_low_income: 2.1381063105883188e-07
  zones_logsum_pop_high_income: 2.319474801705854e-08
  zones_logsum_pop_low_income: -2.1740592072622464e-07
  zones_population: -1.854639632036708e-07
  zones_retail_jobs: -2.183185662841189e-05
  zones_transit_jobs_30min: 3.656328669947338e-08
  zones_transit_jobs_50min: -2.270991290875434e-07
  zones_z_total_jobs: -1.4560816417234976e-06
sample_size: 5012
score: 0.3230252250975315
