fit_filters:
- non_residential_sqft > 0
- sqft_price_nonres > 1
- sqft_price_nonres < 650
- hedonic_id == 12523
model_expression:
  left_side: np.log1p(sqft_price_nonres)
model_type: Regression
name: RegressionModel
predict_filters: hedonic_id == 12523
ytransform: np.exp
coef:
  Intercept: -1.9243570545579871
  b_total_jobs: 0.000729919633836849
  building_age: -0.00032072280406108606
  building_sqft: -1.6180810794734413e-07
  crime_other_rate: -3.481276847748001e-05
  crime_ucr_rate: 2.898828690567258e-05
  jobs_non_home_based: 2.3303197038281205e-19
  jobs_within_30_min: 2.12717768407071e-08
  land_area: -1.5818419071117242e-06
  nodes_walk_housing_cost: -1.2746688064415037e-07
  nodes_walk_industrial: 0.0003879146581396027
  nodes_walk_jobs: 4.0762191143350605e-05
  nodes_walk_lowinc_hhs: -2.5859648585816972e-05
  nodes_walk_medical: 0.0003616177484814892
  nodes_walk_node_r1500_sqft: -1.3545003300225408e-08
  nodes_walk_office: 0.010107754407559523
  nodes_walk_population: -6.164025175395935e-05
  nodes_walk_race_1_hhs: 0.0004445651933053589
  nodes_walk_race_3_hhs: -5.707788266262668e-05
  nodes_walk_retail: -0.000171035420552951
  nodes_walk_retail_jobs: -1.0106632774164932e-05
  parcel_sqft: 1.6122683520614728e-07
  parcels_total_job_spaces: -0.0009476647676306842
  parcels_total_sqft: 1.170284236299967e-06
  parcels_zones_households: 1.4954353902251076e-06
  parcels_zones_jobs_within_30_min: 4.701868322316049e-08
  parcels_zones_logsum_job_high_income: 3.446528540528948e-08
  parcels_zones_logsum_job_low_income: 6.576113626389247e-08
  parcels_zones_logsum_pop_high_income: -4.833338682897406e-08
  parcels_zones_logsum_pop_low_income: -2.087449991593211e-07
  parcels_zones_population: 6.348809373428961e-07
  parcels_zones_transit_jobs_30min: -2.5170489116765755e-06
  residential_sqft: -0.00015268431149602002
  sqft_per_unit: 0.0007621176398419184
  year_built: 0.0028006930481800398
  zones_acres: -3.904302272326272e-05
  zones_households: 5.088769253517033e-06
  zones_logsum_job_high_income: 2.6782934618687593e-08
  zones_logsum_job_low_income: 6.736699956576554e-08
  zones_logsum_pop_high_income: -3.588314854708312e-08
  zones_logsum_pop_low_income: -7.185315776759165e-08
  zones_population: 4.777800735757113e-07
  zones_transit_jobs_30min: -1.1869634728609443e-06
  zones_transit_jobs_50min: 5.6802810301652555e-08
sample_size: 4448
score: 0.4386409212576192
