fit_filters:
- non_residential_sqft > 0
- sqft_price_nonres > 1
- sqft_price_nonres < 650
- hedonic_id == 16123
model_type: regression
name: RegressionModel
predict_filters: hedonic_id == 16123
target_variable: np.log1p(sqft_price_nonres)
ytransform: np.exp
fit_parameters:
  Coefficient:
    Intercept: 0.4232802550656132
    b_total_jobs: 7.48422646027667e-05
    building_age: -1.5941190897047534e-05
    building_sqft: 1.4873577025895837e-06
    crime_other_rate: 4.728441619923701e-05
    crime_ucr_rate: 0.00012663887763921146
    jobs_non_home_based: 3.431025086660588e-20
    jobs_within_30_min: 2.2130458605594138e-07
    land_area: -3.6977732196251856e-06
    nodes_walk_ave_unit_sqft: 2.8620570777496844e-06
    nodes_walk_highinc_hhs: -0.0012517315957631706
    nodes_walk_households: -0.0006172680984447252
    nodes_walk_housing_cost: 1.8582996994666907e-06
    nodes_walk_industrial: -0.0014067039594575339
    nodes_walk_jobs: 0.0001287136787005283
    nodes_walk_lowinc_hhs: -0.0009576960824431625
    nodes_walk_midinc_hhs: 0.0007362439558957498
    nodes_walk_node_r1500_sqft: 1.2998811787696644e-08
    nodes_walk_office: 0.008409968152019701
    nodes_walk_population: 0.00040661618485714017
    nodes_walk_race_2_hhs: 0.00023196105478991705
    nodes_walk_race_3_hhs: -0.00028027939909439184
    nodes_walk_retail: -7.729427746986159e-05
    nodes_walk_retail_jobs: -0.0007807082797764074
    parcel_sqft: 7.760733963699367e-07
    parcels_parcel_size: -1.3115367105898496e-06
    parcels_total_sqft: -1.7856672166397432e-06
    parcels_zones_jobs_within_30_min: -2.2870463153615597e-07
    residential_sqft: -7.883352555245928e-05
    sqft_per_unit: 0.00026866445959287456
    vacant_job_spaces: -0.000704501615542411
    year_built: 0.0015363178760741533
    zones_acres: -3.068346125397437e-05
    zones_employment: 6.82820703948964e-05
    zones_households: -0.0001364297675368582
    zones_logsum_job_high_income: 3.4654838107072544e-08
    zones_logsum_job_low_income: 2.945183497615884e-07
    zones_logsum_job_mid_income: -2.1568521208483063e-07
    zones_logsum_pop_high_income: -2.4960904954660843e-07
    zones_logsum_pop_low_income: -4.112358305050438e-07
    zones_logsum_pop_mid_income: 2.6624641201463683e-07
    zones_population: 5.0693825299637127e-05
    zones_retail_jobs: 0.00026667868234847195
    zones_transit_jobs_30min: -2.6451144587554924e-06
    zones_transit_jobs_50min: 1.8057533097528048e-06
    zones_z_total_jobs: 6.69708953566247e-06
fit_rsquared: 0.5371173383045186
fitted: true
sample_size: 1107
