fit_filters:
- non_residential_sqft > 0
- sqft_price_nonres > 1
- sqft_price_nonres < 650
- hedonic_id == 9365
model_expression:
  left_side: np.log1p(sqft_price_nonres)
model_type: Regression
name: RegressionModel
predict_filters: hedonic_id == 9365
ytransform: np.exp
coef:
  b_total_jobs: 0.0002843163433118491
  building_age: -0.00043427494470827814
  building_sqft: -6.358547344661572e-06
  crime_other_rate: 0.00011538926667679638
  crime_ucr_rate: -0.0006974720304540377
  jobs_within_30_min: -9.086140103937216e-07
  land_area: -3.21369854869385e-05
  nodes_walk_ave_nonres_sqft_price: 0.0035531088904272217
  nodes_walk_ave_unit_sqft: -3.723511007488577e-05
  nodes_walk_housing_cost: 1.0452787462783674e-06
  nodes_walk_jobs: 1.4477096989088956e-05
  nodes_walk_medical: 0.00027414865216198077
  nodes_walk_node_r1500_sqft: 2.8985146526899384e-09
  nodes_walk_office: 8.438962217129056e-05
  nodes_walk_population: -0.00029402932197503335
  nodes_walk_residential: -0.0008746711015765838
  nodes_walk_retail_jobs: 0.0005367861960724595
  parcel_sqft: -5.183725836587082e-08
  parcels_ave_unit_size: -0.0001944087273580258
  parcels_total_sqft: -1.2118845677789014e-06
  parcels_zones_employment: 4.462458233610775e-05
  parcels_zones_households: 0.0005235212583058115
  parcels_zones_jobs_within_30_min: -6.485181457943853e-07
  parcels_zones_logsum_job_high_income: -2.3998468286274646e-06
  parcels_zones_logsum_job_low_income: -2.298529048047041e-09
  parcels_zones_logsum_pop_high_income: 2.483422370167029e-06
  parcels_zones_logsum_pop_low_income: -1.0500184291029754e-06
  parcels_zones_population: -0.00018724708129825627
  parcels_zones_retail_jobs: -0.00024239624957796992
  parcels_zones_z_total_jobs: 1.850244447235987e-05
  year_built: 0.0048525604315893655
  zones_acres: -3.470184516279311e-05
  zones_households: 0.0005711494120070746
  zones_logsum_job_high_income: -2.386662272219152e-06
  zones_logsum_job_low_income: -7.604655282642925e-08
  zones_logsum_pop_high_income: 1.713330581778516e-06
  zones_logsum_pop_low_income: -1.0910640761306321e-06
  zones_population: -0.00017683089565488763
  zones_retail_jobs: -0.00018293117297893397
  zones_z_total_jobs: 3.120915711057635e-06
sample_size: 142
score: 0.596228190325677
