fit_filters:
- non_residential_sqft > 0
- sqft_price_nonres > 1
- sqft_price_nonres < 650
- hedonic_id == 11531
model_expression:
  left_side: np.log1p(sqft_price_nonres)
model_type: Regression
name: RegressionModel
predict_filters: hedonic_id == 11531
ytransform: np.exp
coef:
  Intercept: -3.9629788144877356
  building_age: -0.0002235870854289979
  building_sqft: -2.635863163815721e-07
  crime_other_rate: -0.00015996157701629943
  crime_ucr_rate: 0.0003825027578586014
  jobs_within_30_min: -2.0226796763431042e-07
  land_area: -3.8186822672021765e-07
  nodes_walk_ave_nonres_sqft_price: -0.0015976403064845023
  nodes_walk_ave_unit_sqft: 6.53804920066503e-05
  nodes_walk_industrial: 0.019545779082517072
  nodes_walk_jobs: 0.0001123386360670242
  nodes_walk_node_r1500_sqft: -8.2445601594311e-09
  nodes_walk_office: 0.00020561219463411501
  nodes_walk_population: -0.00022568038449676683
  nodes_walk_race_2_hhs: -0.0038478491754879913
  nodes_walk_residential: -0.0022971777718772206
  nodes_walk_retail_jobs: -0.0002870847232529134
  parcel_sqft: 7.077321951945824e-09
  parcels_ave_unit_size: 0.00010095011085069389
  parcels_total_job_spaces: -0.0015494228922560069
  parcels_total_sqft: 1.6275408326763969e-06
  parcels_zones_employment: -9.844599719314124e-06
  parcels_zones_households: -0.0002498588967890812
  parcels_zones_jobs_within_30_min: 1.5251790262343878e-07
  parcels_zones_logsum_job_high_income: -2.6965092162193224e-07
  parcels_zones_logsum_job_low_income: -1.3794801982193697e-06
  parcels_zones_logsum_pop_high_income: 1.0160322004255307e-06
  parcels_zones_logsum_pop_low_income: -1.789431876137751e-06
  parcels_zones_mean_age_of_head: -0.0005382040954153488
  parcels_zones_population: 0.0001572320326991885
  parcels_zones_retail_jobs: -0.00020184793989658402
  parcels_zones_transit_jobs_30min: -0.00011391218636184635
  parcels_zones_transit_jobs_50min: 4.9841418247352136e-05
  parcels_zones_z_total_jobs: -5.671777754658556e-06
  vacant_job_spaces: 0.0003404497338701739
  year_built: 0.003281323192674472
  zone_mean_age_of_head: -5.823270011711083e-19
  zones_acres: -1.649871233816089e-05
  zones_employment: -3.0440104565455063e-05
  zones_households: -0.00020689221892787507
  zones_logsum_job_high_income: -1.2434214470626542e-07
  zones_logsum_job_low_income: -1.7427876087768955e-06
  zones_logsum_pop_high_income: 6.232114948962423e-07
  zones_logsum_pop_low_income: -2.1279598331769436e-06
  zones_mean_age_of_head: -3.0393725123267006e-05
  zones_population: 0.00015085131425019983
  zones_retail_jobs: -0.0007816055146479057
  zones_transit_jobs_30min: -8.364335099790255e-05
  zones_transit_jobs_50min: 3.7788865026744155e-05
  zones_z_total_jobs: -1.8975230898992913e-06
sample_size: 233
score: 0.6862015098916354
