fit_filters:
- non_residential_sqft > 0
- sqft_price_nonres > 1
- sqft_price_nonres < 650
- hedonic_id == 533
model_type: regression
name: RegressionModel
predict_filters: hedonic_id == 533
target_variable: np.log1p(sqft_price_nonres)
ytransform: np.exp
fit_parameters:
  Coefficient:
    Intercept: -20.564216771854078
    b_total_jobs: 0.00134921904827591
    building_age: -3.0167347889881783e-05
    building_sqft: 1.5565095823753905e-06
    crime_other_rate: 9.483507569467407e-06
    crime_ucr_rate: -3.7204977177491686e-05
    jobs_non_home_based: 2.3915117565789376e-16
    jobs_within_30_min: -5.721985114196411e-07
    land_area: -5.194334822981574e-07
    nodes_walk_ave_nonres_sqft_price: 0.006374911448777325
    nodes_walk_ave_unit_sqft: -7.66927553960325e-05
    nodes_walk_hhs_with_children: -0.002610523990958634
    nodes_walk_housing_cost: 3.7962018533346543e-06
    nodes_walk_jobs: 1.2530191927902909e-05
    nodes_walk_medical: 9.192442284667255e-05
    nodes_walk_node_r1500_sqft: 2.3666498701724993e-08
    nodes_walk_office: 0.0003008393639895845
    nodes_walk_population: 0.00030660347494844024
    nodes_walk_race_1_hhs: -0.0005096824222779104
    nodes_walk_race_3_hhs: 0.00037542028532550986
    nodes_walk_retail: -0.001059469754550093
    nodes_walk_retail_jobs: 0.005523932350542341
    parcel_sqft: 1.239021216377114e-06
    parcels_ave_unit_size: -7.771660817749507e-05
    parcels_parcel_size: -9.390374974098529e-07
    parcels_total_sqft: -4.440291449267728e-06
    parcels_zones_jobs_within_30_min: 8.505784974053931e-08
    residential_sqft: 1.0314794710969854e-06
    sqft_per_unit: 0.0003081806692360556
    year_built: 0.012189819710718126
    zones_employment: -5.79640373363626e-05
    zones_households: -1.372484820493365e-05
    zones_logsum_job_high_income: 1.2390066063676573e-07
    zones_logsum_job_low_income: 5.0413604410183854e-08
    zones_logsum_job_mid_income: -1.598574416145336e-08
    zones_logsum_pop_high_income: -1.4726829246060169e-07
    zones_logsum_pop_low_income: -5.2304581069521724e-08
    zones_logsum_pop_mid_income: 1.4485228707337159e-08
    zones_population: -1.980408980485111e-05
    zones_retail_jobs: 0.0013899077175901647
    zones_transit_jobs_30min: 6.6906438806161875e-06
    zones_transit_jobs_50min: -3.4433730300709167e-06
    zones_z_total_jobs: -2.2355370821853508e-05
  Std. Error: {}
  T-Score: {}
fit_rsquared: 0.4239472295895398
fit_rsquared_adj: 0.4239472295895398
fitted: true
model_expression:
  left_side: np.log1p(sqft_price_nonres)
  right_side:
  - year_built
  - sqft_per_unit
  - land_area
  - residential_sqft
  - building_sqft
  - jobs_within_30_min
  - parcel_sqft
  - crime_ucr_rate
  - crime_other_rate
  - building_age
  - b_total_jobs
  - jobs_non_home_based
  - parcels_parcel_size
  - parcels_ave_unit_size
  - parcels_total_sqft
  - parcels_zones_jobs_within_30_min
  - zones_households
  - zones_population
  - zones_employment
  - zones_retail_jobs
  - zones_logsum_pop_high_income
  - zones_logsum_pop_mid_income
  - zones_logsum_pop_low_income
  - zones_logsum_job_high_income
  - zones_logsum_job_mid_income
  - zones_logsum_job_low_income
  - zones_z_total_jobs
  - zones_transit_jobs_50min
  - zones_transit_jobs_30min
  - nodes_walk_population
  - nodes_walk_race_1_hhs
  - nodes_walk_race_3_hhs
  - nodes_walk_hhs_with_children
  - nodes_walk_jobs
  - nodes_walk_retail_jobs
  - nodes_walk_node_r1500_sqft
  - nodes_walk_ave_nonres_sqft_price
  - nodes_walk_retail
  - nodes_walk_office
  - nodes_walk_medical
  - nodes_walk_ave_unit_sqft
  - nodes_walk_housing_cost
sample_size: 1048
