fit_filters:
- non_residential_sqft > 0
- sqft_price_nonres > 1
- sqft_price_nonres < 650
- hedonic_id == 321
model_type: regression
name: RegressionModel
predict_filters: hedonic_id == 321
target_variable: np.log1p(sqft_price_nonres)
ytransform: np.exp
fit_parameters:
  Coefficient:
    Intercept: -7.77709222143267
    building_age: -1.7847039823741486e-05
    building_sqft: 4.759975963500256e-06
    crime_other_rate: 3.963271924707424e-05
    crime_ucr_rate: -0.00016536822549369587
    jobs_within_30_min: -5.072799204339683e-09
    land_area: -5.142257153208267e-06
    nodes_walk_ave_nonres_sqft_price: 0.0002025210708393247
    nodes_walk_highinc_hhs: 0.00040075424931636716
    nodes_walk_households: 0.00015674900902429634
    nodes_walk_housing_cost: 6.118251935835895e-07
    nodes_walk_jobs: 0.00010737334287202511
    nodes_walk_lowinc_hhs: -0.00011758428022380227
    nodes_walk_medical: 0.0002672825311564009
    nodes_walk_midinc_hhs: 5.801576645115284e-05
    nodes_walk_node_r1500_sqft: -5.517158263827618e-10
    nodes_walk_office: 0.00025744956687919786
    nodes_walk_race_1_hhs: 0.00011861492679838394
    nodes_walk_retail: 0.007247763635692438
    nodes_walk_retail_jobs: 0.00020539741267568894
    parcel_sqft: 3.726222481664124e-07
    parcels_parcel_size: -2.3968109748237764e-07
    parcels_pct_undev: 0.0011002459358136175
    parcels_total_sqft: -4.360369514533221e-06
    parcels_zones_jobs_within_30_min: 3.589205636079145e-08
    residential_sqft: 5.139995559879033e-06
    sqft_per_unit: 0.00022728910722977886
    vacant_job_spaces: -0.0015332360364989854
    year_built: 0.005634121621828241
    zones_employment: 9.61667364186254e-06
    zones_households: -5.3535241985634304e-05
    zones_logsum_job_high_income: -4.039133518310483e-08
    zones_logsum_job_low_income: -2.1127421606910357e-07
    zones_logsum_job_mid_income: 6.561798705966221e-08
    zones_logsum_pop_high_income: 3.5491671745672255e-08
    zones_logsum_pop_low_income: 1.649993570631525e-07
    zones_logsum_pop_mid_income: -7.954037333323638e-08
    zones_population: 3.289666245011979e-05
    zones_retail_jobs: 0.000121867076588351
    zones_transit_jobs_30min: 7.152923761494449e-06
    zones_transit_jobs_50min: -9.942772602661558e-07
    zones_z_total_jobs: 1.6911299763059317e-06
  Std. Error: {}
  T-Score: {}
fit_rsquared: 0.38332592903234397
fit_rsquared_adj: 0.38332592903234397
fitted: true
model_expression:
  left_side: np.log1p(sqft_price_nonres)
  right_side:
  - year_built
  - sqft_per_unit
  - land_area
  - residential_sqft
  - building_sqft
  - jobs_within_30_min
  - vacant_job_spaces
  - parcel_sqft
  - crime_ucr_rate
  - crime_other_rate
  - building_age
  - parcels_pct_undev
  - parcels_parcel_size
  - parcels_total_sqft
  - parcels_zones_jobs_within_30_min
  - zones_households
  - zones_population
  - zones_employment
  - zones_retail_jobs
  - zones_logsum_pop_high_income
  - zones_logsum_pop_mid_income
  - zones_logsum_pop_low_income
  - zones_logsum_job_high_income
  - zones_logsum_job_mid_income
  - zones_logsum_job_low_income
  - zones_z_total_jobs
  - zones_transit_jobs_50min
  - zones_transit_jobs_30min
  - nodes_walk_households
  - nodes_walk_midinc_hhs
  - nodes_walk_lowinc_hhs
  - nodes_walk_highinc_hhs
  - nodes_walk_race_1_hhs
  - nodes_walk_jobs
  - nodes_walk_retail_jobs
  - nodes_walk_node_r1500_sqft
  - nodes_walk_ave_nonres_sqft_price
  - nodes_walk_retail
  - nodes_walk_office
  - nodes_walk_medical
  - nodes_walk_housing_cost
sample_size: 6240
