fit_filters:
- non_residential_sqft > 0
- sqft_price_nonres > 1
- sqft_price_nonres < 650
- hedonic_id == 16111
model_expression:
  left_side: np.log1p(sqft_price_nonres)
model_type: Regression
name: RegressionModel
predict_filters: hedonic_id == 16111
ytransform: np.exp
coef:
  building_sqft: -1.575984872251705e-05
  jobs_within_30_min: 1.0330198108548667e-05
  land_area: 2.9664467725377854e-05
  nodes_walk_housing_cost: 6.080938365453222e-09
  nodes_walk_node_r1500_sqft: 4.5019982359709667e-10
  parcel_sqft: 2.7412421543160454e-07
  parcels_landvalue: -9.166157975394451e-08
  parcels_total_sqft: -2.0166523505015306e-06
  parcels_zones_jobs_within_30_min: 9.235351429422162e-08
  parcels_zones_logsum_job_high_income: 3.9036920488251266e-08
  parcels_zones_logsum_job_low_income: -5.852817857713859e-09
  parcels_zones_logsum_pop_high_income: 3.4871270245272785e-08
  parcels_zones_logsum_pop_low_income: -2.9739336720404834e-08
  zones_logsum_job_high_income: 1.8581523195276474e-09
  zones_logsum_job_low_income: -3.620802620892978e-10
  zones_logsum_pop_high_income: 6.114100478586986e-09
  zones_logsum_pop_low_income: -1.2347569468081621e-09
sample_size: 4
score: 0.9999999998692554
