fit_filters:
- non_residential_sqft > 0
- sqft_price_nonres > 1
- sqft_price_nonres < 650
- hedonic_id == 531
model_type: regression
name: RegressionModel
predict_filters: hedonic_id == 531
target_variable: np.log1p(sqft_price_nonres)
ytransform: np.exp
fit_parameters:
  Coefficient:
    Intercept: -15.354279958449014
    building_age: -0.0006700094530727736
    building_sqft: -2.064109009013152e-06
    crime_other_rate: -2.3041907958270913e-06
    crime_ucr_rate: -1.5173446662714507e-05
    job_spaces: 3.784236970343535e-05
    jobs_within_30_min: -6.320511273348709e-07
    land_area: 1.515026200298514e-06
    nodes_walk_ave_unit_sqft: -4.425595070147822e-07
    nodes_walk_housing_cost: 2.859197741358079e-06
    nodes_walk_industrial: 0.009457371142313353
    nodes_walk_jobs: -0.00010808612701337709
    nodes_walk_midinc_hhs: 0.0015038013818513022
    nodes_walk_node_r1500_sqft: 1.2238499331921324e-08
    nodes_walk_office: 0.0002565275292843399
    nodes_walk_population: -0.0003422406703706661
    nodes_walk_race_1_hhs: 0.0003729466270578391
    nodes_walk_race_4_hhs: 1.4681647440559344e-05
    nodes_walk_retail: 0.0005523511822261324
    nodes_walk_retail_jobs: 0.001934686926371535
    non_residential_units: 2.7347882437077544e-17
    parcel_sqft: 3.7306231536106083e-07
    parcels_ave_unit_size: -9.910105264638718e-05
    parcels_parcel_size: 1.8054926809862675e-07
    parcels_pct_undev: -9.998525303612891e-05
    parcels_total_job_spaces: 0.0004893080548624456
    parcels_total_sqft: -1.6293153324795697e-06
    parcels_zones_jobs_within_30_min: 2.2039334784116716e-07
    residential_sqft: 2.9532357657917586e-05
    sqft_per_unit: 0.0006443717249973382
    vacant_job_spaces: 0.00020643336445734053
    year_built: 0.009403484886775504
    zones_acres: -0.0002888252347863827
    zones_households: -0.00018567944612304707
    zones_logsum_job_high_income: 1.3729600859031435e-07
    zones_logsum_job_low_income: -5.1144951294652944e-08
    zones_logsum_job_mid_income: 4.513452462780681e-09
    zones_logsum_pop_high_income: -1.111604111319362e-07
    zones_logsum_pop_low_income: 8.226608214439905e-08
    zones_logsum_pop_mid_income: -1.2693931641103737e-09
    zones_population: 1.6668127564171015e-05
    zones_retail_jobs: 0.0006954706026125356
    zones_transit_jobs_30min: 8.693458071586011e-06
    zones_transit_jobs_50min: -3.72889527839613e-06
fit_rsquared: 0.5283785667250548
fitted: true
model_expression:
  left_side: np.log1p(sqft_price_nonres)
  right_side:
  - year_built
  - sqft_per_unit
  - land_area
  - residential_sqft
  - building_sqft
  - job_spaces
  - non_residential_units
  - jobs_within_30_min
  - vacant_job_spaces
  - parcel_sqft
  - crime_ucr_rate
  - crime_other_rate
  - building_age
  - parcels_pct_undev
  - parcels_parcel_size
  - parcels_ave_unit_size
  - parcels_total_job_spaces
  - parcels_total_sqft
  - parcels_zones_jobs_within_30_min
  - zones_acres
  - zones_households
  - zones_population
  - zones_retail_jobs
  - zones_logsum_pop_high_income
  - zones_logsum_pop_mid_income
  - zones_logsum_pop_low_income
  - zones_logsum_job_high_income
  - zones_logsum_job_mid_income
  - zones_logsum_job_low_income
  - zones_transit_jobs_50min
  - zones_transit_jobs_30min
  - nodes_walk_population
  - nodes_walk_midinc_hhs
  - nodes_walk_race_1_hhs
  - nodes_walk_race_4_hhs
  - nodes_walk_jobs
  - nodes_walk_retail_jobs
  - nodes_walk_node_r1500_sqft
  - nodes_walk_retail
  - nodes_walk_office
  - nodes_walk_industrial
  - nodes_walk_ave_unit_sqft
  - nodes_walk_housing_cost
sample_size: 1694
