fit_filters:
- non_residential_sqft > 0
- sqft_price_nonres > 1
- sqft_price_nonres < 650
- hedonic_id == 14731
model_type: regression
name: RegressionModel
predict_filters: hedonic_id == 14731
target_variable: np.log1p(sqft_price_nonres)
ytransform: np.exp
fit_parameters:
  Coefficient:
    Intercept: -4.940434417609059
    b_total_jobs: 0.0010104892320392388
    building_sqft: -2.1667354146969e-05
    crime_other_rate: -1.1496966922876864e-05
    crime_ucr_rate: 1.935058026034012e-05
    jobs_non_home_based: 1.3836248985333327e-16
    jobs_within_30_min: 1.578189548616568e-06
    land_area: 1.9546597811529672e-05
    nodes_walk_ave_unit_sqft: 3.7591806423770223e-07
    nodes_walk_housing_cost: -5.575535360853007e-06
    nodes_walk_industrial: 0.02376047568545979
    nodes_walk_jobs: -0.0003215362962854954
    nodes_walk_medical: 0.00021228248179369527
    nodes_walk_node_r1500_sqft: -4.8688087958778876e-09
    nodes_walk_office: -0.00033869155032851427
    nodes_walk_population: -9.425744703217984e-05
    nodes_walk_retail: 0.0004697514224547018
    nodes_walk_retail_jobs: 4.9643853286492874e-05
    parcel_sqft: 6.411565026825194e-08
    parcels_ave_unit_size: 0.00030110504307015955
    parcels_parcel_size: -1.755503760090148e-07
    parcels_total_sqft: -3.585497820114177e-07
    parcels_zones_jobs_within_30_min: 6.937208730624265e-07
    year_built: 0.0035312644031728242
    zones_acres: 2.3878077142500688e-06
    zones_households: 0.0007104898056285956
    zones_logsum_job_high_income: -6.472066873187401e-07
    zones_logsum_job_low_income: 3.86856580942189e-06
    zones_logsum_job_mid_income: -2.6574442476845596e-06
    zones_logsum_pop_high_income: 7.887380319886834e-07
    zones_logsum_pop_low_income: -1.7504691416351413e-06
    zones_logsum_pop_mid_income: 1.8284612630663806e-06
    zones_population: -0.00027574640422254373
    zones_retail_jobs: -1.0795580109415538e-05
    zones_transit_jobs_30min: -8.484259684629764e-05
    zones_transit_jobs_50min: -1.1053165315930145e-05
fit_rsquared: 0.5439751846056897
fitted: true
sample_size: 385
