fit_filters:
- non_residential_sqft > 0
- sqft_price_nonres > 1
- sqft_price_nonres < 650
- hedonic_id == 9931
model_expression:
  left_side: np.log1p(sqft_price_nonres)
model_type: Regression
name: RegressionModel
predict_filters: hedonic_id == 9931
ytransform: np.exp
coef:
  Intercept: -2.39109320325389
  b_total_jobs: 0.0003622442664210216
  building_age: -9.003505071356745e-05
  building_sqft: -2.519022005046731e-09
  crime_other_rate: 1.860403242880893e-05
  crime_ucr_rate: 1.3732099966941982e-06
  jobs_within_30_min: -7.178834392092125e-08
  land_area: 2.7383707299870054e-07
  nodes_walk_ave_unit_sqft: -0.00010171496258772419
  nodes_walk_housing_cost: 1.8739975885254144e-06
  nodes_walk_industrial: 0.020395012290787277
  nodes_walk_jobs: 0.00011518468194698886
  nodes_walk_node_r1500_sqft: -6.259043670844198e-10
  nodes_walk_office: -4.2637987205031166e-06
  nodes_walk_retail_jobs: -0.00016721228154137238
  parcel_sqft: -2.975762399476053e-09
  parcels_ave_unit_size: -2.2244392126215446e-05
  parcels_total_job_spaces: -5.3420812790715015e-05
  parcels_total_sqft: -1.8846430357971118e-07
  parcels_zones_employment: 9.97217160361764e-09
  parcels_zones_households: -2.7644697571626536e-07
  parcels_zones_jobs_within_30_min: -4.100215804333432e-08
  parcels_zones_logsum_job_high_income: 3.6624328588050754e-08
  parcels_zones_logsum_job_low_income: 1.1473534502750881e-07
  parcels_zones_logsum_pop_high_income: -5.536740194087836e-08
  parcels_zones_logsum_pop_low_income: -4.334883327340817e-08
  parcels_zones_population: 1.608645504978664e-05
  parcels_zones_retail_jobs: -8.56682748426205e-05
  parcels_zones_transit_jobs_30min: -4.1517047703396064e-07
  parcels_zones_transit_jobs_50min: 8.209812904194683e-07
  parcels_zones_z_total_jobs: 1.6114574126175023e-06
  vacant_job_spaces: -0.0006442569698209875
  year_built: 0.0027546089932881904
  zones_acres: -4.784845085151394e-05
  zones_employment: 2.291006765213351e-07
  zones_households: -2.0344174596645753e-07
  zones_logsum_job_high_income: 8.793788515048116e-08
  zones_logsum_job_low_income: 9.646175210919435e-08
  zones_logsum_pop_high_income: -1.287795569456427e-07
  zones_logsum_pop_low_income: -1.1310308021101889e-07
  zones_population: 7.577958880329734e-08
  zones_retail_jobs: -4.151983646146444e-07
  zones_transit_jobs_30min: -1.9575116018399805e-06
  zones_transit_jobs_50min: 4.079348806568114e-07
sample_size: 3237
score: 0.5014855924713641
