fit_filters:
- non_residential_sqft > 0
- sqft_price_nonres > 1
- sqft_price_nonres < 650
- hedonic_id == 365
model_expression:
  left_side: np.log1p(sqft_price_nonres)
model_type: Regression
name: RegressionModel
predict_filters: hedonic_id == 365
ytransform: np.exp
coef:
  Intercept: -10.182646897707844
  b_total_jobs: 0.0017525469941957435
  building_age: -0.0001547804378728044
  building_sqft: 1.4792791780091914e-05
  crime_other_rate: 2.697034304111643e-06
  crime_ucr_rate: -0.00011274964296386528
  jobs_non_home_based: 6.008832922285789e-20
  jobs_within_30_min: -3.7474567314737234e-08
  land_area: -1.676720349397279e-05
  nodes_walk_ave_nonres_sqft_price: 0.00617264232178092
  nodes_walk_ave_unit_sqft: -2.021782679504145e-06
  nodes_walk_households: -0.00014495139457356614
  nodes_walk_housing_cost: -1.997448192151509e-06
  nodes_walk_industrial: 0.0010896437548289257
  nodes_walk_jobs: 9.204428702048813e-05
  nodes_walk_node_r1500_sqft: -3.257238915045345e-09
  nodes_walk_population: -3.2090914076507697e-06
  nodes_walk_race_3_hhs: -0.0004895742277768755
  nodes_walk_residential: 0.000372463749589731
  nodes_walk_retail_jobs: 1.6702778694657123e-06
  parcel_sqft: -8.377369464888811e-08
  parcels_total_job_spaces: 0.001653096608545179
  parcels_total_sqft: -5.264667545714988e-06
  parcels_zones_employment: 1.6438137180394754e-05
  parcels_zones_jobs_within_30_min: 7.388204863113771e-08
  parcels_zones_logsum_job_high_income: 8.652068974529546e-08
  parcels_zones_logsum_job_low_income: -8.140108398405616e-08
  parcels_zones_logsum_pop_high_income: -5.996004996442599e-08
  parcels_zones_logsum_pop_low_income: 5.554819961308122e-08
  parcels_zones_population: -3.5358497692700694e-06
  parcels_zones_retail_jobs: -5.067991905846964e-05
  parcels_zones_transit_jobs_30min: 6.11878805109598e-07
  parcels_zones_transit_jobs_50min: 1.0541792283064345e-06
  parcels_zones_z_total_jobs: 6.138259699005802e-06
  residential_sqft: 0.00012445766492372742
  vacant_job_spaces: -0.005400565595263206
  year_built: 0.007367471052540682
  zones_acres: -0.0001561548085331389
  zones_employment: 6.094220055777399e-06
  zones_logsum_job_high_income: 1.2499900430918718e-07
  zones_logsum_job_low_income: -1.008833124439365e-07
  zones_logsum_pop_high_income: -7.960624377737192e-08
  zones_logsum_pop_low_income: -3.958172375520439e-08
  zones_population: -5.913745824100006e-07
  zones_retail_jobs: -2.1519180186795015e-05
  zones_transit_jobs_30min: 3.6230392044175885e-07
  zones_transit_jobs_50min: 6.787307079995916e-07
  zones_z_total_jobs: 1.0398725366559164e-06
sample_size: 1431
score: 0.424384364216819
