fit_filters:
- non_residential_sqft > 0
- sqft_price_nonres > 1
- sqft_price_nonres < 650
- hedonic_id == 9351
model_type: regression
name: RegressionModel
predict_filters: hedonic_id == 9351
target_variable: np.log1p(sqft_price_nonres)
ytransform: np.exp
fit_parameters:
  Coefficient:
    Intercept: 2.4837815506850975
    building_age: -0.00011122408382295441
    building_sqft: 9.211100503767948e-06
    jobs_within_30_min: 3.088739334738911e-07
    land_area: 8.010831402315472e-06
    nodes_walk_housing_cost: -1.2405207187339439e-06
    nodes_walk_jobs: 6.277012845663515e-05
    nodes_walk_lowinc_hhs: 4.8489158605985505e-05
    nodes_walk_medical: 0.005884408368039014
    nodes_walk_node_r1500_sqft: -1.7301902117101286e-08
    nodes_walk_retail: -0.000249006285789812
    parcel_sqft: -8.086897712564398e-07
    parcels_parcel_size: 2.176355361935457e-06
    parcels_total_sqft: -1.5357512331204542e-05
    parcels_zones_jobs_within_30_min: 6.104026073029712e-07
    year_built: 0.0011411878166403052
    zones_acres: -1.2209082842936146e-05
    zones_employment: 6.465104234081017e-05
    zones_households: 7.889837108565571e-05
    zones_logsum_job_high_income: -5.645630396271601e-06
    zones_logsum_job_low_income: -3.630091571552392e-07
    zones_logsum_job_mid_income: 1.7501973698347392e-06
    zones_logsum_pop_high_income: -6.4248677271055e-07
    zones_logsum_pop_low_income: 2.0036152329143195e-06
    zones_logsum_pop_mid_income: 3.154338044986168e-06
    zones_retail_jobs: -0.00010657581051466533
    zones_z_total_jobs: 2.2190664217080957e-05
fit_rsquared: 0.773493164015922
fitted: true
sample_size: 89
