fit_filters:
- non_residential_sqft > 0
- sqft_price_nonres > 1
- sqft_price_nonres < 650
- hedonic_id == 16123
model_expression:
  left_side: np.log1p(sqft_price_nonres)
model_type: Regression
name: RegressionModel
predict_filters: hedonic_id == 16123
ytransform: np.exp
coef:
  b_total_jobs: 3.85961973329553e-05
  building_age: -3.8906906335050714e-06
  building_sqft: 1.679004384374859e-06
  crime_other_rate: 4.116908371877085e-05
  crime_ucr_rate: 0.0001209751363653997
  jobs_non_home_based: 1.8527535467967175e-19
  jobs_within_30_min: 1.714332717692122e-07
  land_area: -3.7245213637026127e-06
  nodes_walk_ave_unit_sqft: 3.2783578541389736e-06
  nodes_walk_highinc_hhs: -0.0013502990040403378
  nodes_walk_households: -0.0005906306763435496
  nodes_walk_housing_cost: 1.8269999878046405e-06
  nodes_walk_industrial: -0.0014773737518153736
  nodes_walk_jobs: 0.00013118664768181404
  nodes_walk_lowinc_hhs: -0.0009565823442001301
  nodes_walk_midinc_hhs: 0.0007632361207717321
  nodes_walk_node_r1500_sqft: 1.3436354857902267e-08
  nodes_walk_office: 0.00847809528900741
  nodes_walk_population: 0.00040171140971884643
  nodes_walk_race_3_hhs: -0.0003593216342975243
  nodes_walk_retail: -0.00012899465641121643
  nodes_walk_retail_jobs: -0.0008050174455921995
  parcel_sqft: 7.761649127813546e-07
  parcels_parcel_size: -1.3128451086092122e-06
  parcels_total_sqft: -1.796360890508859e-06
  parcels_zones_employment: 7.179741552039219e-05
  parcels_zones_households: -5.8066298971279316e-05
  parcels_zones_jobs_within_30_min: -1.8819089292843072e-07
  parcels_zones_logsum_job_high_income: -3.0042578948100155e-08
  parcels_zones_logsum_job_low_income: 3.041282552766687e-08
  parcels_zones_logsum_pop_high_income: -1.1190057176318157e-07
  parcels_zones_logsum_pop_low_income: -8.763208014990166e-08
  parcels_zones_population: 1.7993835891550234e-05
  parcels_zones_retail_jobs: 0.0002513152958985847
  parcels_zones_transit_jobs_30min: -1.4907284430073255e-06
  parcels_zones_transit_jobs_50min: 1.2526715204507267e-06
  parcels_zones_z_total_jobs: 4.771102569908463e-06
  residential_sqft: -5.34913041982734e-05
  sqft_per_unit: 0.00023888087997866222
  vacant_job_spaces: -0.0007237272366153978
  year_built: 0.0014649776285452852
  zones_acres: -3.109168650433367e-05
  zones_employment: 2.0235492125399714e-07
  zones_households: -7.859806540276462e-05
  zones_logsum_job_high_income: -3.027984361166262e-08
  zones_logsum_job_low_income: 2.988407559205225e-08
  zones_logsum_pop_high_income: -1.7157411205662016e-08
  zones_logsum_pop_low_income: -6.342901182982018e-08
  zones_population: 3.3465178175180555e-05
  zones_retail_jobs: 5.702013115364753e-06
  zones_transit_jobs_30min: -1.0740824415216829e-06
  zones_transit_jobs_50min: 7.903243582649519e-07
  zones_z_total_jobs: 3.789237588356638e-07
sample_size: 1107
score: 0.5354664004943295
