fit_filters:
- non_residential_sqft > 0
- sqft_price_nonres > 1
- sqft_price_nonres < 650
- hedonic_id == 94
model_expression:
  left_side: np.log1p(sqft_price_nonres)
model_type: Regression
name: RegressionModel
predict_filters: hedonic_id == 94
ytransform: np.exp
coef:
  Intercept: -2.1987226417742463
  b_total_jobs: 0.0019594405100540548
  building_age: -0.0005410201110926501
  building_sqft: 2.4744777290958648e-05
  crime_other_rate: 4.938995450600989e-05
  crime_ucr_rate: -0.00015020150451027463
  jobs_non_home_based: 1.5234381360772844e-18
  jobs_within_30_min: -3.053443874410616e-07
  land_area: 2.7580608014549205e-06
  nodes_walk_ave_nonres_sqft_price: 0.0013165541055207522
  nodes_walk_highinc_hhs: -0.000968451270830846
  nodes_walk_housing_cost: 3.5850774551878946e-06
  nodes_walk_industrial: 0.00036706947936309444
  nodes_walk_jobs: 0.00013113311247145478
  nodes_walk_medical: 0.0006943172590158716
  nodes_walk_node_r1500_sqft: 1.3916508930788169e-08
  nodes_walk_office: -0.00022891063738788472
  nodes_walk_population: 0.00021905708608243918
  nodes_walk_race_2_hhs: 0.000506970261884405
  nodes_walk_race_3_hhs: -0.0011740100320753548
  nodes_walk_race_4_hhs: -0.002426262914909293
  nodes_walk_retail: 0.005352977405766789
  nodes_walk_retail_jobs: 8.985725880504513e-05
  parcel_sqft: -2.0241835849584042e-07
  parcels_ave_unit_size: -0.0001875879138762071
  parcels_pptytax: -0.0027858692616176744
  parcels_total_sqft: -2.7892588736423053e-05
  parcels_zones_employment: -1.6133174727096433e-06
  parcels_zones_households: 8.702952733083863e-05
  parcels_zones_jobs_within_30_min: 7.613366057211135e-08
  parcels_zones_logsum_job_high_income: -5.911860160044218e-08
  parcels_zones_logsum_job_low_income: -2.0554944250518577e-08
  parcels_zones_logsum_pop_high_income: 9.175336028696215e-08
  parcels_zones_logsum_pop_low_income: -9.085063840424979e-08
  parcels_zones_population: -4.755353040935325e-05
  parcels_zones_retail_jobs: 0.00037745822143068125
  parcels_zones_transit_jobs_30min: -4.617395350387629e-08
  parcels_zones_transit_jobs_50min: 9.125035635607424e-07
  parcels_zones_z_total_jobs: -2.66982613614826e-05
  residential_sqft: 3.086828651319155e-06
  sqft_per_unit: 0.0002219358907985428
  year_built: 0.003156398915855407
  zones_acres: 2.5624886503925546e-05
  zones_households: 7.42462255399795e-05
  zones_logsum_job_high_income: -6.262186200668497e-08
  zones_logsum_job_low_income: -2.229619502030879e-08
  zones_logsum_pop_high_income: 8.140843463562952e-08
  zones_logsum_pop_low_income: -8.452795895813176e-09
  zones_population: -3.803707580652696e-05
  zones_retail_jobs: 2.068277427366394e-05
  zones_transit_jobs_50min: 6.45430731269127e-07
  zones_z_total_jobs: -6.097119497913992e-06
sample_size: 236
score: 0.5998310084218669
