fit_filters:
- non_residential_sqft > 0
- sqft_price_nonres > 1
- sqft_price_nonres < 650
- hedonic_id == 9331
model_expression:
  left_side: np.log1p(sqft_price_nonres)
model_type: Regression
name: RegressionModel
predict_filters: hedonic_id == 9331
ytransform: np.exp
coef:
  b_total_jobs: 0.001086759941037307
  building_age: -1.4994740679280747e-05
  building_sqft: -2.8559802730080186e-06
  crime_other_rate: -4.507694838203432e-06
  crime_ucr_rate: 2.7346225523146418e-05
  jobs_within_30_min: -3.7807625661660212e-06
  land_area: 1.999706753795057e-06
  nodes_walk_ave_unit_sqft: -6.5676275090927e-05
  nodes_walk_housing_cost: 4.434632670523827e-06
  nodes_walk_industrial: 0.01642823771420447
  nodes_walk_jobs: -0.0001131419768281533
  nodes_walk_medical: -0.0005895798150315402
  nodes_walk_node_r1500_sqft: 6.7815013725441126e-09
  nodes_walk_office: 0.00018208503279290355
  nodes_walk_population: -0.0002756451341446397
  nodes_walk_residential: -0.0015278455280192983
  nodes_walk_retail: -0.0004727026364132002
  nodes_walk_retail_jobs: 0.0002760968096968854
  parcel_sqft: 6.21689728103154e-09
  parcels_ave_unit_size: -7.622279698413396e-06
  parcels_parcel_size: -2.7816782034109517e-08
  parcels_pct_undev: 0.0023358266036390416
  parcels_total_job_spaces: 0.0003382447046333575
  parcels_total_sqft: -5.083558375833382e-07
  parcels_zones_employment: 9.198257736939844e-07
  parcels_zones_households: -0.00024844408079031043
  parcels_zones_jobs_within_30_min: -3.4420245776825586e-07
  parcels_zones_logsum_job_high_income: 6.379010269263277e-07
  parcels_zones_logsum_job_low_income: -6.768985047715843e-07
  parcels_zones_logsum_pop_high_income: 9.26538749365995e-07
  parcels_zones_logsum_pop_low_income: -9.647114266252411e-09
  parcels_zones_population: 9.254426138882514e-05
  parcels_zones_retail_jobs: 5.631679352228679e-06
  parcels_zones_z_total_jobs: 5.896258090683457e-08
  zones_acres: -3.712789144772433e-05
  zones_employment: 8.116268773304463e-06
  zones_households: -0.00017872249876181175
  zones_logsum_job_high_income: 6.345040715280948e-07
  zones_logsum_job_low_income: -6.65568197654325e-07
  zones_logsum_pop_high_income: -2.4611510355133725e-07
  zones_logsum_pop_low_income: -4.5587561586326245e-08
  zones_population: 9.267612925248342e-05
  zones_retail_jobs: 4.493509824467126e-05
  zones_z_total_jobs: 1.1762916044215961e-06
sample_size: 417
score: 0.690042962979186
