fit_filters:
- non_residential_sqft > 0
- sqft_price_nonres > 1
- sqft_price_nonres < 650
- hedonic_id == 9961
model_expression:
  left_side: np.log1p(sqft_price_nonres)
model_type: Regression
name: RegressionModel
predict_filters: hedonic_id == 9961
ytransform: np.exp
coef:
  building_age: 2.4245067838806166e-05
  building_sqft: 1.8523771673357235e-05
  crime_other_rate: -1.1868988229186024e-05
  crime_ucr_rate: 0.0007851851364674097
  job_spaces: -0.003741179706627488
  jobs_within_30_min: -1.0295423802868014e-07
  land_area: -1.5488085891854686e-05
  nodes_walk_ave_nonres_sqft_price: 0.006886936728445201
  nodes_walk_hhs_with_children: 0.003598155715416166
  nodes_walk_households: -0.0017371337623964267
  nodes_walk_housing_cost: -2.706102793365592e-06
  nodes_walk_industrial: 0.001806802623162169
  nodes_walk_jobs: 8.447232928061268e-06
  nodes_walk_medical: -0.0021974355142084082
  nodes_walk_node_r1500_sqft: 3.082000070991973e-08
  nodes_walk_office: -0.007321403825069339
  nodes_walk_population: 0.0011384997416114648
  nodes_walk_race_3_hhs: -0.006857000142856299
  nodes_walk_residential: -0.004034374340934969
  nodes_walk_retail: -0.0016309293368218303
  nodes_walk_retail_jobs: 0.0033029963251619684
  parcel_sqft: -7.215564659748423e-08
  parcels_landvalue: 7.348233336715281e-08
  parcels_total_sqft: 7.242111643678723e-06
  parcels_zones_households: -0.00017143554583169714
  parcels_zones_jobs_within_30_min: -6.011982063510989e-07
  parcels_zones_logsum_job_high_income: -2.254397022109799e-06
  parcels_zones_logsum_job_low_income: 1.687537172464087e-06
  parcels_zones_logsum_pop_high_income: 2.1577396930797397e-06
  parcels_zones_logsum_pop_low_income: -2.1278533042253874e-06
  parcels_zones_population: 0.00014778305038738528
  parcels_zones_transit_jobs_30min: 1.0886397405846184e-05
  parcels_zones_transit_jobs_50min: 4.4864868804657665e-08
  parcels_zones_z_total_jobs: -3.4085148982887086e-05
  vacant_job_spaces: -0.005895381815514503
  year_built: -0.0035919988450322723
  zones_acres: 4.902171609947742e-06
  zones_employment: -5.324879430967831e-07
  zones_households: -0.0003653329780877383
  zones_logsum_job_high_income: -2.468916106725264e-06
  zones_logsum_job_low_income: 1.7934314132532709e-06
  zones_logsum_pop_high_income: 2.4100561718832173e-06
  zones_logsum_pop_low_income: -1.858397507937591e-06
  zones_population: 0.00013036757202647048
  zones_retail_jobs: -4.5656840749060625e-06
  zones_transit_jobs_30min: 3.3782933068590553e-06
  zones_transit_jobs_50min: 6.363131125958563e-07
  zones_z_total_jobs: -1.7937414809918407e-05
sample_size: 93
score: 0.7143719281309902
