fit_filters:
- non_residential_sqft > 0
- sqft_price_nonres > 1
- sqft_price_nonres < 650
- hedonic_id == 16121
model_type: regression
name: RegressionModel
predict_filters: hedonic_id == 16121
target_variable: np.log1p(sqft_price_nonres)
ytransform: np.exp
fit_parameters:
  Coefficient:
    Intercept: 2.353970465764391
    b_total_jobs: 0.0002564560448493741
    building_age: -0.0012423213368490513
    building_sqft: 1.781913599534376e-06
    crime_other_rate: 0.0001349932314071735
    crime_ucr_rate: -7.307021900398123e-05
    jobs_within_30_min: 2.2877353165056066e-07
    land_area: -4.320589493815158e-06
    nodes_walk_ave_nonres_sqft_price: 0.0006128223323651183
    nodes_walk_ave_unit_sqft: -1.2258538321738359e-05
    nodes_walk_housing_cost: -1.0657013931178965e-06
    nodes_walk_industrial: -0.00023826369356352996
    nodes_walk_jobs: -1.767575303813033e-06
    nodes_walk_lowinc_hhs: -0.0002643603328081192
    nodes_walk_max_office_far: -0.0012184336928313508
    nodes_walk_midinc_hhs: 0.0004302567038032984
    nodes_walk_node_r1500_sqft: 9.471304043877347e-09
    nodes_walk_office: 7.146060122277433e-05
    nodes_walk_population: -3.903613177981726e-05
    nodes_walk_retail: 0.007907391519901231
    nodes_walk_retail_jobs: -5.621492767966044e-05
    parcel_sqft: -8.903297208580326e-08
    parcels_ave_unit_size: -2.9792573904046724e-05
    parcels_parcel_size: 1.6476929764586625e-07
    parcels_pct_undev: 0.002375710459019414
    parcels_total_job_spaces: 0.0019504307870293392
    parcels_total_sqft: -4.93952994327071e-06
    parcels_zones_jobs_within_30_min: -6.001539398156246e-07
    residential_sqft: 5.139067895569246e-05
    sqft_per_unit: 0.0002213532735415589
    vacant_job_spaces: -0.0014522866712664787
    year_built: 0.0006442711691558483
    zones_acres: -3.199725003275008e-05
    zones_employment: 1.0744452233464486e-06
    zones_households: -0.00032976731476195415
    zones_logsum_job_high_income: 2.585540689590836e-07
    zones_logsum_job_low_income: 1.0133876238679954e-07
    zones_logsum_job_mid_income: -2.896964223840973e-08
    zones_logsum_pop_high_income: -3.7308611882125886e-07
    zones_logsum_pop_low_income: -1.4135386515883575e-07
    zones_logsum_pop_mid_income: 4.0166997189542714e-08
    zones_population: 0.00013351013287962296
    zones_retail_jobs: 0.0002875753274874729
    zones_transit_jobs_30min: 5.669296124315549e-07
    zones_transit_jobs_50min: 1.2304234235720654e-06
fit_rsquared: 0.559882918545806
fitted: true
model_expression:
  left_side: np.log1p(sqft_price_nonres)
  right_side:
  - year_built
  - sqft_per_unit
  - land_area
  - residential_sqft
  - building_sqft
  - jobs_within_30_min
  - vacant_job_spaces
  - parcel_sqft
  - crime_ucr_rate
  - crime_other_rate
  - building_age
  - b_total_jobs
  - parcels_pct_undev
  - parcels_parcel_size
  - parcels_ave_unit_size
  - parcels_total_job_spaces
  - parcels_total_sqft
  - parcels_zones_jobs_within_30_min
  - zones_acres
  - zones_households
  - zones_population
  - zones_employment
  - zones_retail_jobs
  - zones_logsum_pop_high_income
  - zones_logsum_pop_mid_income
  - zones_logsum_pop_low_income
  - zones_logsum_job_high_income
  - zones_logsum_job_mid_income
  - zones_logsum_job_low_income
  - zones_transit_jobs_50min
  - zones_transit_jobs_30min
  - nodes_walk_population
  - nodes_walk_midinc_hhs
  - nodes_walk_lowinc_hhs
  - nodes_walk_max_office_far
  - nodes_walk_jobs
  - nodes_walk_retail_jobs
  - nodes_walk_node_r1500_sqft
  - nodes_walk_ave_nonres_sqft_price
  - nodes_walk_retail
  - nodes_walk_office
  - nodes_walk_industrial
  - nodes_walk_ave_unit_sqft
  - nodes_walk_housing_cost
sample_size: 1626
