fit_filters:
- non_residential_sqft > 0
- sqft_price_nonres > 1
- sqft_price_nonres < 650
- hedonic_id == 9951
model_expression:
  left_side: np.log1p(sqft_price_nonres)
model_type: Regression
name: RegressionModel
predict_filters: hedonic_id == 9951
ytransform: np.exp
coef:
  b_total_jobs: 0.0009142184429425015
  building_age: -0.002094658771410543
  building_sqft: -3.137560682377863e-09
  crime_other_rate: 5.607264219921998e-05
  crime_ucr_rate: 4.7497938556635726e-05
  jobs_non_home_based: 3.6313351037212565e-19
  jobs_within_30_min: 5.717908160752463e-07
  land_area: -1.794970582348012e-05
  nodes_walk_ave_unit_sqft: -4.761816946894522e-06
  nodes_walk_housing_cost: 2.9339234022583365e-06
  nodes_walk_jobs: 3.961703508017847e-05
  nodes_walk_medical: 0.005900764099329232
  nodes_walk_midinc_hhs: 0.0006781667370070281
  nodes_walk_node_r1500_sqft: -8.274750609660786e-09
  nodes_walk_office: -0.00035361388653276535
  nodes_walk_population: -0.00019522064101325598
  nodes_walk_race_1_hhs: 0.0003621690391829904
  nodes_walk_residential: 0.0004885654945019566
  nodes_walk_retail: 8.741981138778857e-05
  parcel_sqft: 1.095923526584234e-06
  parcels_ave_unit_size: -6.022169329706626e-05
  parcels_total_sqft: -3.5995298560802414e-06
  parcels_zones_employment: 1.3761772234279633e-06
  parcels_zones_jobs_within_30_min: -6.836614018672985e-08
  parcels_zones_logsum_job_high_income: -2.047998031464298e-06
  parcels_zones_logsum_job_low_income: 4.860471253408966e-08
  parcels_zones_logsum_pop_high_income: 5.86238743760288e-07
  parcels_zones_logsum_pop_low_income: -4.057277292221314e-08
  parcels_zones_population: -9.867995668134656e-06
  parcels_zones_retail_jobs: -4.003989331628974e-07
  parcels_zones_transit_jobs_30min: 8.520492644567611e-06
  parcels_zones_transit_jobs_50min: 1.5531561962800462e-06
  parcels_zones_z_total_jobs: 1.6988368699841126e-05
  residential_sqft: 2.400307028669957e-10
  sqft_per_unit: 0.00023562040539650963
  year_built: 0.005493732657481564
  zones_acres: -2.401012976048581e-07
  zones_employment: 5.23834982738479e-06
  zones_logsum_job_high_income: -1.8134850629661977e-06
  zones_logsum_job_low_income: 2.292479143587597e-09
  zones_logsum_pop_high_income: 1.2440776139594434e-06
  zones_logsum_pop_low_income: -1.4505543467629388e-07
  zones_population: -1.2796021477786418e-07
  zones_retail_jobs: -2.2208380553561303e-10
  zones_transit_jobs_30min: 7.973555489230448e-07
  zones_transit_jobs_50min: 1.207786124468781e-08
  zones_z_total_jobs: 4.726633206272902e-06
sample_size: 578
score: 0.5206283505813294
