fit_filters:
- non_residential_sqft > 0
- sqft_price_nonres > 1
- sqft_price_nonres < 650
- hedonic_id == 365
model_expression:
  left_side: np.log1p(sqft_price_nonres)
model_type: Regression
name: RegressionModel
predict_filters: hedonic_id == 365
ytransform: np.exp
coef:
  b_total_jobs: 0.003690721763685718
  building_age: -0.0012549520006759683
  building_sqft: 7.239090505356025e-06
  crime_other_rate: 1.5061997623059556e-05
  crime_ucr_rate: -0.00021162247988194211
  jobs_non_home_based: 7.421401812263655e-16
  jobs_within_30_min: -1.2346880529884652e-08
  land_area: -4.319858604845233e-05
  nodes_walk_ave_nonres_sqft_price: 0.005426143795046001
  nodes_walk_ave_unit_sqft: -1.0993773529413321e-05
  nodes_walk_hhs_with_children: 3.960962166862788e-05
  nodes_walk_highinc_hhs: -4.025934308366786e-05
  nodes_walk_households: -0.00023672346144584298
  nodes_walk_housing_cost: -4.6270497550497185e-07
  nodes_walk_industrial: 0.0010638196528032448
  nodes_walk_jobs: 6.784803958968284e-05
  nodes_walk_medical: 0.0001012174498518943
  nodes_walk_node_r1500_sqft: 1.8809035314014377e-09
  nodes_walk_population: -1.4596952148004294e-06
  nodes_walk_race_2_hhs: -2.3542570526744882e-05
  nodes_walk_race_3_hhs: -0.000243428288674601
  nodes_walk_residential: 6.96626519416696e-05
  nodes_walk_retail_jobs: 3.465755641586058e-07
  parcel_sqft: -3.339440241406941e-08
  parcels_ave_unit_size: -6.669146039348584e-06
  parcels_pptytax: -0.0004874001415205239
  parcels_total_sqft: 4.78094416710441e-08
  parcels_zones_employment: 1.9112184833494775e-05
  parcels_zones_jobs_within_30_min: 1.2887545167070005e-07
  parcels_zones_logsum_job_high_income: 5.175853712760886e-08
  parcels_zones_logsum_job_low_income: -4.6744120291344245e-08
  parcels_zones_logsum_pop_high_income: -3.85359931202859e-08
  parcels_zones_logsum_pop_low_income: 2.942874051603976e-08
  parcels_zones_population: -2.3540888860587728e-05
  parcels_zones_retail_jobs: -5.528648939831959e-05
  parcels_zones_transit_jobs_30min: 3.5576790599077934e-06
  parcels_zones_transit_jobs_50min: 5.515481406620544e-07
  parcels_zones_z_total_jobs: 7.705482905737841e-06
  residential_sqft: 0.00013338743744233558
  vacant_job_spaces: -0.0028053055810344195
  year_built: 0.007110226095187307
  zones_acres: -0.00015275149613038226
  zones_employment: 7.176788216867632e-06
  zones_logsum_job_high_income: 8.33383725371764e-08
  zones_logsum_job_low_income: -6.170694270386435e-08
  zones_logsum_pop_high_income: -5.018643212845279e-08
  zones_logsum_pop_low_income: -4.9658850884286416e-08
  zones_retail_jobs: -2.0495382488375837e-05
  zones_transit_jobs_30min: 2.108542915586641e-06
  zones_transit_jobs_50min: 2.431666966849971e-07
  zones_z_total_jobs: 1.827233632045693e-06
sample_size: 1348
score: 0.4426290189966082
