fit_filters:
- non_residential_sqft > 0
- sqft_price_nonres > 1
- sqft_price_nonres < 650
- hedonic_id == 71
model_expression:
  left_side: np.log1p(sqft_price_nonres)
model_type: Regression
name: RegressionModel
predict_filters: hedonic_id == 71
ytransform: np.exp
coef:
  b_total_jobs: 0.010817224174819036
  building_age: -0.0007921379340060696
  building_sqft: 5.943223568054955e-06
  crime_other_rate: 0.0003219995769515172
  crime_ucr_rate: -0.000359652459876308
  jobs_within_30_min: -3.928876966864535e-07
  land_area: -2.4321141934666907e-05
  large_area_id: -0.0029968860223849396
  nodes_walk_ave_nonres_sqft_price: 0.01914222477107863
  nodes_walk_ave_unit_sqft: 7.05058055803554e-05
  nodes_walk_housing_cost: 2.884680530540175e-07
  nodes_walk_industrial: -0.0030106264598333443
  nodes_walk_jobs: 0.00013287956064552856
  nodes_walk_medical: -0.0014625757691639875
  nodes_walk_node_r1500_sqft: -6.811515965336008e-09
  nodes_walk_office: -0.004047419959262686
  nodes_walk_race_1_hhs: 0.0006765935075271713
  nodes_walk_retail: -0.00026518196650455317
  nodes_walk_retail_jobs: 0.003045462121141573
  parcel_sqft: 3.9094671603103543e-08
  parcels_ave_unit_size: 0.0001442450097067714
  parcels_total_sqft: 3.266785823085207e-07
  parcels_zones_employment: 6.7667693818562384e-06
  parcels_zones_households: 0.001294788886921361
  parcels_zones_jobs_within_30_min: -4.139367069829257e-07
  parcels_zones_logsum_job_high_income: 4.1741995036746535e-06
  parcels_zones_logsum_job_low_income: 1.9719207091629793e-07
  parcels_zones_logsum_pop_high_income: -2.178815960066489e-06
  parcels_zones_logsum_pop_low_income: -9.171619266747346e-08
  parcels_zones_population: -0.0004932518446837405
  parcels_zones_retail_jobs: -0.00048820537291209207
  parcels_zones_transit_jobs_30min: -9.333447843923876e-05
  parcels_zones_transit_jobs_50min: 1.222735108093905e-06
  parcels_zones_z_total_jobs: 1.7362562340148272e-07
  vacant_job_spaces: -0.0021916826359801695
  year_built: 0.0016400641675501115
  zones_acres: 2.6724116658004874e-05
  zones_employment: 3.469123346851287e-07
  zones_households: 0.001221344803724476
  zones_logsum_job_high_income: 4.087191926586723e-06
  zones_logsum_job_low_income: 1.826119384297075e-07
  zones_logsum_pop_high_income: -2.2993591474465567e-06
  zones_logsum_pop_low_income: -6.087413492449447e-08
  zones_population: -0.00047796772699778813
  zones_retail_jobs: -0.0003424869653753468
  zones_transit_jobs_30min: -5.289440653230692e-05
  zones_transit_jobs_50min: 1.5704547499268314e-06
sample_size: 194
score: 0.5658769788820674
