fit_filters:
- non_residential_sqft > 0
- sqft_price_nonres > 1
- sqft_price_nonres < 650
- hedonic_id == 9321
model_expression:
  left_side: np.log1p(sqft_price_nonres)
model_type: Regression
name: RegressionModel
predict_filters: hedonic_id == 9321
ytransform: np.exp
coef:
  b_total_jobs: 0.0008692128468219118
  building_age: -0.0005976148671212146
  building_sqft: -4.19586789649747e-06
  crime_other_rate: 3.82706626902491e-05
  crime_ucr_rate: 0.0004505954095322804
  jobs_non_home_based: 1.0546817980087589e-16
  jobs_within_30_min: -1.7232414094339488e-06
  land_area: 3.614322796446791e-07
  nodes_walk_ave_nonres_sqft_price: 0.0002857856673703941
  nodes_walk_ave_unit_sqft: -1.4426003613188315e-05
  nodes_walk_housing_cost: 3.137271605362054e-06
  nodes_walk_jobs: 0.00012899085123973045
  nodes_walk_medical: -0.00025812957613951935
  nodes_walk_node_r1500_sqft: -8.594023490106553e-09
  nodes_walk_population: -0.00010747935891948291
  nodes_walk_residential: -0.0005888959639298322
  nodes_walk_retail: 0.009108156132985821
  nodes_walk_retail_jobs: 0.0001707296487836131
  parcel_sqft: 2.204970257418841e-07
  parcels_ave_unit_size: -5.478753107795302e-05
  parcels_parcel_size: -5.146914055863068e-07
  parcels_pct_undev: 0.0017542229366187846
  parcels_total_job_spaces: 0.0017982005100299096
  parcels_total_sqft: -5.947724949591677e-06
  parcels_zones_employment: -3.8468615422432965e-07
  parcels_zones_households: 6.487540400564298e-05
  parcels_zones_jobs_within_30_min: 2.6157448782892398e-08
  parcels_zones_logsum_job_high_income: -1.918377929768546e-06
  parcels_zones_logsum_job_low_income: -1.08283774194826e-07
  parcels_zones_logsum_pop_high_income: 1.7958496842831945e-06
  parcels_zones_logsum_pop_low_income: 6.291405521772622e-07
  parcels_zones_population: -2.4086650051055586e-05
  parcels_zones_retail_jobs: 0.00018726524796358035
  parcels_zones_z_total_jobs: -1.6356572378486937e-05
  residential_sqft: 0.0004992803306688474
  vacant_job_spaces: -0.000184332422136683
  year_built: 0.0006855655453672631
  zones_acres: 1.5898234592338267e-05
  zones_employment: -6.845111208132305e-07
  zones_households: 6.099904375729931e-05
  zones_logsum_job_high_income: -1.9004288157758107e-06
  zones_logsum_job_low_income: -1.3881261381369935e-07
  zones_logsum_pop_high_income: 1.133222661368425e-06
  zones_logsum_pop_low_income: 5.971880276161915e-07
  zones_population: -3.05814632963718e-05
  zones_retail_jobs: 8.045768165829965e-06
sample_size: 893
score: 0.4145821356473932
