fit_filters:
- non_residential_sqft > 0
- sqft_price_nonres > 1
- sqft_price_nonres < 650
- hedonic_id == 92
model_expression:
  left_side: np.log1p(sqft_price_nonres)
model_type: Regression
name: RegressionModel
predict_filters: hedonic_id == 92
ytransform: np.exp
coef:
  building_sqft: -1.7836260098858016e-05
  jobs_within_30_min: -4.199436418672445e-08
  land_area: -7.526089074920497e-05
  nodes_walk_housing_cost: 2.161413656546485e-06
  nodes_walk_node_r1500_sqft: -1.1235834144459286e-07
  parcel_sqft: -3.1564609239908646e-06
  parcels_ave_unit_size: -5.069540631292695e-05
  parcels_parcel_size: -0.00016809328995584042
  parcels_total_sqft: 2.769423303852084e-06
  parcels_zones_employment: 0.0002544168624395773
  parcels_zones_jobs_within_30_min: 1.1102917126521791e-06
  parcels_zones_logsum_job_high_income: -1.7257302239167231e-06
  parcels_zones_logsum_job_low_income: -2.8682568998137964e-07
  parcels_zones_logsum_pop_high_income: 7.601101649773806e-07
  parcels_zones_logsum_pop_low_income: 2.4097948913095143e-07
  parcels_zones_population: 1.7155931786234022e-06
  parcels_zones_transit_jobs_30min: -1.1091210928443224e-05
  parcels_zones_transit_jobs_50min: 7.812813692071376e-06
  zones_acres: -0.000820030568851781
  zones_employment: 0.00010368702588154083
  zones_logsum_job_high_income: -1.2933892434718702e-06
  zones_logsum_job_low_income: -2.727813473652195e-07
  zones_logsum_pop_high_income: -9.281593548091638e-07
  zones_logsum_pop_low_income: 6.891032944371149e-08
  zones_transit_jobs_30min: -9.758157797823865e-06
  zones_transit_jobs_50min: 7.101455444369795e-06
sample_size: 8
score: 0.9999991192271184
