fit_filters:
- non_residential_sqft > 0
- sqft_price_nonres > 1
- sqft_price_nonres < 650
- hedonic_id == 14733
model_expression:
  left_side: np.log1p(sqft_price_nonres)
model_type: Regression
name: RegressionModel
predict_filters: hedonic_id == 14733
ytransform: np.exp
coef:
  Intercept: -3.7687853447970556
  building_age: -0.000624442948439565
  building_sqft: -1.4983333257213789e-05
  crime_other_rate: 9.674899558337937e-05
  crime_ucr_rate: -0.0008265190480229066
  jobs_within_30_min: -4.194680254462706e-06
  land_area: 1.7959932398048546e-05
  nodes_walk_ave_nonres_sqft_price: 0.008629971408421632
  nodes_walk_ave_unit_sqft: -2.124360765887185e-05
  nodes_walk_hhs_with_children: 0.000886309944757631
  nodes_walk_housing_cost: -1.9407410246793842e-07
  nodes_walk_industrial: 0.006881728494413118
  nodes_walk_jobs: 0.0006599142765932442
  nodes_walk_medical: -0.0011658697660642784
  nodes_walk_node_r1500_sqft: -1.4791444823379927e-08
  nodes_walk_office: -0.0007025448681263854
  nodes_walk_population: 0.00029074507083550805
  nodes_walk_retail_jobs: -0.0034791658275299033
  parcel_sqft: 1.4319869074839193e-07
  parcels_ave_unit_size: -3.488991279263055e-05
  parcels_total_job_spaces: 0.003747165189724017
  parcels_total_sqft: -6.0280614160713665e-06
  parcels_zones_employment: 2.9711944871936688e-05
  parcels_zones_households: -0.00040232466359515503
  parcels_zones_jobs_within_30_min: 9.684551524853222e-07
  parcels_zones_logsum_job_high_income: 2.1372527363494148e-07
  parcels_zones_logsum_job_low_income: 4.789551392254089e-06
  parcels_zones_logsum_pop_high_income: 2.525860427982397e-07
  parcels_zones_logsum_pop_low_income: -2.643145350618182e-06
  parcels_zones_population: 0.0001599026226446355
  parcels_zones_retail_jobs: 0.00020359749761752653
  parcels_zones_transit_jobs_30min: -2.1978429935794887e-05
  parcels_zones_transit_jobs_50min: -1.4445650775696669e-05
  parcels_zones_z_total_jobs: 2.9629285083676186e-07
  year_built: 0.0034238912851976494
  zones_acres: 6.215005819342477e-06
  zones_employment: 5.3429433938681706e-05
  zones_households: -0.0005208952153037229
  zones_logsum_job_high_income: -5.25132634654286e-08
  zones_logsum_job_low_income: 4.85856037752075e-06
  zones_logsum_pop_high_income: 6.384477142337502e-08
  zones_logsum_pop_low_income: -2.21545170672551e-06
  zones_population: 0.00015814157596213098
  zones_retail_jobs: 0.0002018712585466073
  zones_transit_jobs_30min: -5.714603743493024e-06
  zones_transit_jobs_50min: -1.1950492913385338e-05
  zones_z_total_jobs: 6.950432796897475e-06
sample_size: 404
score: 0.49422992259768106
