fit_filters:
- non_residential_sqft > 0
- sqft_price_nonres > 1
- sqft_price_nonres < 650
- hedonic_id == 9921
model_type: regression
name: RegressionModel
predict_filters: hedonic_id == 9921
target_variable: np.log1p(sqft_price_nonres)
ytransform: np.exp
fit_parameters:
  Coefficient:
    Intercept: -8.853637801728091
    b_total_jobs: 0.00010459015967900232
    building_age: -0.0006452385935229317
    building_sqft: 4.560047794130824e-06
    crime_other_rate: 3.879684405840948e-05
    crime_ucr_rate: 0.00018085585141871716
    jobs_within_30_min: 1.198128874868658e-07
    land_area: -6.064304371951441e-06
    nodes_walk_ave_nonres_sqft_price: 0.0008337424468819959
    nodes_walk_ave_unit_sqft: -4.703743048996123e-05
    nodes_walk_housing_cost: 3.027670475937017e-06
    nodes_walk_industrial: -7.75351607666297e-05
    nodes_walk_jobs: 0.00010184181046489352
    nodes_walk_node_r1500_sqft: -2.9309145607493105e-09
    nodes_walk_office: -4.497253739773236e-05
    nodes_walk_population: 4.069496468456502e-05
    nodes_walk_race_1_hhs: 0.00010496549658810288
    nodes_walk_retail: 0.0080479456264235
    nodes_walk_retail_jobs: 0.000320940451565196
    parcel_sqft: 1.6008462140665943e-07
    parcels_ave_unit_size: -5.0109060282683695e-05
    parcels_parcel_size: -2.754147024210446e-07
    parcels_total_job_spaces: 0.0006688279165284846
    parcels_total_sqft: -4.109359069305324e-06
    parcels_zones_jobs_within_30_min: -1.7447150700650467e-07
    residential_sqft: 9.681167940059809e-06
    sqft_per_unit: 0.0004088586563929148
    year_built: 0.006421529235530408
    zones_acres: -2.8143108636411375e-05
    zones_employment: -5.302832737140446e-07
    zones_households: 0.00014681808096324054
    zones_logsum_job_high_income: 4.3714440120225737e-07
    zones_logsum_job_low_income: -8.566945224008299e-09
    zones_logsum_job_mid_income: -4.00437065998995e-08
    zones_logsum_pop_high_income: -5.940926877738333e-07
    zones_logsum_pop_low_income: -4.547596385622152e-08
    zones_logsum_pop_mid_income: 4.5421659157622073e-08
    zones_population: -6.775599772753242e-05
    zones_transit_jobs_30min: -4.22054219119898e-06
    zones_transit_jobs_50min: 1.5570938883469779e-06
    zones_z_total_jobs: -7.660949205063137e-07
fit_rsquared: 0.3002645219658442
fitted: true
sample_size: 4192
