fit_filters:
- non_residential_sqft > 0
- sqft_price_nonres > 1
- sqft_price_nonres < 650
- hedonic_id == 9921
model_expression:
  left_side: np.log1p(sqft_price_nonres)
model_type: Regression
name: RegressionModel
predict_filters: hedonic_id == 9921
ytransform: np.exp
coef:
  Intercept: -8.283596014691437
  b_total_jobs: 0.00012818382890299125
  building_age: -0.0009350231483249449
  building_sqft: 4.180546788707923e-06
  crime_other_rate: 3.9130836325736955e-05
  crime_ucr_rate: 0.00017975756804395975
  jobs_within_30_min: 1.2485614482051487e-07
  land_area: -5.708209951114918e-06
  nodes_walk_ave_nonres_sqft_price: 0.000861899126622279
  nodes_walk_ave_unit_sqft: -5.241187641107559e-05
  nodes_walk_housing_cost: 2.9881255057846315e-06
  nodes_walk_industrial: -9.770549544045929e-05
  nodes_walk_jobs: 0.00010222746866056992
  nodes_walk_node_r1500_sqft: -3.071697589557385e-09
  nodes_walk_office: -3.9108176636072406e-05
  nodes_walk_population: 4.049320815151078e-05
  nodes_walk_race_1_hhs: 0.00010526663303525726
  nodes_walk_retail: 0.008043558616621186
  nodes_walk_retail_jobs: 0.00032405096991864664
  parcel_sqft: 3.58371821052269e-08
  parcels_ave_unit_size: -4.6629289900466985e-05
  parcels_total_job_spaces: 0.0006150395808731499
  parcels_total_sqft: -3.6969905894474756e-06
  parcels_zones_jobs_within_30_min: -1.6340953433329625e-07
  residential_sqft: 5.365904023440195e-06
  sqft_per_unit: 0.00041519921853118744
  year_built: 0.006142468928848723
  zones_acres: -2.9977069222808215e-05
  zones_employment: -7.856105032646069e-07
  zones_households: 0.00016044304703865254
  zones_logsum_job_high_income: 4.578965913606036e-07
  zones_logsum_job_low_income: -1.1205894284252014e-07
  zones_logsum_pop_high_income: -6.109193762933578e-07
  zones_logsum_pop_low_income: 4.524565644562713e-08
  zones_population: -7.222791478398824e-05
  zones_transit_jobs_30min: -4.226370148150463e-06
  zones_transit_jobs_50min: 1.5769331810775066e-06
  zones_z_total_jobs: -2.635588652248034e-07
sample_size: 4192
score: 0.29954321313998455
