fit_filters:
- non_residential_sqft > 0
- sqft_price_nonres > 1
- sqft_price_nonres < 650
- hedonic_id == 371
model_expression:
  left_side: np.log1p(sqft_price_nonres)
model_type: Regression
name: RegressionModel
predict_filters: hedonic_id == 371
ytransform: np.exp
coef:
  building_sqft: -1.3087129990188813e-05
  crime_other_rate: 0.0020652790802537647
  jobs_within_30_min: 8.70229676403182e-06
  land_area: 4.007201745798728e-05
  nodes_walk_ave_unit_sqft: 3.338042361141982e-05
  nodes_walk_households: 0.0004312747191543351
  nodes_walk_housing_cost: 3.6499579552470194e-05
  nodes_walk_jobs: 0.001387612141382585
  nodes_walk_node_r1500_sqft: 3.1569304598864253e-07
  nodes_walk_population: 0.002289146515689651
  parcel_sqft: 7.861133773664235e-07
  parcels_ave_unit_size: 0.00037668934745303627
  parcels_landvalue: 1.169840283382299e-06
  parcels_total_sqft: 3.938763338625803e-06
  parcels_zones_households: 0.0032459649889751904
  parcels_zones_jobs_within_30_min: -9.824393806404567e-07
  parcels_zones_logsum_job_high_income: 4.058722057286941e-06
  parcels_zones_logsum_job_low_income: -1.4822594653078645e-06
  parcels_zones_logsum_pop_high_income: -3.1814652747915662e-06
  parcels_zones_logsum_pop_low_income: -9.741569328194825e-07
  parcels_zones_population: -0.0010336760483906848
  parcels_zones_transit_jobs_30min: 0.0014820055817727162
  parcels_zones_transit_jobs_50min: 3.718408696393709e-05
  zones_acres: -0.001240373987936015
  zones_employment: -0.00015072983672619763
  zones_households: 0.002559120972645681
  zones_logsum_job_high_income: 3.050625410650102e-06
  zones_logsum_job_low_income: -1.202191850369599e-06
  zones_logsum_pop_high_income: -7.15242560324753e-06
  zones_logsum_pop_low_income: -5.665023768836369e-07
  zones_population: -0.0009017132078406613
  zones_transit_jobs_50min: 2.7338264264886068e-05
sample_size: 19
score: 0.9998856660833466
