fit_filters:
- non_residential_sqft > 0
- sqft_price_nonres > 1
- sqft_price_nonres < 650
- hedonic_id == 11523
model_expression:
  left_side: np.log1p(sqft_price_nonres)
model_type: Regression
name: RegressionModel
predict_filters: hedonic_id == 11523
ytransform: np.exp
coef:
  b_total_jobs: 0.002389105359559867
  building_age: -0.0010995886315330666
  building_sqft: 6.220727297453764e-06
  crime_other_rate: 1.3412495439378855e-05
  crime_ucr_rate: 7.992318781434098e-05
  jobs_within_30_min: -8.043504667431799e-07
  land_area: -1.6865712756486053e-05
  nodes_walk_ave_nonres_sqft_price: 0.003029343460391357
  nodes_walk_ave_unit_sqft: 8.202085440173283e-05
  nodes_walk_hhs_with_children: 0.001772871058127808
  nodes_walk_housing_cost: -4.781322555520726e-06
  nodes_walk_jobs: 6.205468481711221e-05
  nodes_walk_medical: 0.00044296724779179566
  nodes_walk_node_r1500_sqft: -3.916957606608468e-09
  nodes_walk_office: 0.007426197854919583
  nodes_walk_retail: 0.0018218041148941853
  nodes_walk_retail_jobs: -0.0005688145388700584
  parcel_sqft: 2.427958476615512e-07
  parcels_ave_unit_size: 7.988435034113119e-07
  parcels_total_sqft: -3.0871731536133634e-06
  parcels_zones_employment: -5.14272337038149e-06
  parcels_zones_households: 5.550393920130799e-06
  parcels_zones_jobs_within_30_min: -3.07657055903292e-08
  parcels_zones_logsum_job_high_income: 5.931847158604856e-06
  parcels_zones_logsum_job_low_income: -4.0409316719297233e-07
  parcels_zones_logsum_pop_high_income: -2.8704776821575566e-06
  parcels_zones_logsum_pop_low_income: -2.5108815149013045e-06
  parcels_zones_population: -5.0744424421640906e-05
  parcels_zones_transit_jobs_30min: 4.345217794070495e-05
  parcels_zones_transit_jobs_50min: -7.716451663254075e-06
  parcels_zones_z_total_jobs: -8.7795989813194e-09
  residential_sqft: 9.883856723788701e-05
  vacant_job_spaces: -0.0007573779899849516
  year_built: 0.0013063500532161044
  zones_acres: 2.6819157862990594e-06
  zones_households: 7.021498882218911e-06
  zones_logsum_job_high_income: 5.035760309645364e-06
  zones_logsum_job_low_income: 5.802375990083563e-07
  zones_logsum_pop_high_income: -2.480309365161486e-06
  zones_logsum_pop_low_income: -9.576042669486684e-07
  zones_population: -1.891438329153668e-05
  zones_retail_jobs: 0.00018039724211224453
  zones_transit_jobs_30min: 3.620485980380788e-05
  zones_transit_jobs_50min: -9.457142696291443e-07
sample_size: 333
score: 0.5016033675788674
