fit_filters:
- non_residential_sqft > 0
- sqft_price_nonres > 1
- sqft_price_nonres < 650
- hedonic_id == 551
model_type: regression
name: RegressionModel
predict_filters: hedonic_id == 551
target_variable: np.log1p(sqft_price_nonres)
ytransform: np.exp
fit_parameters:
  Coefficient:
    Intercept: -11.229317709415747
    b_total_jobs: -0.0008958443471121153
    building_sqft: 8.778985860247746e-06
    crime_other_rate: 5.7098564675915315e-05
    crime_ucr_rate: -5.696235516406596e-05
    jobs_within_30_min: -1.1281916677334965e-07
    land_area: -5.0371410298128077e-05
    nodes_walk_ave_unit_sqft: -5.295944358847272e-09
    nodes_walk_households: 0.0003302995719019817
    nodes_walk_housing_cost: -4.259948378396193e-06
    nodes_walk_jobs: -1.6856191779641507e-05
    nodes_walk_medical: 0.011988097162096537
    nodes_walk_node_r1500_sqft: -8.027268414372798e-08
    nodes_walk_office: 0.0020805323933098564
    nodes_walk_population: -5.7983635118632826e-05
    nodes_walk_race_1_hhs: 0.00020045371520073502
    nodes_walk_race_2_hhs: 3.870169769956505e-05
    nodes_walk_race_3_hhs: -0.002117258996027423
    nodes_walk_retail: 0.0008795164532184933
    parcel_sqft: 1.0879475558267357e-05
    parcels_ave_unit_size: -4.897626985859164e-06
    parcels_parcel_size: -1.954956020879414e-05
    parcels_total_job_spaces: 0.0005231717336457575
    parcels_total_sqft: -6.5445721537991215e-06
    parcels_zones_jobs_within_30_min: 1.240424090519684e-08
    residential_sqft: 2.369436679570812e-05
    sqft_per_unit: 0.0001335707883463778
    year_built: 0.007409003706981409
    zones_acres: 0.00042528999898451303
    zones_households: 1.5152405241239804e-05
    zones_logsum_job_high_income: 1.527122390802624e-07
    zones_logsum_job_low_income: -2.5477186528687324e-08
    zones_logsum_job_mid_income: -7.024738600066065e-09
    zones_logsum_pop_high_income: -4.548339658510786e-08
    zones_logsum_pop_low_income: -1.522914011214095e-08
    zones_logsum_pop_mid_income: -6.84312620567868e-09
    zones_population: -2.786412520690572e-06
    zones_retail_jobs: -0.0006639650627236846
    zones_transit_jobs_30min: 2.717831892021935e-06
    zones_transit_jobs_50min: 1.925856225498535e-08
    zones_z_total_jobs: -7.435871341285775e-06
fit_rsquared: 0.4594500782859202
fit_rsquared_adj: 0.4594500782859202
fitted: true
model_expression:
  left_side: np.log1p(sqft_price_nonres)
  right_side:
  - year_built
  - sqft_per_unit
  - land_area
  - residential_sqft
  - building_sqft
  - jobs_within_30_min
  - parcel_sqft
  - crime_ucr_rate
  - crime_other_rate
  - b_total_jobs
  - parcels_parcel_size
  - parcels_ave_unit_size
  - parcels_total_job_spaces
  - parcels_total_sqft
  - parcels_zones_jobs_within_30_min
  - zones_acres
  - zones_households
  - zones_population
  - zones_retail_jobs
  - zones_logsum_pop_high_income
  - zones_logsum_pop_mid_income
  - zones_logsum_pop_low_income
  - zones_logsum_job_high_income
  - zones_logsum_job_mid_income
  - zones_logsum_job_low_income
  - zones_z_total_jobs
  - zones_transit_jobs_50min
  - zones_transit_jobs_30min
  - nodes_walk_population
  - nodes_walk_households
  - nodes_walk_race_1_hhs
  - nodes_walk_race_2_hhs
  - nodes_walk_race_3_hhs
  - nodes_walk_jobs
  - nodes_walk_node_r1500_sqft
  - nodes_walk_retail
  - nodes_walk_office
  - nodes_walk_medical
  - nodes_walk_ave_unit_sqft
  - nodes_walk_housing_cost
sample_size: 454
