fit_filters:
- non_residential_sqft > 0
- sqft_price_nonres > 1
- sqft_price_nonres < 650
- hedonic_id == 11523
model_expression:
  left_side: np.log1p(sqft_price_nonres)
model_type: Regression
name: RegressionModel
predict_filters: hedonic_id == 11523
ytransform: np.exp
coef:
  b_total_jobs: 0.0023901229330064366
  building_age: -0.0010995224795555241
  building_sqft: 6.218386231860838e-06
  crime_other_rate: 1.3363159772407827e-05
  crime_ucr_rate: 7.988373732546518e-05
  jobs_within_30_min: -8.047241703347886e-07
  land_area: -1.686174143806801e-05
  nodes_walk_ave_nonres_sqft_price: 0.0030277565807831294
  nodes_walk_ave_unit_sqft: 8.203185090846698e-05
  nodes_walk_hhs_with_children: 0.0017707131936028641
  nodes_walk_housing_cost: -4.781680670440009e-06
  nodes_walk_jobs: 6.206452574652579e-05
  nodes_walk_medical: 0.0004433814185887827
  nodes_walk_node_r1500_sqft: -3.9232641629809714e-09
  nodes_walk_office: 0.007426780316180889
  nodes_walk_retail: 0.0018210704687451136
  nodes_walk_retail_jobs: -0.000568437062962022
  parcel_sqft: 2.427077616873018e-07
  parcels_ave_unit_size: 8.119135272000441e-07
  parcels_total_sqft: -3.090502965548523e-06
  parcels_zones_employment: -5.09988677372035e-06
  parcels_zones_households: 5.961447410485838e-06
  parcels_zones_jobs_within_30_min: -3.075029835058982e-08
  parcels_zones_logsum_job_high_income: 5.921186937837856e-06
  parcels_zones_logsum_job_low_income: -3.988477849243626e-07
  parcels_zones_logsum_pop_high_income: -2.8642964683239255e-06
  parcels_zones_logsum_pop_low_income: -2.5158832492539956e-06
  parcels_zones_population: -5.096604735456321e-05
  parcels_zones_transit_jobs_30min: 4.354368804258818e-05
  parcels_zones_transit_jobs_50min: -7.711389506316162e-06
  parcels_zones_z_total_jobs: -1.1196874983050221e-08
  residential_sqft: 9.883276852632509e-05
  vacant_job_spaces: -0.0007556546641293299
  year_built: 0.0013064144898102825
  zones_acres: 2.690949880872555e-06
  zones_households: 7.455602489888002e-06
  zones_logsum_job_high_income: 5.025075241195571e-06
  zones_logsum_job_low_income: 5.897161599335199e-07
  zones_logsum_pop_high_income: -2.473764523195035e-06
  zones_logsum_pop_low_income: -9.624193465877868e-07
  zones_population: -1.9013606556722732e-05
  zones_retail_jobs: 0.00018011201429537523
  zones_transit_jobs_30min: 3.629617641672571e-05
  zones_transit_jobs_50min: -9.699024243867406e-07
sample_size: 333
score: 0.5015935442342804
