fit_filters:
- non_residential_sqft > 0
- sqft_price_nonres > 1
- sqft_price_nonres < 650
- hedonic_id == 41
model_expression:
  left_side: np.log1p(sqft_price_nonres)
model_type: Regression
name: RegressionModel
predict_filters: hedonic_id == 41
ytransform: np.exp
coef:
  building_age: -0.0012290419863435205
  building_sqft: -1.990744891780952e-06
  crime_other_rate: -6.600382832176927e-05
  crime_ucr_rate: 0.00011893906269186997
  job_spaces: -4.322621126568697e-07
  jobs_within_30_min: -3.033187438571506e-08
  land_area: -8.059479467608706e-07
  large_area_id: -0.0005702577399205156
  nodes_walk_ave_nonres_sqft_price: 0.010313069597302457
  nodes_walk_ave_unit_sqft: 2.0614848224638673e-06
  nodes_walk_hhs_with_children: 0.0006688533647747529
  nodes_walk_households: -0.00013061708766366731
  nodes_walk_housing_cost: -7.397926938568905e-06
  nodes_walk_industrial: -0.0008559120308074379
  nodes_walk_jobs: -3.0419516807588997e-05
  nodes_walk_medical: -0.003052859132617037
  nodes_walk_midinc_hhs: -7.614478423443693e-05
  nodes_walk_node_r1500_sqft: -2.4743615752587886e-08
  nodes_walk_office: -0.00021551463231699692
  nodes_walk_population: 2.4104086361453618e-05
  nodes_walk_race_4_hhs: -0.0013394334375046077
  nodes_walk_residential: 0.0007939751211743705
  nodes_walk_retail: -0.0011971126486255395
  nodes_walk_retail_jobs: 0.00030082151734307387
  parcel_sqft: 5.2236262636056366e-08
  parcels_ave_unit_size: 0.0001092210703709918
  parcels_total_job_spaces: -3.60632128900369e-05
  parcels_total_sqft: -1.4623597173660018e-09
  parcels_zones_employment: 8.419127301149816e-06
  parcels_zones_households: -0.00015891558594597978
  parcels_zones_jobs_within_30_min: 1.8824560296109852e-07
  parcels_zones_logsum_job_high_income: 1.0169514477059703e-07
  parcels_zones_logsum_job_low_income: 1.1207810702763986e-07
  parcels_zones_logsum_pop_high_income: -6.147769889411719e-08
  parcels_zones_logsum_pop_low_income: -2.4120071910110977e-07
  parcels_zones_population: 7.428457667116329e-05
  parcels_zones_retail_jobs: 0.0006482728241045062
  parcels_zones_transit_jobs_30min: -2.8094442554931407e-12
  parcels_zones_transit_jobs_50min: 8.169834022304151e-07
  parcels_zones_z_total_jobs: 1.4529949459235994e-10
  vacant_job_spaces: -0.0001965548420395116
  year_built: 1.5596040224813543e-05
  zones_acres: -2.932157135840796e-05
  zones_employment: 7.280255923812812e-11
  zones_households: -0.00012119061822410353
  zones_logsum_job_high_income: 3.784801974605959e-08
  zones_logsum_job_low_income: 1.0669186197936729e-07
  zones_logsum_pop_high_income: -2.131922988577796e-08
  zones_logsum_pop_low_income: -1.5187828261806548e-07
  zones_population: 7.594368901068426e-05
  zones_transit_jobs_30min: -3.3567320351520156e-07
  zones_transit_jobs_50min: 7.287575328393412e-07
  zones_z_total_jobs: 2.2698957270808458e-07
sample_size: 424
score: 0.3882228619572431
