fit_filters:
- non_residential_sqft > 0
- sqft_price_nonres > 1
- sqft_price_nonres < 650
- hedonic_id == 333
model_expression:
  left_side: np.log1p(sqft_price_nonres)
model_type: Regression
name: RegressionModel
predict_filters: hedonic_id == 333
ytransform: np.exp
coef:
  Intercept: -7.226349296706381
  b_total_jobs: 0.001282279031447635
  building_age: -7.729498650136243e-05
  building_sqft: -1.3810544748183662e-06
  crime_other_rate: -2.2991470797840932e-05
  crime_ucr_rate: -0.00022534717498760406
  jobs_non_home_based: 5.4356513041711384e-17
  jobs_within_30_min: 2.486070757062497e-08
  land_area: 5.283122148824656e-07
  nodes_walk_ave_nonres_sqft_price: 0.01083137030418055
  nodes_walk_ave_unit_sqft: 1.0026195856569341e-06
  nodes_walk_housing_cost: 4.055020703050457e-07
  nodes_walk_medical: -0.0019103017153004054
  nodes_walk_node_r1500_sqft: 5.353698416371551e-10
  nodes_walk_office: -0.0010530073421573685
  nodes_walk_population: 0.00018287286451955563
  nodes_walk_race_1_hhs: -0.0007273963002173063
  nodes_walk_retail: -0.0009322114006456197
  nodes_walk_retail_jobs: -0.0002722287000072693
  parcel_sqft: 1.7258191591903065e-07
  parcels_ave_unit_size: 3.9767245617424674e-05
  parcels_pptytax: -0.0019304953691447438
  parcels_total_job_spaces: -0.00034265395597086595
  parcels_total_sqft: -5.308393490091372e-07
  parcels_zones_employment: 3.6504042721062454e-05
  parcels_zones_households: 1.7567090937268552e-05
  parcels_zones_jobs_within_30_min: 1.2390699374843649e-07
  parcels_zones_logsum_job_high_income: -3.341381983118693e-08
  parcels_zones_logsum_job_low_income: -2.1268975410512443e-07
  parcels_zones_logsum_pop_high_income: 1.8912611100732613e-08
  parcels_zones_logsum_pop_low_income: 8.680444535950139e-08
  parcels_zones_population: -2.7918489306147055e-05
  parcels_zones_retail_jobs: 7.420149542643588e-05
  parcels_zones_transit_jobs_30min: 2.3796641472151314e-05
  parcels_zones_transit_jobs_50min: -4.802059053387158e-07
  parcels_zones_z_total_jobs: 5.868906678464992e-07
  residential_sqft: 1.4855159777539792e-05
  sqft_per_unit: 0.0001282816595565518
  year_built: 0.005280058541314503
  zones_acres: -5.32464214729506e-05
  zones_employment: 1.3607029260769478e-06
  zones_households: 5.5800205536523525e-05
  zones_logsum_job_high_income: -3.1316024889797955e-08
  zones_logsum_job_low_income: -1.9999916693944547e-07
  zones_logsum_pop_high_income: 3.580760386029823e-08
  zones_logsum_pop_low_income: 7.981078676651677e-08
  zones_population: -1.2679787606030933e-05
  zones_transit_jobs_30min: 1.5012028717969866e-05
  zones_transit_jobs_50min: -9.351019094546166e-07
  zones_z_total_jobs: 2.307809709092292e-08
sample_size: 1708
score: 0.386465485965821
