fit_filters:
- non_residential_sqft > 0
- sqft_price_nonres > 1
- sqft_price_nonres < 650
- hedonic_id == 565
model_expression:
  left_side: np.log1p(sqft_price_nonres)
model_type: Regression
name: RegressionModel
predict_filters: hedonic_id == 565
ytransform: np.exp
coef:
  Intercept: -37.090440694671194
  b_total_jobs: 0.010684131947712115
  building_age: -6.127803672718988e-05
  building_sqft: 1.136124476155132e-05
  crime_other_rate: 7.25281026354835e-06
  crime_ucr_rate: -5.912761525429878e-07
  jobs_non_home_based: 1.456320098967088e-17
  jobs_within_30_min: -3.2420762433072686e-08
  land_area: -2.0032456262672858e-06
  nodes_walk_ave_nonres_sqft_price: 0.011077505230046665
  nodes_walk_ave_unit_sqft: 2.5807070358082386e-05
  nodes_walk_hhs_with_children: -0.00030885715988619055
  nodes_walk_housing_cost: -4.164297462355736e-06
  nodes_walk_jobs: -5.46246157867535e-05
  nodes_walk_medical: 0.0012143093304525844
  nodes_walk_midinc_hhs: 0.0018264591717146574
  nodes_walk_node_r1500_sqft: 4.1149434997845694e-08
  nodes_walk_office: -0.0007698147619440286
  nodes_walk_population: -0.0003680092476401891
  nodes_walk_race_1_hhs: -0.00032797828022265767
  nodes_walk_race_4_hhs: 0.0012620585818586996
  nodes_walk_residential: -0.00014455193775260298
  nodes_walk_retail_jobs: 0.0014583123553663295
  parcel_sqft: 2.6625655475109288e-06
  parcels_ave_unit_size: 2.275329371481091e-05
  parcels_total_sqft: -4.46634370772284e-05
  parcels_zones_empden: -2.555617564842637e-05
  parcels_zones_employment: -3.7884390201468112e-06
  parcels_zones_households: -0.0001824628679693263
  parcels_zones_jobs_within_30_min: -3.8431179770704515e-08
  parcels_zones_logsum_job_high_income: -1.3020511268885757e-07
  parcels_zones_logsum_job_low_income: 9.940450445009354e-09
  parcels_zones_logsum_pop_high_income: 1.233323534373219e-07
  parcels_zones_logsum_pop_low_income: -1.465564044659592e-08
  parcels_zones_population: 4.243126180679912e-05
  parcels_zones_retail_jobs: 0.000110053596058853
  parcels_zones_transit_jobs_30min: 2.780869532189848e-06
  parcels_zones_transit_jobs_50min: 5.045695753065689e-07
  parcels_zones_z_total_jobs: -2.1439424712212993e-07
  residential_sqft: 0.00010719617021142049
  sqft_per_unit: -6.084675507272135e-07
  year_built: 0.020587332360939625
  zones_acres: -8.1883713143025e-05
  zones_empden: -0.0005391434159945479
  zones_employment: -4.360215090768495e-06
  zones_households: -7.38298192252036e-05
  zones_logsum_job_high_income: -1.3123283169897018e-07
  zones_logsum_job_low_income: -5.583977363055815e-09
  zones_logsum_pop_high_income: 1.2513628385787895e-07
  zones_logsum_pop_low_income: -2.2788161285978963e-08
  zones_population: 6.135895001930035e-05
  zones_retail_jobs: 5.45395163526506e-06
  zones_transit_jobs_30min: 1.7134951864551937e-06
  zones_z_total_jobs: -3.180953207556082e-07
sample_size: 1090
score: 0.5026584893699252
