fit_filters:
- non_residential_sqft > 0
- sqft_price_nonres > 1
- sqft_price_nonres < 650
- hedonic_id == 53
model_expression:
  left_side: np.log1p(sqft_price_nonres)
model_type: Regression
name: RegressionModel
predict_filters: hedonic_id == 53
ytransform: np.exp
coef:
  b_total_jobs: 0.001094113970417075
  building_age: -0.004400048138866717
  building_sqft: -2.0177000179226215e-06
  crime_other_rate: -1.912805940679549e-05
  crime_ucr_rate: 0.00015035793033884272
  jobs_within_30_min: 3.6371444442348417e-07
  land_area: -2.275153859049313e-07
  large_area_id: 0.0007674386728368111
  nodes_walk_ave_nonres_sqft_price: 0.0004113286876742525
  nodes_walk_ave_unit_sqft: 4.508360474524873e-06
  nodes_walk_highinc_hhs: 0.0013906575315517761
  nodes_walk_housing_cost: 1.8627688828589386e-06
  nodes_walk_industrial: 0.000995497281383701
  nodes_walk_jobs: 0.0003120982349479017
  nodes_walk_lowinc_hhs: -0.00030927836324990933
  nodes_walk_max_office_far: 0.0012829879970232927
  nodes_walk_medical: 0.007459857892114315
  nodes_walk_node_r1500_sqft: -3.0444613043516914e-09
  nodes_walk_office: 0.0004761884390164769
  nodes_walk_population: -8.049238540244944e-05
  nodes_walk_race_1_hhs: 0.00039122292897472976
  nodes_walk_race_2_hhs: 0.00035526818250318905
  nodes_walk_retail: -0.00047143282402988527
  parcel_sqft: 2.7081987112805507e-07
  parcels_ave_unit_size: 1.113933633332778e-06
  parcels_total_sqft: -4.807918125636302e-07
  parcels_zones_employment: -3.123794895492995e-05
  parcels_zones_jobs_within_30_min: 9.111650045412673e-08
  parcels_zones_logsum_job_high_income: -2.293232470491647e-06
  parcels_zones_logsum_job_low_income: -9.84557936679924e-09
  parcels_zones_logsum_pop_high_income: 1.0442537110029928e-06
  parcels_zones_logsum_pop_low_income: -5.371904123938783e-08
  parcels_zones_population: 5.921160111901543e-05
  parcels_zones_retail_jobs: 0.0002391367320662379
  parcels_zones_transit_jobs_30min: -6.139137031329652e-06
  parcels_zones_transit_jobs_50min: 5.679973278440159e-07
  parcels_zones_z_total_jobs: -4.3313935677538166e-05
  residential_sqft: -6.228521128277229e-07
  sqft_per_unit: 0.000170213223227739
  vacant_job_spaces: -0.0006377943048826523
  year_built: 0.00262620909863213
  zones_acres: 1.93574230291769e-05
  zones_employment: -6.401597410179115e-06
  zones_households: -6.301246553728285e-05
  zones_logsum_job_high_income: -2.527335800927512e-06
  zones_logsum_job_low_income: 1.50911359712226e-08
  zones_logsum_pop_high_income: 1.6974965096979297e-06
  zones_logsum_pop_low_income: -3.21601425239946e-09
  zones_transit_jobs_30min: -2.7601575983215625e-06
  zones_transit_jobs_50min: 5.791367918663064e-07
sample_size: 314
score: 0.6428447433458491
