fit_filters:
- non_residential_sqft > 0
- sqft_price_nonres > 1
- sqft_price_nonres < 650
- hedonic_id == 12561
model_expression:
  left_side: np.log1p(sqft_price_nonres)
model_type: Regression
name: RegressionModel
predict_filters: hedonic_id == 12561
ytransform: np.exp
coef:
  b_total_jobs: 0.00010065047767192475
  building_age: -0.00022487583343692858
  building_sqft: 2.9352688203215736e-06
  crime_other_rate: -0.00029423432985514286
  crime_ucr_rate: 9.216036092381897e-05
  jobs_within_30_min: 9.211252728531251e-07
  land_area: -3.296181546145962e-06
  nodes_walk_ave_nonres_sqft_price: 0.008552081249771215
  nodes_walk_ave_unit_sqft: -0.0002443525724080907
  nodes_walk_highinc_hhs: 0.0063547964866271
  nodes_walk_households: 0.0006470965581950017
  nodes_walk_housing_cost: 5.489292247482867e-06
  nodes_walk_industrial: 0.0006847421950288512
  nodes_walk_jobs: 0.0001611535358028493
  nodes_walk_medical: 0.000604574867455652
  nodes_walk_node_r1500_sqft: 1.3127593217307659e-08
  nodes_walk_office: -0.00308233517744783
  nodes_walk_population: -0.0018865801033506402
  nodes_walk_race_3_hhs: 0.00213741367125879
  nodes_walk_retail: -0.0008122150998212857
  parcel_sqft: -4.185477539712004e-08
  parcels_ave_unit_size: -0.00021241828372920807
  parcels_landvalue: 2.0149614578383655e-07
  parcels_total_sqft: -3.2902844538226497e-06
  parcels_zones_employment: 3.068432233662753e-05
  parcels_zones_households: -0.000988453891301122
  parcels_zones_jobs_within_30_min: -2.8660345794979423e-09
  parcels_zones_logsum_job_high_income: 9.18301476143377e-07
  parcels_zones_logsum_job_low_income: 2.208630971145589e-07
  parcels_zones_logsum_pop_high_income: -1.1057147344679175e-06
  parcels_zones_logsum_pop_low_income: -2.585661332526994e-07
  parcels_zones_mean_age_of_head: -0.0005189541846422985
  parcels_zones_population: 0.00040355626712793995
  parcels_zones_retail_jobs: 0.0002793289178355402
  parcels_zones_transit_jobs_30min: 7.067997743247375e-06
  parcels_zones_transit_jobs_50min: 3.560945555539097e-06
  parcels_zones_z_total_jobs: 1.9916371792821e-05
  vacant_job_spaces: -0.0005194420619418144
  year_built: 0.0003137223666311697
  zones_acres: -0.00017354079770845173
  zones_employment: 9.723701731643681e-07
  zones_households: -0.0008576632885733882
  zones_logsum_job_high_income: 9.16805557695291e-07
  zones_logsum_job_low_income: 2.09545487486325e-07
  zones_logsum_pop_high_income: -1.0670017654836159e-06
  zones_logsum_pop_low_income: -2.4326771218585e-07
  zones_mean_age_of_head: -0.0007043958883363804
  zones_population: 0.00040447660985208644
  zones_retail_jobs: 0.00016157672316069338
  zones_transit_jobs_30min: 7.460163906823645e-06
  zones_transit_jobs_50min: 1.4738751269668362e-06
  zones_z_total_jobs: 1.8266089997357046e-07
sample_size: 125
score: 0.60033670782909
