fit_filters:
- non_residential_sqft > 0
- sqft_price_nonres > 1
- sqft_price_nonres < 650
- hedonic_id == 9971
model_expression:
  left_side: np.log1p(sqft_price_nonres)
model_type: Regression
name: RegressionModel
predict_filters: hedonic_id == 9971
ytransform: np.exp
coef:
  building_sqft: 5.068625670047631e-05
  crime_other_rate: 0.0006017236354128995
  jobs_within_30_min: 2.0238069623082104e-06
  land_area: -4.2426208428580835e-05
  nodes_walk_ave_nonres_sqft_price: 0.013866951024034178
  nodes_walk_ave_unit_sqft: -5.387921393811212e-05
  nodes_walk_housing_cost: 2.035129130008422e-05
  nodes_walk_node_r1500_sqft: 3.3585345227066696e-08
  nodes_walk_population: -0.0009799597890386396
  nodes_walk_retail: 0.0026739427173733967
  parcel_sqft: 2.0269426210393433e-07
  parcels_ave_unit_size: -0.00013650652618555544
  parcels_landvalue: -2.6285104243826395e-06
  parcels_total_sqft: -7.940122612101289e-06
  parcels_zones_employment: -0.00016777549426313866
  parcels_zones_households: 0.001078603057505011
  parcels_zones_jobs_within_30_min: -2.551745218672966e-06
  parcels_zones_logsum_job_high_income: 2.689887988760739e-06
  parcels_zones_logsum_job_low_income: -3.4101174102620182e-06
  parcels_zones_logsum_pop_high_income: 2.189670768918155e-06
  parcels_zones_logsum_pop_low_income: -3.336946467259537e-06
  parcels_zones_population: -0.00026501175883963024
  parcels_zones_retail_jobs: 3.800655825043504e-06
  parcels_zones_transit_jobs_30min: -0.0006792809827266444
  parcels_zones_transit_jobs_50min: 4.4918698350992376e-05
  parcels_zones_z_total_jobs: -0.00026276908082798617
  school_district_achievement: -0.01456826185485569
  zones_acres: 4.96579127921932e-05
  zones_employment: -0.0002517076964164621
  zones_households: 0.0007885804502791892
  zones_logsum_job_high_income: 2.4490748367315245e-06
  zones_logsum_job_low_income: -3.0196436616231564e-06
  zones_logsum_pop_high_income: 2.1143346280414666e-06
  zones_logsum_pop_low_income: -3.119922859185101e-06
  zones_population: -0.00023666386675863228
  zones_retail_jobs: 1.0515488884954946e-05
  zones_transit_jobs_30min: -0.000606961453224576
  zones_transit_jobs_50min: 4.75780895550957e-05
  zones_z_total_jobs: -0.00027083339718851515
sample_size: 19
score: 0.9986972875742726
