fit_filters:
- non_residential_sqft > 0
- sqft_price_nonres > 1
- sqft_price_nonres < 650
- hedonic_id == 9365
model_expression:
  left_side: np.log1p(sqft_price_nonres)
model_type: Regression
name: RegressionModel
predict_filters: hedonic_id == 9365
ytransform: np.exp
coef:
  Intercept: -2.8977590293487365
  building_age: -0.00014305407233278184
  building_sqft: 9.99682515420343e-06
  crime_other_rate: 2.7506000210121383e-06
  crime_ucr_rate: -0.0002575866721535742
  jobs_within_30_min: -4.401574355113351e-07
  land_area: -8.618109743524211e-06
  nodes_walk_ave_nonres_sqft_price: 0.005320828123781675
  nodes_walk_ave_unit_sqft: -1.1065559540901356e-05
  nodes_walk_housing_cost: 2.653686895654785e-06
  nodes_walk_jobs: 7.709232262544456e-05
  nodes_walk_node_r1500_sqft: 1.422719810353069e-08
  nodes_walk_office: 0.0007002080532708492
  nodes_walk_population: -0.0002449576882001621
  nodes_walk_residential: -0.0013432561615673345
  nodes_walk_retail_jobs: 0.0004907440139668485
  parcel_sqft: -5.832051906036246e-08
  parcels_ave_unit_size: -0.00023215733407235784
  parcels_total_job_spaces: 0.0011022757866446732
  parcels_total_sqft: -2.6030865354617637e-05
  parcels_zones_employment: 1.6065100889547167e-05
  parcels_zones_households: 0.0003104260504021234
  parcels_zones_jobs_within_30_min: -2.4970057856242924e-07
  parcels_zones_logsum_job_high_income: -1.2068444120656478e-06
  parcels_zones_logsum_job_low_income: -7.742790175512334e-07
  parcels_zones_logsum_pop_high_income: 1.8171966989891175e-06
  parcels_zones_logsum_pop_low_income: -2.5590544889484955e-06
  parcels_zones_population: -0.00010007832407494749
  parcels_zones_retail_jobs: -0.0002216590766640639
  parcels_zones_z_total_jobs: 3.123402474052904e-05
  year_built: 0.003568095544736969
  zones_acres: -4.329775098624656e-05
  zones_households: 0.0003382990875454572
  zones_logsum_job_high_income: -1.247034334083142e-06
  zones_logsum_job_low_income: -7.105066041978351e-07
  zones_logsum_pop_high_income: 1.4731028919822085e-06
  zones_logsum_pop_low_income: -2.487253580495751e-06
  zones_population: -9.26602436676874e-05
  zones_retail_jobs: -0.00020413173302870688
  zones_z_total_jobs: 5.884835533235476e-06
sample_size: 187
score: 0.7346483113579538
