fit_filters:
- non_residential_sqft > 0
- sqft_price_nonres > 1
- sqft_price_nonres < 650
- hedonic_id == 551
model_expression:
  left_side: np.log1p(sqft_price_nonres)
model_type: Regression
name: RegressionModel
predict_filters: hedonic_id == 551
ytransform: np.exp
coef:
  b_total_jobs: -0.0009457671852565663
  building_sqft: 8.86673211887781e-06
  crime_other_rate: 5.688824449559307e-05
  crime_ucr_rate: -5.792947190017974e-05
  jobs_non_home_based: -2.0160124005805603e-20
  jobs_within_30_min: -1.254465813970636e-07
  land_area: -5.041093790935911e-05
  nodes_walk_households: 0.00029163358659548125
  nodes_walk_housing_cost: -4.713981212652763e-06
  nodes_walk_jobs: -1.556260075349328e-05
  nodes_walk_medical: 0.011941601602121897
  nodes_walk_midinc_hhs: 6.3089438968251505e-06
  nodes_walk_node_r1500_sqft: -8.307959336187006e-08
  nodes_walk_office: 0.0022062663882908467
  nodes_walk_population: -4.129448558218882e-05
  nodes_walk_race_1_hhs: 0.00024393690969383503
  nodes_walk_race_2_hhs: 3.037927022512217e-05
  nodes_walk_race_3_hhs: -0.002220456284513378
  nodes_walk_retail: 0.0005790786576777199
  parcel_sqft: 1.0883342770682283e-05
  parcels_parcel_size: -1.9793217439229855e-05
  parcels_total_job_spaces: 0.0004756241691287567
  parcels_total_sqft: -6.410784684987026e-06
  parcels_zones_jobs_within_30_min: 1.1730939089151021e-08
  parcels_zones_logsum_job_high_income: 7.731232361973035e-08
  parcels_zones_logsum_job_low_income: -1.7540759912545954e-08
  parcels_zones_logsum_pop_high_income: 5.422444575777425e-08
  parcels_zones_logsum_pop_low_income: -4.188895155514755e-08
  parcels_zones_population: -1.1474924599808926e-06
  parcels_zones_retail_jobs: -0.0005786954530542434
  parcels_zones_transit_jobs_30min: 1.545484559282836e-06
  parcels_zones_transit_jobs_50min: 7.415290215040712e-10
  parcels_zones_z_total_jobs: -2.2091847669942786e-06
  residential_sqft: 1.3346847553697725e-05
  sqft_per_unit: 0.00014318822593661454
  year_built: 0.0073342234441984115
  zones_acres: 0.00043694701365333056
  zones_employment: -4.975677966677103e-07
  zones_logsum_job_high_income: 7.254946862395741e-08
  zones_logsum_job_low_income: -1.3228732956459396e-08
  zones_logsum_pop_high_income: -1.0083922262458466e-07
  zones_logsum_pop_low_income: 1.686677948891976e-08
  zones_retail_jobs: -0.0002243080517200888
  zones_transit_jobs_30min: 1.223250670425831e-06
  zones_transit_jobs_50min: 6.521750327832274e-08
  zones_z_total_jobs: -6.534856087159835e-07
sample_size: 454
score: 0.4583438497488681
