fit_filters:
- non_residential_sqft > 0
- sqft_price_nonres > 1
- sqft_price_nonres < 650
- hedonic_id == 12531
model_expression:
  left_side: np.log1p(sqft_price_nonres)
model_type: Regression
name: RegressionModel
predict_filters: hedonic_id == 12531
ytransform: np.exp
coef:
  building_age: -0.000860408682324221
  building_sqft: 1.9022561007801531e-06
  crime_ucr_rate: -0.00012725462098846704
  job_spaces: -0.000620686298922175
  jobs_within_30_min: 1.0609586657476787e-07
  land_area: -5.887775793931661e-07
  nodes_walk_ave_nonres_sqft_price: 0.0003846986611461528
  nodes_walk_ave_unit_sqft: -2.662533023475844e-05
  nodes_walk_housing_cost: 5.1420257207107006e-08
  nodes_walk_industrial: 0.014894781941613281
  nodes_walk_jobs: 2.6013612328562858e-05
  nodes_walk_medical: -5.6942140175383966e-05
  nodes_walk_node_r1500_sqft: 5.537002545216556e-09
  nodes_walk_office: 0.0002604209968739917
  nodes_walk_population: 5.0031806502646116e-05
  parcel_sqft: 1.8315243395525708e-07
  parcels_ave_unit_size: -4.529741677328011e-06
  parcels_parcel_size: -2.8338700477335753e-07
  parcels_total_job_spaces: 0.0004829095778403952
  parcels_total_sqft: -1.455638905334134e-06
  parcels_zones_employment: -2.910738629110253e-07
  parcels_zones_households: 2.7194689617053357e-05
  parcels_zones_jobs_within_30_min: 3.380826065420772e-09
  parcels_zones_logsum_job_high_income: 3.022100893339236e-08
  parcels_zones_logsum_job_low_income: 4.2422724304373944e-08
  parcels_zones_logsum_pop_high_income: -4.324567030425133e-08
  parcels_zones_logsum_pop_low_income: -4.133897318989353e-08
  parcels_zones_population: -1.6385773500856136e-05
  parcels_zones_retail_jobs: 9.428738549841504e-06
  parcels_zones_transit_jobs_30min: -6.383444234235448e-08
  parcels_zones_transit_jobs_50min: -4.357127345305301e-08
  parcels_zones_z_total_jobs: -3.9699297081855076e-08
  vacant_job_spaces: -0.00032303052337912035
  year_built: 0.004422943635861824
  zones_acres: -9.430201347886471e-06
  zones_employment: -1.4777837416183083e-08
  zones_households: 2.984300678599688e-05
  zones_logsum_job_high_income: 2.9090113875218178e-08
  zones_logsum_job_low_income: 3.954043620097798e-08
  zones_logsum_pop_high_income: -3.8234403011575125e-08
  zones_logsum_pop_low_income: -2.987134823579494e-08
  zones_population: -1.2507333006103265e-05
  zones_retail_jobs: 3.0854347628209933e-06
  zones_transit_jobs_30min: -2.9918332170415614e-08
  zones_transit_jobs_50min: -4.934232446680795e-08
  zones_z_total_jobs: -4.1316360905389904e-08
sample_size: 3482
score: 0.48166316063480097
