fit_filters:
- non_residential_sqft > 0
- sqft_price_nonres > 1
- sqft_price_nonres < 650
- hedonic_id == 16165
model_expression:
  left_side: np.log1p(sqft_price_nonres)
model_type: Regression
name: RegressionModel
predict_filters: hedonic_id == 16165
ytransform: np.exp
coef:
  b_total_jobs: 0.0013708500763458323
  building_age: -0.0006732910511587289
  building_sqft: 2.3597142475630074e-05
  crime_other_rate: 0.0002424146665355069
  crime_ucr_rate: -0.0005306169016109139
  jobs_within_30_min: -5.28533603356836e-07
  land_area: -7.084284470400473e-06
  nodes_walk_ave_nonres_sqft_price: 0.0037306656237756737
  nodes_walk_ave_unit_sqft: 4.7690527252744075e-05
  nodes_walk_hhs_with_children: -0.00023625367010491285
  nodes_walk_housing_cost: -3.87325181022389e-06
  nodes_walk_industrial: 0.00010756318999262348
  nodes_walk_jobs: -1.741615495708259e-05
  nodes_walk_lowinc_hhs: 0.0003649206860072458
  nodes_walk_max_office_far: 0.001355432474855198
  nodes_walk_medical: 0.0005063419783223673
  nodes_walk_node_r1500_sqft: 2.1040406438211515e-08
  nodes_walk_office: -8.341106032724491e-05
  nodes_walk_race_1_hhs: -0.0007807733677592736
  nodes_walk_race_3_hhs: 0.001593587513087682
  nodes_walk_residential: 0.0009193185108014068
  nodes_walk_retail: 0.0006381734623718011
  nodes_walk_retail_jobs: -3.673641231924969e-05
  parcel_sqft: 3.7074564751128194e-07
  parcels_ave_unit_size: 6.725970734240585e-05
  parcels_total_sqft: -4.7901197400847514e-05
  parcels_zones_employment: -4.282845128196163e-07
  parcels_zones_households: -0.0001259924401161973
  parcels_zones_jobs_within_30_min: -8.462937514326316e-08
  parcels_zones_logsum_job_high_income: -5.324632812871011e-07
  parcels_zones_logsum_job_low_income: -4.4225833261385955e-08
  parcels_zones_logsum_pop_high_income: 6.270384725297912e-07
  parcels_zones_logsum_pop_low_income: 1.1068101544035902e-07
  parcels_zones_retail_jobs: 0.00042848161741721504
  parcels_zones_transit_jobs_30min: 2.2269591160146612e-06
  parcels_zones_transit_jobs_50min: 1.1745400140023156e-06
  residential_sqft: 4.310196728264171e-05
  school_district_achievement: 5.6551865208917506e-05
  sqft_per_unit: 0.0002993447071408847
  vacant_job_spaces: -0.002721180408502026
  year_built: 0.0031545138887868972
  zones_acres: -1.5364950147468422e-05
  zones_employment: -2.6123981576062767e-06
  zones_logsum_job_high_income: -5.052340970929186e-07
  zones_logsum_job_low_income: -4.469197185205775e-08
  zones_logsum_pop_high_income: 5.405376299091608e-07
  zones_logsum_pop_low_income: -1.732055003897715e-08
  zones_retail_jobs: 4.996290990752391e-07
  zones_transit_jobs_30min: 2.242122278848896e-06
  zones_transit_jobs_50min: 3.768095061055457e-08
sample_size: 303
score: 0.6167942409990959
