fit_filters:
- non_residential_sqft > 0
- sqft_price_nonres > 1
- sqft_price_nonres < 650
- hedonic_id == 32
model_expression:
  left_side: np.log1p(sqft_price_nonres)
model_type: Regression
name: RegressionModel
predict_filters: hedonic_id == 32
ytransform: np.exp
coef:
  Intercept: -2.511233740230131
  building_age: -0.003236472008002762
  building_sqft: -3.766750319756847e-06
  crime_other_rate: 2.7974059010619826e-05
  crime_ucr_rate: -7.79894555733401e-05
  job_spaces: 0.0015822339429059885
  jobs_within_30_min: -6.966492721905778e-08
  land_area: 7.618736641700828e-07
  nodes_walk_ave_unit_sqft: 3.970848281131368e-07
  nodes_walk_hhs_with_children: -0.0005239763440032716
  nodes_walk_housing_cost: -1.1162691217725594e-06
  nodes_walk_industrial: 0.009680865631914622
  nodes_walk_jobs: -1.332022522729505e-06
  nodes_walk_medical: 0.000465095468897523
  nodes_walk_midinc_hhs: -0.00010422611492821134
  nodes_walk_node_r1500_sqft: -5.1152387030246775e-09
  nodes_walk_office: -5.298648065860726e-05
  nodes_walk_population: 5.6959600437740694e-05
  nodes_walk_race_1_hhs: 0.0008686105921564423
  nodes_walk_race_2_hhs: -0.0005752140643367521
  nodes_walk_residential: 0.00023705034709346615
  nodes_walk_retail: -7.767945766051867e-05
  non_residential_units: 1.1005421612583203e-16
  parcel_sqft: -1.4533406854463917e-07
  parcels_ave_unit_size: 9.302020665690041e-05
  parcels_total_job_spaces: 0.00014574172481111457
  parcels_total_sqft: -2.0525516440669523e-07
  parcels_zones_employment: 7.547377734128238e-07
  parcels_zones_households: -0.0004886937780813999
  parcels_zones_jobs_within_30_min: 9.212877749879411e-08
  parcels_zones_logsum_job_high_income: 5.212584187093524e-08
  parcels_zones_logsum_job_low_income: 7.860426031595933e-08
  parcels_zones_logsum_pop_high_income: -4.532222649419946e-08
  parcels_zones_logsum_pop_low_income: -1.8304376380070156e-07
  parcels_zones_population: 0.00014628479813211183
  parcels_zones_retail_jobs: -1.8211971613556073e-05
  parcels_zones_transit_jobs_30min: -1.0660027149727897e-07
  parcels_zones_transit_jobs_50min: 6.376828430336815e-07
  parcels_zones_z_total_jobs: 8.14002567236513e-07
  school_district_achievement: 0.0013927345473002766
  vacant_job_spaces: 0.0008892198112500273
  year_built: 0.003010362141294239
  zones_acres: -1.2495073005266801e-05
  zones_employment: 2.5718225040675397e-08
  zones_households: -0.0002947344595820964
  zones_logsum_job_high_income: 2.7177444042054506e-08
  zones_logsum_job_low_income: 8.047343145104217e-08
  zones_logsum_pop_high_income: -1.7110286848166172e-08
  zones_logsum_pop_low_income: -8.441362740309943e-08
  zones_population: 0.00014356373313914863
  zones_retail_jobs: -6.731730806937255e-05
  zones_transit_jobs_30min: -3.3468440204930993e-07
  zones_transit_jobs_50min: 1.343959651782613e-07
  zones_z_total_jobs: 3.6376246029965426e-07
sample_size: 265
score: 0.7535005031744346
