fit_filters:
- non_residential_sqft > 0
- sqft_price_nonres > 1
- sqft_price_nonres < 650
- hedonic_id == 333
model_expression:
  left_side: np.log1p(sqft_price_nonres)
model_type: Regression
name: RegressionModel
predict_filters: hedonic_id == 333
ytransform: np.exp
coef:
  b_total_jobs: 0.0010847643680910969
  building_age: -0.0005594937239606485
  building_sqft: -1.395615090636045e-06
  crime_ucr_rate: -0.00014356105747059814
  jobs_within_30_min: 9.359922549835727e-08
  land_area: -3.1838094513649513e-07
  nodes_walk_ave_nonres_sqft_price: 0.006840330562204048
  nodes_walk_ave_unit_sqft: 5.966251242929014e-06
  nodes_walk_housing_cost: 2.074749716913054e-07
  nodes_walk_jobs: -4.037690121594148e-05
  nodes_walk_medical: -0.0008028312619367848
  nodes_walk_node_r1500_sqft: 1.7049079567529463e-08
  nodes_walk_population: -4.2245121446889444e-05
  nodes_walk_race_2_hhs: -0.000181024139922541
  nodes_walk_race_3_hhs: 0.00030348336604204163
  nodes_walk_residential: 9.136566890975967e-05
  nodes_walk_retail: -5.138617315515524e-07
  parcel_sqft: 3.124104676385761e-07
  parcels_ave_unit_size: 8.360405054977549e-05
  parcels_landvalue: 2.3993544533154295e-07
  parcels_pptytax: -0.0034065551848696915
  parcels_total_sqft: -1.5680621169551549e-06
  parcels_zones_employment: 1.5050171385223513e-05
  parcels_zones_households: 0.0001451117370051419
  parcels_zones_jobs_within_30_min: 1.9698593228357835e-07
  parcels_zones_logsum_job_high_income: 1.9684204705826e-07
  parcels_zones_logsum_job_low_income: -4.584671433542817e-07
  parcels_zones_logsum_pop_high_income: -1.5432480848407495e-07
  parcels_zones_logsum_pop_low_income: 2.5423783879953e-07
  parcels_zones_population: -4.522311781315355e-05
  parcels_zones_retail_jobs: 6.758905027923726e-05
  parcels_zones_transit_jobs_30min: -4.404912371351243e-07
  parcels_zones_transit_jobs_50min: 1.4113956947151124e-06
  residential_sqft: 2.5302741278921386e-05
  sqft_per_unit: 0.00014551967778920298
  vacant_job_spaces: -0.00197959918663061
  year_built: 0.007855574903116783
  zones_acres: -0.00013943689497809006
  zones_employment: 2.2236153201830754e-06
  zones_households: 0.00013319825202126555
  zones_logsum_job_high_income: 1.8749556199381915e-07
  zones_logsum_job_low_income: -4.3288418547267994e-07
  zones_logsum_pop_high_income: -1.3159680086738291e-07
  zones_logsum_pop_low_income: 2.8644624219399103e-07
  zones_population: -4.21295170507065e-05
  zones_retail_jobs: 1.1110216720069942e-05
  zones_transit_jobs_30min: -5.964999438126396e-07
  zones_transit_jobs_50min: 1.0595971395180188e-06
sample_size: 848
score: 0.36369442893827286
