fit_filters:
- non_residential_sqft > 0
- sqft_price_nonres > 1
- sqft_price_nonres < 650
- hedonic_id == 16165
model_expression:
  left_side: np.log1p(sqft_price_nonres)
model_type: Regression
name: RegressionModel
predict_filters: hedonic_id == 16165
ytransform: np.exp
coef:
  Intercept: 1.2988037723547254
  building_sqft: -1.4675473186302842e-05
  crime_other_rate: 4.582868822772939e-05
  crime_ucr_rate: 7.619082027078474e-05
  jobs_within_30_min: 1.4434972951925614e-06
  land_area: -9.77828443324775e-06
  nodes_walk_ave_nonres_sqft_price: 0.005196612536510559
  nodes_walk_ave_unit_sqft: 2.0169032743153325e-05
  nodes_walk_housing_cost: -2.3629534730407276e-06
  nodes_walk_industrial: 0.0007762659580717707
  nodes_walk_jobs: -6.082785030412296e-06
  nodes_walk_medical: -0.0003141164484353322
  nodes_walk_midinc_hhs: 1.203881671513767e-05
  nodes_walk_node_r1500_sqft: -2.772200857801724e-08
  nodes_walk_office: 0.0004544282392551421
  nodes_walk_population: 0.00039636349897451454
  nodes_walk_race_1_hhs: -0.001199135157759933
  nodes_walk_race_3_hhs: 0.0009029039277252171
  nodes_walk_retail: 0.0006569010655868363
  nodes_walk_retail_jobs: -0.00012993651756475558
  parcel_sqft: 1.1355966566105042e-07
  parcels_ave_unit_size: 5.428349526983426e-05
  parcels_total_job_spaces: 0.0018233176737971228
  parcels_total_sqft: -7.75264652754455e-06
  parcels_zones_empden: -8.122292492984237e-05
  parcels_zones_employment: -9.185022906143074e-07
  parcels_zones_households: -1.3641381934543783e-06
  parcels_zones_jobs_within_30_min: 1.1107629559362686e-07
  parcels_zones_logsum_job_high_income: 8.461618814229388e-07
  parcels_zones_logsum_job_low_income: 4.265210969783751e-09
  parcels_zones_logsum_pop_high_income: -9.781523405722471e-07
  parcels_zones_logsum_pop_low_income: 7.863648785004419e-09
  parcels_zones_population: -2.171314609600228e-05
  parcels_zones_retail_jobs: 0.0005682381052023772
  parcels_zones_transit_jobs_30min: -1.4437776259838003e-06
  parcels_zones_transit_jobs_50min: 6.726144657327454e-07
  residential_sqft: 6.237754746522111e-05
  school_district_achievement: 0.0015242219474221007
  sqft_per_unit: 0.00018652966085908992
  vacant_job_spaces: -0.004659092146714214
  year_built: 0.0017679604932065664
  zones_acres: -3.721510732320282e-05
  zones_empden: -5.3087646752504335e-06
  zones_households: -7.791181572014342e-06
  zones_logsum_job_high_income: 8.336726915173874e-07
  zones_logsum_job_low_income: 3.385616399699605e-09
  zones_logsum_pop_high_income: -9.933982787603726e-07
  zones_logsum_pop_low_income: -1.1059096913570377e-08
  zones_population: -6.530595473973332e-06
  zones_retail_jobs: 1.5063363774162687e-05
  zones_transit_jobs_30min: -1.3058648570922012e-06
  zones_transit_jobs_50min: 3.994172427353309e-07
  zones_z_total_jobs: -4.546759207124613e-06
sample_size: 366
score: 0.6356036722836771
