fit_filters:
- non_residential_sqft > 0
- sqft_price_nonres > 1
- sqft_price_nonres < 650
- hedonic_id == 323
model_expression:
  left_side: np.log1p(sqft_price_nonres)
model_type: Regression
name: RegressionModel
predict_filters: hedonic_id == 323
ytransform: np.exp
coef:
  b_total_jobs: 5.56859892245828e-05
  building_age: -0.0006583594088290104
  building_sqft: -1.2861991467808843e-06
  crime_other_rate: 4.858447402271595e-06
  crime_ucr_rate: -6.813267044490224e-05
  jobs_non_home_based: 3.87019426027392e-20
  jobs_within_30_min: -2.052754979648816e-07
  land_area: -1.6857352911497624e-06
  nodes_walk_ave_nonres_sqft_price: 0.0019436787741888737
  nodes_walk_ave_unit_sqft: 4.186153069616036e-06
  nodes_walk_highinc_hhs: 8.974452191066856e-05
  nodes_walk_households: 0.00012904119942925774
  nodes_walk_housing_cost: -1.3400413333574568e-06
  nodes_walk_jobs: 8.197386567250588e-05
  nodes_walk_lowinc_hhs: -0.0002936458596271277
  nodes_walk_medical: 2.8532803389948003e-05
  nodes_walk_midinc_hhs: 0.00011405308761343041
  nodes_walk_node_r1500_sqft: -7.784434015049778e-09
  nodes_walk_office: 0.006815354430592212
  nodes_walk_race_1_hhs: 0.0001803291591157697
  nodes_walk_residential: 0.00031508799742995967
  nodes_walk_retail_jobs: 8.409456044000606e-05
  parcel_sqft: 9.064157797131979e-08
  parcels_ave_unit_size: 7.371487840970797e-05
  parcels_total_sqft: 2.7085825092063104e-07
  parcels_zones_employment: -2.653579170373215e-05
  parcels_zones_households: -4.403008999095549e-06
  parcels_zones_jobs_within_30_min: 3.1747914623193486e-08
  parcels_zones_logsum_job_high_income: 2.3029717392262344e-07
  parcels_zones_logsum_job_low_income: -1.3240716125775906e-07
  parcels_zones_logsum_pop_high_income: -1.8193925183709223e-07
  parcels_zones_logsum_pop_low_income: 9.663987809482407e-08
  parcels_zones_population: 1.730167340683844e-05
  parcels_zones_retail_jobs: 0.0001881252531357033
  parcels_zones_transit_jobs_30min: 4.009036467267024e-06
  parcels_zones_transit_jobs_50min: -7.616501802189672e-09
  parcels_zones_z_total_jobs: -1.2803108253470291e-05
  residential_sqft: 0.00011755834368295296
  sqft_per_unit: 9.301913484637137e-05
  vacant_job_spaces: -0.0005346016506612334
  year_built: 0.0044105210131755316
  zones_acres: -0.00015467055797894954
  zones_employment: -1.1887800957480902e-06
  zones_households: -1.2735386998231247e-05
  zones_logsum_job_high_income: 2.388671752414928e-07
  zones_logsum_job_low_income: -1.3335059168657022e-07
  zones_logsum_pop_high_income: -1.7188251999433677e-07
  zones_logsum_pop_low_income: 6.311396007447798e-08
  zones_population: 2.9409723316901197e-06
  zones_retail_jobs: 2.6189525937376952e-05
  zones_transit_jobs_30min: 6.171953885557954e-07
  zones_transit_jobs_50min: -6.766225981897171e-08
  zones_z_total_jobs: -3.4362970638229112e-06
sample_size: 3647
score: 0.4441474939845832
