fit_filters:
- non_residential_sqft > 0
- sqft_price_nonres > 1
- sqft_price_nonres < 650
- hedonic_id == 12541
model_expression:
  left_side: np.log1p(sqft_price_nonres)
model_type: Regression
name: RegressionModel
predict_filters: hedonic_id == 12541
ytransform: np.exp
coef:
  building_sqft: -5.072934528446628e-06
  crime_other_rate: -0.000271488140135959
  crime_ucr_rate: 0.0003424059575457571
  job_spaces: 4.6662458755618185e-05
  jobs_within_30_min: -6.814918756872327e-07
  land_area: -2.8075323580780903e-07
  nodes_walk_ave_nonres_sqft_price: 0.011149397141965594
  nodes_walk_hhs_with_children: 0.0010867812857956
  nodes_walk_highinc_hhs: 0.0015146203487096525
  nodes_walk_housing_cost: -1.5696465023834872e-05
  nodes_walk_jobs: 4.720943010698045e-05
  nodes_walk_lowinc_hhs: -0.001122971257600507
  nodes_walk_medical: -0.0010875786659762352
  nodes_walk_node_r1500_sqft: 1.8626377843556752e-08
  nodes_walk_office: 0.0001005775994248233
  nodes_walk_population: -0.00015068714967585398
  nodes_walk_race_1_hhs: -0.0006526252289711626
  nodes_walk_race_2_hhs: -0.001476014162900232
  nodes_walk_race_3_hhs: 0.00920442105946046
  nodes_walk_residential: 0.004428648280789156
  nodes_walk_retail: -0.004734043859824081
  nodes_walk_retail_jobs: -0.00045520488043053166
  non_residential_units: 7.344819001949958e-20
  parcel_sqft: 1.9706152524150026e-07
  parcels_ave_unit_size: 0.00016829779420887733
  parcels_landvalue: -2.405767877312611e-07
  parcels_total_job_spaces: 0.0002299100802483161
  parcels_total_sqft: 1.454465852154899e-06
  parcels_zones_empden: -0.0008604240672888889
  parcels_zones_employment: -2.972929002125957e-06
  parcels_zones_households: 0.00015918866331332754
  parcels_zones_jobs_within_30_min: 4.218432267338092e-07
  parcels_zones_logsum_job_high_income: 7.313228728609588e-07
  parcels_zones_logsum_job_low_income: 5.983625219932022e-07
  parcels_zones_logsum_pop_high_income: -4.376159399327156e-07
  parcels_zones_logsum_pop_low_income: 2.901438502712747e-07
  parcels_zones_mean_age_of_head: -0.0014022677265016549
  parcels_zones_population: -0.00013358558207221996
  parcels_zones_retail_jobs: 0.0009696662724480576
  parcels_zones_transit_jobs_30min: -2.8524619961475938e-05
  parcels_zones_transit_jobs_50min: -9.778046307967252e-07
  parcels_zones_z_total_jobs: -4.694528044296905e-05
  school_district_achievement: 0.0004668411021010032
  vacant_job_spaces: 0.000806914088028578
  zones_acres: -0.00010858898004910121
  zones_empden: -0.006110954348706698
  zones_employment: -7.25527580301042e-06
  zones_households: 0.0003788345592122425
  zones_logsum_job_high_income: 9.556138475839887e-07
  zones_logsum_job_low_income: 3.861966261478026e-07
  zones_logsum_pop_high_income: -7.889026827214715e-07
  zones_logsum_pop_low_income: -5.849914348315644e-08
  zones_population: -7.818506479804838e-05
  zones_retail_jobs: 0.00013703949198839318
  zones_transit_jobs_30min: -1.57094268556571e-05
  zones_z_total_jobs: -3.086664391743487e-06
sample_size: 100
score: 0.539469874411632
