fit_filters:
- non_residential_sqft > 0
- sqft_price_nonres > 1
- sqft_price_nonres < 650
- hedonic_id == 333
model_expression:
  left_side: np.log1p(sqft_price_nonres)
model_type: Regression
name: RegressionModel
predict_filters: hedonic_id == 333
ytransform: np.exp
coef:
  b_total_jobs: 0.0010861101905394492
  building_age: -0.00019647779045397817
  building_sqft: -1.0203974163361528e-06
  crime_other_rate: -8.432858950529869e-07
  crime_ucr_rate: -0.00017125317416528905
  jobs_non_home_based: 1.0191052990453407e-19
  jobs_within_30_min: 1.06410199816841e-07
  land_area: -7.038768398038927e-07
  nodes_walk_ave_nonres_sqft_price: 0.007138862959619719
  nodes_walk_ave_unit_sqft: 6.057859432506977e-06
  nodes_walk_housing_cost: 3.466978976936965e-07
  nodes_walk_jobs: -3.205031493572766e-05
  nodes_walk_medical: -0.0008794403125078586
  nodes_walk_node_r1500_sqft: 1.5975103643306064e-08
  nodes_walk_population: -4.533701357836932e-05
  nodes_walk_race_2_hhs: -8.144376328317437e-06
  nodes_walk_race_3_hhs: 0.000378213256052829
  nodes_walk_residential: 6.0143136274924217e-05
  nodes_walk_retail: -4.8003252048788193e-05
  parcel_sqft: 5.700120151201014e-07
  parcels_ave_unit_size: 7.356916772869674e-05
  parcels_pptytax: -0.003684755954866196
  parcels_total_sqft: -1.4964590020965744e-06
  parcels_zones_employment: 2.0546087596302237e-05
  parcels_zones_households: 0.0001511908787272906
  parcels_zones_jobs_within_30_min: 2.1495425764955705e-07
  parcels_zones_logsum_job_high_income: 1.5206164292227414e-07
  parcels_zones_logsum_job_low_income: -4.441846175891823e-07
  parcels_zones_logsum_pop_high_income: -1.1769146936028337e-07
  parcels_zones_logsum_pop_low_income: 2.34424018342628e-07
  parcels_zones_population: -4.8121762012709235e-05
  parcels_zones_retail_jobs: 6.489096352812073e-05
  parcels_zones_transit_jobs_30min: 6.543155236835976e-07
  parcels_zones_transit_jobs_50min: 1.2232046739190736e-06
  residential_sqft: 1.9870696182021023e-05
  sqft_per_unit: 0.00013989352626349078
  vacant_job_spaces: -0.0018881443955948499
  year_built: 0.008230426548686888
  zones_acres: -0.00015245940010964848
  zones_employment: 2.5979246148435333e-06
  zones_households: 0.00014738568820152315
  zones_logsum_job_high_income: 1.407776905486665e-07
  zones_logsum_job_low_income: -4.1583599572173245e-07
  zones_logsum_pop_high_income: -9.700516007156845e-08
  zones_logsum_pop_low_income: 2.734311279479955e-07
  zones_population: -4.4488820933407446e-05
  zones_retail_jobs: 1.0030524258026426e-05
  zones_transit_jobs_30min: 1.3701418996061615e-08
  zones_transit_jobs_50min: 9.032643296156944e-07
sample_size: 848
score: 0.3605178913309167
