fit_filters:
- non_residential_sqft > 0
- sqft_price_nonres > 1
- sqft_price_nonres < 650
- hedonic_id == 14733
model_expression:
  left_side: np.log1p(sqft_price_nonres)
model_type: Regression
name: RegressionModel
predict_filters: hedonic_id == 14733
ytransform: np.exp
coef:
  building_age: -0.0007918226936107735
  building_sqft: -1.5946094077633195e-06
  crime_other_rate: 0.00012951368831853505
  crime_ucr_rate: -0.0010341544373790525
  job_spaces: 0.0035947928974253947
  jobs_within_30_min: 5.038226214384542e-06
  land_area: 1.466981249858539e-06
  nodes_walk_ave_nonres_sqft_price: 0.011593988275341895
  nodes_walk_ave_unit_sqft: 6.702241071549386e-05
  nodes_walk_highinc_hhs: -0.0017254923444449946
  nodes_walk_housing_cost: -4.798230527627979e-06
  nodes_walk_industrial: 0.0011804769535126423
  nodes_walk_lowinc_hhs: 0.004410903687754306
  nodes_walk_node_r1500_sqft: -2.5402573221298808e-08
  nodes_walk_population: -0.0005210153125671549
  nodes_walk_retail_jobs: -0.0023097770063161805
  non_residential_units: 2.1143052643005104e-19
  parcel_sqft: -1.3161413097758865e-07
  parcels_ave_unit_size: 0.00028736690424281696
  parcels_total_job_spaces: 0.00038221424244133163
  parcels_total_sqft: -2.073335661319605e-06
  parcels_zones_employment: -0.0002345432252730681
  parcels_zones_households: 0.00019183936538062784
  parcels_zones_jobs_within_30_min: 7.760507768052934e-06
  parcels_zones_logsum_job_high_income: 3.795997749349017e-06
  parcels_zones_logsum_job_low_income: 2.6479462618301157e-06
  parcels_zones_logsum_pop_high_income: -2.1117449484227622e-06
  parcels_zones_logsum_pop_low_income: -8.527267609183463e-07
  parcels_zones_retail_jobs: 0.0003194480203767983
  parcels_zones_transit_jobs_30min: -3.4938549452818716e-05
  parcels_zones_transit_jobs_50min: -1.0512892607931663e-06
  parcels_zones_z_total_jobs: -0.00010655354142417688
  year_built: 0.0048001125164118695
  zones_acres: 3.630906011697675e-05
  zones_employment: -6.232865453754089e-06
  zones_logsum_job_high_income: 3.844904437547464e-06
  zones_logsum_job_low_income: 2.5595607439584123e-06
  zones_logsum_pop_high_income: -1.9008578689580126e-06
  zones_logsum_pop_low_income: -9.075063376438425e-07
  zones_retail_jobs: 0.0001929751436236392
  zones_transit_jobs_30min: -4.034252909866343e-05
  zones_transit_jobs_50min: -1.177351768073244e-06
  zones_z_total_jobs: -6.158135591366847e-06
sample_size: 91
score: 0.39034331782199183
