fit_filters:
- non_residential_sqft > 0
- sqft_price_nonres > 1
- sqft_price_nonres < 650
- hedonic_id == 314
model_expression:
  left_side: np.log1p(sqft_price_nonres)
model_type: Regression
name: RegressionModel
predict_filters: hedonic_id == 314
ytransform: np.exp
coef:
  building_sqft: 3.0515596430386384e-05
  crime_other_rate: 5.2526789541111755e-05
  crime_ucr_rate: -0.000251739222017677
  jobs_within_30_min: -1.4856561593254338e-06
  land_area: -4.354441666160995e-05
  nodes_walk_ave_unit_sqft: 1.0742650184416694e-05
  nodes_walk_housing_cost: -1.7823592456903986e-05
  nodes_walk_jobs: -0.00037064791306033745
  nodes_walk_node_r1500_sqft: 1.0795559391608328e-08
  parcel_sqft: 1.3532726880505633e-06
  parcels_ave_unit_size: 0.00029009711112613765
  parcels_landvalue: -3.484928638114963e-06
  parcels_total_sqft: 3.2735530753458386e-05
  parcels_zones_employment: 0.00020973970611332844
  parcels_zones_jobs_within_30_min: 5.514306510815508e-07
  parcels_zones_logsum_job_high_income: -5.442241991092428e-08
  parcels_zones_logsum_job_low_income: -4.42919124342223e-07
  parcels_zones_logsum_pop_high_income: 1.1231596390572932e-06
  parcels_zones_logsum_pop_low_income: 1.0799498637609881e-07
  parcels_zones_population: -5.110774671128897e-06
  parcels_zones_transit_jobs_30min: 8.063756102041119e-05
  parcels_zones_transit_jobs_50min: 1.0514219335195908e-06
  zones_acres: -0.00022747026010854821
  zones_households: -1.6944232361271536e-05
  zones_logsum_job_high_income: -1.5261579099065244e-08
  zones_logsum_job_low_income: -4.3036033146360287e-07
  zones_logsum_pop_high_income: -2.367774801209657e-07
  zones_logsum_pop_low_income: 9.246960543432545e-08
  zones_population: -3.9505338744296694e-05
  zones_transit_jobs_30min: 4.197709352900847e-05
  zones_transit_jobs_50min: 6.904905651726582e-07
sample_size: 16
score: 0.9997717590024638
