fit_filters:
- non_residential_sqft > 0
- sqft_price_nonres > 1
- sqft_price_nonres < 650
- hedonic_id == 16151
model_type: regression
name: RegressionModel
predict_filters: hedonic_id == 16151
target_variable: np.log1p(sqft_price_nonres)
ytransform: np.exp
fit_parameters:
  Coefficient:
    Intercept: -2.8473844249103157
    building_sqft: 3.7250150707757904e-06
    crime_other_rate: 1.4681511845796931e-05
    crime_ucr_rate: -0.0002359258500318219
    jobs_within_30_min: -9.92437839372848e-07
    land_area: -4.0217630847728816e-07
    nodes_walk_ave_nonres_sqft_price: 0.001701963401528148
    nodes_walk_ave_unit_sqft: 1.9401936515837793e-05
    nodes_walk_households: 0.0013001978254544115
    nodes_walk_housing_cost: -1.4549731855216853e-06
    nodes_walk_jobs: -4.627432872166131e-05
    nodes_walk_max_office_far: 0.0033095170323430498
    nodes_walk_medical: 0.004874308697282286
    nodes_walk_node_r1500_sqft: -2.9274986168058194e-09
    nodes_walk_office: -0.0002647327035841402
    nodes_walk_population: -0.0003149941922743378
    nodes_walk_retail: -0.0009679338473990327
    nodes_walk_retail_jobs: 0.00042916152540991946
    parcel_sqft: 2.5112107192172543e-07
    parcels_ave_unit_size: 0.00010316686594648368
    parcels_parcel_size: -5.075151167765157e-07
    parcels_pct_undev: -0.0015196212786560079
    parcels_total_job_spaces: 0.0008633031928228104
    parcels_total_sqft: -7.263527709308336e-06
    parcels_zones_jobs_within_30_min: 5.953979358503216e-07
    residential_sqft: -0.0001656501557552524
    vacant_job_spaces: -0.0034703818709189795
    year_built: 0.0034890208791716715
    zones_acres: -1.4545476084639199e-05
    zones_employment: 2.0963639474540932e-05
    zones_households: 8.755200428615732e-05
    zones_logsum_job_high_income: -2.5855343534501395e-07
    zones_logsum_job_low_income: -3.660673099567768e-07
    zones_logsum_job_mid_income: 3.3172461197932076e-07
    zones_logsum_pop_high_income: 9.75253163786949e-08
    zones_logsum_pop_low_income: 1.3093869967449916e-07
    zones_logsum_pop_mid_income: 5.1278121660115335e-08
    zones_population: -1.6905759665446483e-05
    zones_transit_jobs_30min: 4.671369006058445e-06
    zones_transit_jobs_50min: -6.370517378570131e-07
    zones_z_total_jobs: 1.998062835450652e-06
fit_rsquared: 0.670508638458535
fitted: true
model_expression:
  left_side: np.log1p(sqft_price_nonres)
  right_side:
  - year_built
  - land_area
  - residential_sqft
  - building_sqft
  - jobs_within_30_min
  - vacant_job_spaces
  - parcel_sqft
  - crime_ucr_rate
  - crime_other_rate
  - parcels_pct_undev
  - parcels_parcel_size
  - parcels_ave_unit_size
  - parcels_total_job_spaces
  - parcels_total_sqft
  - parcels_zones_jobs_within_30_min
  - zones_acres
  - zones_households
  - zones_population
  - zones_employment
  - zones_logsum_pop_high_income
  - zones_logsum_pop_mid_income
  - zones_logsum_pop_low_income
  - zones_logsum_job_high_income
  - zones_logsum_job_mid_income
  - zones_logsum_job_low_income
  - zones_z_total_jobs
  - zones_transit_jobs_50min
  - zones_transit_jobs_30min
  - nodes_walk_population
  - nodes_walk_households
  - nodes_walk_max_office_far
  - nodes_walk_jobs
  - nodes_walk_retail_jobs
  - nodes_walk_node_r1500_sqft
  - nodes_walk_ave_nonres_sqft_price
  - nodes_walk_retail
  - nodes_walk_office
  - nodes_walk_medical
  - nodes_walk_ave_unit_sqft
  - nodes_walk_housing_cost
sample_size: 198
