fit_filters:
- non_residential_sqft > 0
- sqft_price_nonres > 1
- sqft_price_nonres < 650
- hedonic_id == 14751
model_expression:
  left_side: np.log1p(sqft_price_nonres)
model_type: Regression
name: RegressionModel
predict_filters: hedonic_id == 14751
ytransform: np.exp
coef:
  building_age: -0.00024712747499034066
  building_sqft: -6.038658153941937e-06
  crime_other_rate: 8.16499745868248e-05
  crime_ucr_rate: 0.00016967884089286655
  job_spaces: -0.0008809404984887416
  jobs_within_30_min: -6.379382756468712e-06
  nodes_walk_ave_unit_sqft: -4.017046373581116e-09
  nodes_walk_households: -0.0026764118517155207
  nodes_walk_housing_cost: 7.542249510039244e-06
  nodes_walk_jobs: 0.00012030294273045539
  nodes_walk_medical: 0.005950248567720552
  nodes_walk_midinc_hhs: -0.0006599727728033985
  nodes_walk_node_r1500_sqft: 1.1403099740321258e-08
  nodes_walk_population: 0.001194678443411646
  nodes_walk_retail_jobs: 0.0007492178044245088
  non_residential_units: -3.627677470433096e-19
  parcel_sqft: 4.28443618410521e-06
  parcels_ave_unit_size: -5.012752438000395e-05
  parcels_total_job_spaces: -0.0011192257581036549
  parcels_total_sqft: -1.2995880370120956e-05
  parcels_zones_employment: -7.877303734173857e-05
  parcels_zones_households: 5.031890956130658e-05
  parcels_zones_jobs_within_30_min: -3.550230477816105e-06
  parcels_zones_logsum_job_high_income: -2.1787387062494406e-06
  parcels_zones_logsum_job_low_income: -4.2502458414386235e-06
  parcels_zones_logsum_pop_high_income: 1.5435235165354359e-06
  parcels_zones_logsum_pop_low_income: 2.285815483866215e-06
  parcels_zones_population: -0.00018614472617748396
  parcels_zones_retail_jobs: -4.5251125137787445e-05
  parcels_zones_transit_jobs_30min: 1.3622952796906629e-05
  parcels_zones_transit_jobs_50min: 3.5089115102094992e-06
  parcels_zones_z_total_jobs: -3.1051062625053694e-05
  vacant_job_spaces: -0.008160758425966905
  year_built: 0.0025123130614126575
  zones_acres: -1.4372338238564509e-05
  zones_employment: -1.7809732662071954e-05
  zones_households: 0.000282854765620876
  zones_logsum_job_high_income: -2.1091351626651637e-06
  zones_logsum_job_low_income: -4.211898548921066e-06
  zones_logsum_pop_high_income: 1.1292581065598956e-06
  zones_logsum_pop_low_income: 2.175464896865907e-06
  zones_population: -4.960227535628562e-05
  zones_retail_jobs: -1.6474409186639657e-07
  zones_transit_jobs_30min: 1.0834575119997555e-05
  zones_transit_jobs_50min: 2.6018600068074833e-06
  zones_z_total_jobs: -3.9347867335228e-05
sample_size: 109
score: 0.6100678400417103
