fit_filters:
- non_residential_sqft > 0
- sqft_price_nonres > 1
- sqft_price_nonres < 650
- hedonic_id == 11533
model_expression:
  left_side: np.log1p(sqft_price_nonres)
model_type: Regression
name: RegressionModel
predict_filters: hedonic_id == 11533
ytransform: np.exp
coef:
  b_total_jobs: 0.017841825832823042
  building_age: 0.006198387155712953
  building_sqft: -5.9902666429129e-06
  crime_other_rate: 0.001055014112236084
  crime_ucr_rate: 0.0010677830944384055
  jobs_non_home_based: 7.244522183524676e-19
  jobs_within_30_min: -3.412747960590353e-05
  land_area: 1.1710222886356557e-05
  nodes_walk_ave_unit_sqft: -0.0014740530544441175
  nodes_walk_housing_cost: 2.1005787578792777e-05
  nodes_walk_jobs: -0.0030061790201815104
  nodes_walk_node_r1500_sqft: 9.140574299308163e-09
  nodes_walk_office: 0.012216495979231209
  nodes_walk_population: 0.0016263282313737565
  parcel_sqft: 1.444199671619075e-07
  parcels_ave_unit_size: -8.591109419360861e-05
  parcels_total_sqft: -7.030829295777599e-06
  parcels_zones_employment: 2.9920091120597712e-05
  parcels_zones_households: -0.006159315559728387
  parcels_zones_jobs_within_30_min: -6.207656933612861e-06
  parcels_zones_logsum_job_high_income: 7.290188761651415e-06
  parcels_zones_logsum_job_low_income: 4.2905134520489796e-05
  parcels_zones_logsum_pop_high_income: 2.848586330550034e-07
  parcels_zones_logsum_pop_low_income: -1.002526566291795e-06
  parcels_zones_population: 0.0014412439629789974
  parcels_zones_retail_jobs: -0.004090639755739179
  parcels_zones_transit_jobs_50min: -0.001222561541537574
  parcels_zones_z_total_jobs: 0.0004987996418164655
  zones_acres: 2.714003919219223e-05
  zones_employment: 0.0012091894202951542
  zones_households: -0.0019498424855747727
  zones_logsum_job_high_income: 8.420507060991284e-06
  zones_logsum_job_low_income: 3.563408605261713e-05
  zones_logsum_pop_high_income: -5.547917111684485e-06
  zones_logsum_pop_low_income: -4.330667368279606e-06
  zones_population: 0.0015108516109693276
  zones_retail_jobs: -0.002616363072100461
  zones_transit_jobs_50min: -0.0006664499207039703
  zones_z_total_jobs: 0.00018261272788829203
sample_size: 25
score: 0.9710920254805933
