fit_filters:
- non_residential_sqft > 0
- sqft_price_nonres > 1
- sqft_price_nonres < 650
- hedonic_id == 323
model_type: regression
name: RegressionModel
predict_filters: hedonic_id == 323
target_variable: np.log1p(sqft_price_nonres)
ytransform: np.exp
fit_parameters:
  Coefficient:
    Intercept: -5.585976139464122
    b_total_jobs: 0.0003385318572912018
    building_age: -2.04160023699309e-05
    building_sqft: -2.722436883973184e-07
    crime_other_rate: 4.903514988923944e-05
    crime_ucr_rate: -0.00019760045029634283
    jobs_non_home_based: 7.508669386988688e-21
    jobs_within_30_min: -1.5432464499768287e-07
    land_area: -1.6970651950798704e-06
    nodes_walk_ave_nonres_sqft_price: 0.0012528537175427318
    nodes_walk_ave_unit_sqft: 8.43321501717692e-06
    nodes_walk_households: 4.387329218367983e-05
    nodes_walk_housing_cost: 1.2489614245583176e-08
    nodes_walk_jobs: 8.11166263931245e-05
    nodes_walk_midinc_hhs: 0.0003800145790666973
    nodes_walk_node_r1500_sqft: -1.1300155732850553e-09
    nodes_walk_office: 0.008699857651831067
    nodes_walk_race_1_hhs: 5.857903334171288e-05
    parcel_sqft: 1.4749236365590505e-07
    parcels_ave_unit_size: 1.446981740652e-06
    parcels_parcel_size: -3.8855405338164854e-08
    parcels_pct_undev: 0.0012427563632479242
    parcels_total_sqft: -1.1991626474535307e-06
    parcels_zones_jobs_within_30_min: 4.528468078775772e-09
    residential_sqft: -4.635370005933302e-06
    sqft_per_unit: 0.0001948979883578695
    vacant_job_spaces: -0.0003195305487293096
    year_built: 0.004564754796526122
    zones_acres: -7.474151734698194e-05
    zones_employment: -1.0321876067809629e-05
    zones_households: -4.46925953874034e-05
    zones_logsum_job_high_income: 3.900781240747951e-07
    zones_logsum_job_low_income: -4.3817948018756564e-07
    zones_logsum_job_mid_income: 1.2445158350151095e-07
    zones_logsum_pop_high_income: -3.017468037994445e-07
    zones_logsum_pop_low_income: 3.696248131727213e-07
    zones_logsum_pop_mid_income: -1.1602601924003568e-07
    zones_population: 3.4610480106430566e-05
    zones_retail_jobs: 1.6660184632155105e-05
    zones_transit_jobs_30min: 7.294204365079521e-07
    zones_transit_jobs_50min: 2.2660026376248792e-07
    zones_z_total_jobs: -2.626731839903966e-06
  Std. Error: {}
  T-Score: {}
fit_rsquared: 0.4701120150440494
fit_rsquared_adj: 0.4701120150440494
fitted: true
model_expression:
  left_side: np.log1p(sqft_price_nonres)
  right_side:
  - year_built
  - sqft_per_unit
  - land_area
  - residential_sqft
  - building_sqft
  - jobs_within_30_min
  - vacant_job_spaces
  - parcel_sqft
  - crime_ucr_rate
  - crime_other_rate
  - building_age
  - b_total_jobs
  - jobs_non_home_based
  - parcels_pct_undev
  - parcels_parcel_size
  - parcels_ave_unit_size
  - parcels_total_sqft
  - parcels_zones_jobs_within_30_min
  - zones_acres
  - zones_households
  - zones_population
  - zones_employment
  - zones_retail_jobs
  - zones_logsum_pop_high_income
  - zones_logsum_pop_mid_income
  - zones_logsum_pop_low_income
  - zones_logsum_job_high_income
  - zones_logsum_job_mid_income
  - zones_logsum_job_low_income
  - zones_z_total_jobs
  - zones_transit_jobs_50min
  - zones_transit_jobs_30min
  - nodes_walk_households
  - nodes_walk_midinc_hhs
  - nodes_walk_race_1_hhs
  - nodes_walk_jobs
  - nodes_walk_node_r1500_sqft
  - nodes_walk_ave_nonres_sqft_price
  - nodes_walk_office
  - nodes_walk_ave_unit_sqft
  - nodes_walk_housing_cost
sample_size: 4303
