fit_filters:
- non_residential_sqft > 0
- sqft_price_nonres > 1
- sqft_price_nonres < 650
- hedonic_id == 551
model_expression:
  left_side: np.log1p(sqft_price_nonres)
model_type: Regression
name: RegressionModel
predict_filters: hedonic_id == 551
ytransform: np.exp
coef:
  Intercept: -9.940727224260023
  b_total_jobs: -0.0005565403722892086
  building_sqft: 3.811466248914458e-06
  crime_other_rate: 6.231404213592757e-05
  crime_ucr_rate: -5.1377448933151395e-05
  jobs_within_30_min: -1.6223201451473683e-07
  land_area: -2.8135398261769596e-05
  nodes_walk_ave_nonres_sqft_price: -0.0053667334606175635
  nodes_walk_ave_unit_sqft: -4.0423387630252985e-05
  nodes_walk_households: 1.276562639941059e-05
  nodes_walk_housing_cost: -2.0761126003643143e-06
  nodes_walk_jobs: 7.832184648201572e-06
  nodes_walk_lowinc_hhs: 1.2602658432914127e-06
  nodes_walk_medical: 0.011832511377334038
  nodes_walk_midinc_hhs: 5.343308123834413e-05
  nodes_walk_node_r1500_sqft: -7.18023677966381e-08
  nodes_walk_office: 0.0037713365319572115
  nodes_walk_population: -7.720171552678864e-06
  nodes_walk_race_1_hhs: 0.0005208268664796487
  nodes_walk_race_2_hhs: 0.00021722552641844075
  nodes_walk_race_3_hhs: -0.0021867475143147867
  nodes_walk_retail: 0.0024325434747563125
  parcel_sqft: 6.126297018757023e-06
  parcels_ave_unit_size: -2.5568260590605863e-05
  parcels_total_job_spaces: 0.0007540794500126071
  parcels_total_sqft: -5.620021278624843e-06
  parcels_zones_employment: 6.089700280231003e-06
  parcels_zones_jobs_within_30_min: -8.32442448509477e-09
  parcels_zones_logsum_job_high_income: 6.16835716207627e-08
  parcels_zones_logsum_job_low_income: -2.658563645483398e-08
  parcels_zones_logsum_pop_high_income: 8.344854921950728e-08
  parcels_zones_logsum_pop_low_income: -5.2415773805064795e-08
  parcels_zones_population: 4.3822304538009394e-11
  parcels_zones_retail_jobs: -0.00023438672429693596
  parcels_zones_transit_jobs_30min: 6.079949180459195e-07
  parcels_zones_transit_jobs_50min: 3.150561921746826e-07
  residential_sqft: 1.2103017525110812e-05
  sqft_per_unit: 0.00014949837647065838
  year_built: 0.006743620315748841
  zones_acres: 0.0005098280229355541
  zones_logsum_job_high_income: 6.037842734201515e-08
  zones_logsum_job_low_income: -1.661945018568622e-08
  zones_logsum_pop_high_income: -7.529267797792019e-08
  zones_logsum_pop_low_income: 2.5817657494058102e-08
  zones_population: 3.1908036748055834e-06
  zones_retail_jobs: -0.0005721849037819221
  zones_transit_jobs_30min: 6.853659544675151e-07
  zones_transit_jobs_50min: 3.9721758423329805e-07
sample_size: 454
score: 0.4479795224980221
