fit_filters:
- non_residential_sqft > 0
- sqft_price_nonres > 1
- sqft_price_nonres < 650
- hedonic_id == 11565
model_expression:
  left_side: np.log1p(sqft_price_nonres)
model_type: Regression
name: RegressionModel
predict_filters: hedonic_id == 11565
ytransform: np.exp
coef:
  Intercept: -5.286553969575599
  building_age: -8.282840847375097e-06
  building_sqft: 6.231408455566804e-05
  crime_other_rate: 0.00013042693118414168
  jobs_within_30_min: 1.984904893842718e-08
  land_area: -7.60475506473942e-06
  nodes_walk_ave_nonres_sqft_price: 0.009862739607475192
  nodes_walk_housing_cost: -8.846502464001573e-06
  nodes_walk_industrial: 0.0004804214319147084
  nodes_walk_jobs: 0.0003345202376166602
  nodes_walk_medical: -0.001274812807449655
  nodes_walk_node_r1500_sqft: 1.8030179489132574e-09
  nodes_walk_office: 4.623952202382967e-05
  nodes_walk_population: 0.00043729150605944015
  nodes_walk_residential: 0.0008459463758086489
  nodes_walk_retail: -0.002151139600449931
  nodes_walk_retail_jobs: 0.00023328896911942363
  parcel_sqft: 9.075827216818372e-08
  parcels_total_sqft: -1.7957724535847715e-05
  parcels_zones_employment: 4.3108398897951095e-06
  parcels_zones_households: 0.00016203484417787404
  parcels_zones_jobs_within_30_min: 3.7509585826349223e-07
  parcels_zones_logsum_job_high_income: -3.0698034371949805e-06
  parcels_zones_logsum_job_low_income: 1.574628784774133e-06
  parcels_zones_logsum_pop_high_income: 5.447761847970313e-07
  parcels_zones_logsum_pop_low_income: -2.816967166353291e-07
  parcels_zones_population: -0.00012975013705863236
  parcels_zones_retail_jobs: -4.3200012392874175e-05
  parcels_zones_transit_jobs_30min: -0.0002014370835420478
  parcels_zones_transit_jobs_50min: -5.500733981737874e-05
  vacant_job_spaces: -0.018114515238600203
  year_built: 0.005061648861616211
  zones_acres: -5.69184445666439e-06
  zones_employment: 0.00012028130457173064
  zones_households: 0.00030344308525540075
  zones_logsum_job_high_income: -4.524085945072897e-06
  zones_logsum_job_low_income: 4.7341211086371645e-06
  zones_logsum_pop_high_income: 1.8552777733318266e-06
  zones_logsum_pop_low_income: 2.775891738914906e-06
  zones_population: -0.00012514739465537095
  zones_transit_jobs_30min: -0.000180647073490164
  zones_transit_jobs_50min: -3.337742416344298e-05
sample_size: 202
score: 0.6558374596048292
