fit_filters:
- non_residential_sqft > 0
- sqft_price_nonres > 1
- sqft_price_nonres < 650
- hedonic_id == 16151
model_expression:
  left_side: np.log1p(sqft_price_nonres)
model_type: Regression
name: RegressionModel
predict_filters: hedonic_id == 16151
ytransform: np.exp
coef:
  building_age: -1.2581318635806315e-06
  building_sqft: 3.433270208301838e-06
  crime_other_rate: 4.849655823618312e-06
  crime_ucr_rate: -0.000369176893290948
  jobs_within_30_min: -1.3204359430036024e-06
  land_area: -1.0801564699239618e-06
  nodes_walk_ave_nonres_sqft_price: 0.0017886794647086746
  nodes_walk_ave_unit_sqft: 2.8795979060451887e-05
  nodes_walk_households: 0.0004782878303603805
  nodes_walk_housing_cost: -1.9556137261485933e-06
  nodes_walk_jobs: -3.071536846551366e-05
  nodes_walk_lowinc_hhs: 0.000371453398813161
  nodes_walk_max_office_far: 0.0030049979204685574
  nodes_walk_medical: 0.004748804231762338
  nodes_walk_node_r1500_sqft: -4.3230891722019705e-09
  nodes_walk_office: -0.0002706576613678803
  nodes_walk_population: -0.00013980669630364137
  nodes_walk_race_1_hhs: 0.00031340300197253446
  nodes_walk_retail: -0.0008727149342932427
  nodes_walk_retail_jobs: 0.00031086298421912554
  parcel_sqft: 2.541646346722884e-07
  parcels_ave_unit_size: 0.00010281681756189565
  parcels_parcel_size: -3.713079494923771e-07
  parcels_pct_undev: -0.0010027462650318163
  parcels_total_job_spaces: 0.0007213454776157344
  parcels_total_sqft: -6.8550321634225605e-06
  parcels_zones_employment: 1.9028613504081523e-05
  parcels_zones_households: -3.578379135293406e-06
  parcels_zones_jobs_within_30_min: 8.669208285988038e-07
  parcels_zones_logsum_job_high_income: -2.1295827197572584e-07
  parcels_zones_logsum_job_low_income: -4.785161476750131e-08
  parcels_zones_logsum_pop_high_income: 2.1579949067725217e-07
  parcels_zones_logsum_pop_low_income: 1.7616729379305688e-07
  parcels_zones_population: -8.626155313319734e-06
  parcels_zones_retail_jobs: 5.2339239818399055e-05
  parcels_zones_transit_jobs_30min: 1.4944119248962721e-06
  parcels_zones_transit_jobs_50min: -1.9688188255943996e-14
  parcels_zones_z_total_jobs: 6.058562556589803e-07
  residential_sqft: -0.00015873982491704567
  vacant_job_spaces: -0.003265223031360606
  year_built: 0.003227878603105112
  zones_acres: -1.3152296691786623e-05
  zones_employment: 3.714707546185235e-07
  zones_households: -2.2397388174416275e-05
  zones_logsum_job_high_income: -3.692343305248485e-08
  zones_logsum_job_low_income: -6.152934339211119e-08
  zones_logsum_pop_high_income: 8.97627886849051e-09
  zones_logsum_pop_low_income: 3.5397381035445075e-08
  zones_population: -3.645420153773257e-07
  zones_retail_jobs: 2.825209471729451e-05
  zones_transit_jobs_30min: 8.9962044529286e-07
  zones_transit_jobs_50min: -3.617228021449111e-08
  zones_z_total_jobs: 1.954581051869675e-06
sample_size: 198
score: 0.6544399359366206
