fit_filters:
- non_residential_sqft > 0
- sqft_price_nonres > 1
- sqft_price_nonres < 650
- hedonic_id == 14765
model_type: regression
name: RegressionModel
predict_filters: hedonic_id == 14765
target_variable: np.log1p(sqft_price_nonres)
ytransform: np.exp
fit_parameters:
  Coefficient:
    Intercept: -0.8502536889880545
    b_total_jobs: 0.00681732492097956
    building_age: -0.00016828626811945507
    building_sqft: -6.811913649258183e-05
    crime_other_rate: 5.127657290428668e-05
    crime_ucr_rate: -0.0002481234800329328
    jobs_non_home_based: 4.678063424618357e-16
    jobs_within_30_min: 4.390293248015844e-06
    land_area: 1.9166647357575012e-05
    nodes_walk_ave_nonres_sqft_price: 0.008484505961730855
    nodes_walk_ave_unit_sqft: -7.488889193100101e-06
    nodes_walk_housing_cost: 5.515497443610861e-06
    nodes_walk_jobs: 1.579588126992739e-05
    nodes_walk_lowinc_hhs: -0.0007716700015651176
    nodes_walk_medical: 1.5059654137880933e-05
    nodes_walk_node_r1500_sqft: -2.033841525242554e-08
    nodes_walk_office: -2.7910572153335203e-05
    nodes_walk_population: -0.0003252813814532714
    nodes_walk_residential: -0.003459150791936293
    nodes_walk_retail: 0.0004650078873217682
    nodes_walk_retail_jobs: 0.003117197273141002
    parcel_sqft: 4.447129896886026e-08
    parcels_ave_unit_size: -0.00020435256875677482
    parcels_parcel_size: -2.9080252404347643e-07
    parcels_pct_undev: -0.0014387489212985879
    parcels_total_sqft: -7.176983332740316e-06
    residential_sqft: 0.00015851609019835794
    sqft_per_unit: -0.00011676378997204034
    year_built: 0.0026876435075314045
    zones_acres: 1.406472864683311e-06
    zones_employment: 8.023405012044348e-06
    zones_households: 0.0003488811315100469
    zones_logsum_job_high_income: 1.3292236831922974e-05
    zones_logsum_job_low_income: -5.472402026281149e-06
    zones_logsum_job_mid_income: 1.0376999776679319e-05
    zones_logsum_pop_high_income: -7.432718857694072e-06
    zones_logsum_pop_low_income: 2.5874723523982045e-06
    zones_logsum_pop_mid_income: -4.051994012632202e-06
    zones_population: -8.896122843506372e-05
    zones_retail_jobs: -0.0011510339905166742
    zones_transit_jobs_30min: -1.1090528157034474e-05
    zones_transit_jobs_50min: 3.380894427876035e-06
fit_rsquared: 0.4984479880600451
fitted: true
model_expression:
  left_side: np.log1p(sqft_price_nonres)
  right_side:
  - year_built
  - sqft_per_unit
  - land_area
  - residential_sqft
  - building_sqft
  - jobs_within_30_min
  - parcel_sqft
  - crime_ucr_rate
  - crime_other_rate
  - building_age
  - b_total_jobs
  - jobs_non_home_based
  - parcels_pct_undev
  - parcels_parcel_size
  - parcels_ave_unit_size
  - parcels_total_sqft
  - zones_acres
  - zones_households
  - zones_population
  - zones_employment
  - zones_retail_jobs
  - zones_logsum_pop_high_income
  - zones_logsum_pop_mid_income
  - zones_logsum_pop_low_income
  - zones_logsum_job_high_income
  - zones_logsum_job_mid_income
  - zones_logsum_job_low_income
  - zones_transit_jobs_50min
  - zones_transit_jobs_30min
  - nodes_walk_population
  - nodes_walk_lowinc_hhs
  - nodes_walk_jobs
  - nodes_walk_retail_jobs
  - nodes_walk_node_r1500_sqft
  - nodes_walk_residential
  - nodes_walk_ave_nonres_sqft_price
  - nodes_walk_retail
  - nodes_walk_office
  - nodes_walk_medical
  - nodes_walk_ave_unit_sqft
  - nodes_walk_housing_cost
sample_size: 273
