fit_filters:
- non_residential_sqft > 0
- sqft_price_nonres > 1
- sqft_price_nonres < 650
- hedonic_id == 11521
model_expression:
  left_side: np.log1p(sqft_price_nonres)
model_type: Regression
name: RegressionModel
predict_filters: hedonic_id == 11521
ytransform: np.exp
coef:
  Intercept: 1.272617415751566
  b_total_jobs: 0.0019726390544905336
  building_age: -1.2616180853335848e-05
  building_sqft: -3.6305885190610605e-06
  crime_other_rate: 0.0001405660702920936
  crime_ucr_rate: -0.0004591715880297823
  jobs_non_home_based: 2.8891799164752563e-16
  jobs_within_30_min: 1.5000554336124463e-07
  land_area: 4.8980623705018e-06
  nodes_walk_ave_nonres_sqft_price: 0.00043295642141362645
  nodes_walk_housing_cost: -6.129727662557686e-07
  nodes_walk_industrial: 0.0011942881560436653
  nodes_walk_jobs: -4.617144804648791e-05
  nodes_walk_medical: 0.0006384579416135447
  nodes_walk_node_r1500_sqft: -4.303905838900049e-09
  nodes_walk_population: 0.0002917043141907002
  nodes_walk_retail: 0.013133578478267209
  nodes_walk_retail_jobs: 0.0008681468141212902
  parcel_sqft: 1.8158236674833907e-07
  parcels_total_sqft: -5.781232559269009e-06
  parcels_zones_employment: 6.601140535846583e-05
  parcels_zones_households: -6.19750031883044e-05
  parcels_zones_logsum_job_high_income: 8.837693128619919e-07
  parcels_zones_logsum_job_low_income: -7.193138546619473e-06
  parcels_zones_logsum_pop_high_income: -6.157693493273395e-07
  parcels_zones_logsum_pop_low_income: 3.535739955371752e-06
  parcels_zones_population: 1.390210655503502e-06
  parcels_zones_retail_jobs: 6.819044742675872e-05
  parcels_zones_transit_jobs_30min: -1.6373896429110616e-05
  parcels_zones_transit_jobs_50min: -4.38617442010873e-06
  parcels_zones_z_total_jobs: 8.707485850831717e-06
  residential_sqft: 0.00032176921017060685
  sqft_per_unit: 7.471435606721155e-05
  year_built: 0.0008537703443122882
  zones_acres: -1.1947019549109944e-06
  zones_employment: 2.568855964803723e-05
  zones_households: -3.333419475885611e-05
  zones_logsum_job_high_income: 7.717167952376233e-07
  zones_logsum_job_low_income: -6.850989034644323e-06
  zones_logsum_pop_high_income: -4.4544263473677903e-07
  zones_logsum_pop_low_income: 3.795074656081975e-06
  zones_retail_jobs: 1.0334526684587353e-05
  zones_transit_jobs_30min: -1.546630283381778e-05
  zones_transit_jobs_50min: -1.6939603253289497e-06
  zones_z_total_jobs: 1.0632838367307806e-05
sample_size: 958
score: 0.42717118998595993
