fit_filters:
- non_residential_sqft > 0
- sqft_price_nonres > 1
- sqft_price_nonres < 650
- hedonic_id == 14731
model_expression:
  left_side: np.log1p(sqft_price_nonres)
model_type: Regression
name: RegressionModel
predict_filters: hedonic_id == 14731
ytransform: np.exp
coef:
  Intercept: -4.824381873085945
  b_total_jobs: 0.0009907751443698919
  building_age: -4.027041005780983e-06
  building_sqft: -2.15195477165607e-05
  crime_other_rate: -9.684330601785915e-06
  crime_ucr_rate: 8.400983675470291e-06
  jobs_non_home_based: 1.4939842983812126e-16
  jobs_within_30_min: 1.5147587805686717e-06
  land_area: 1.943515298647188e-05
  nodes_walk_housing_cost: -5.357285583708046e-06
  nodes_walk_industrial: 0.024072234987233834
  nodes_walk_jobs: -0.0003400922219963352
  nodes_walk_medical: 0.00030528650802670153
  nodes_walk_node_r1500_sqft: -5.424965620643057e-09
  nodes_walk_office: -0.00033309453823275994
  nodes_walk_population: -7.22238569235221e-05
  nodes_walk_retail: 0.0004448884343291921
  nodes_walk_retail_jobs: 2.969562672487671e-05
  parcel_sqft: -2.4010147536662117e-08
  parcels_ave_unit_size: 0.0003080271272814597
  parcels_total_sqft: -2.856822293658314e-07
  parcels_zones_employment: -4.883132684269171e-07
  parcels_zones_households: 0.0003255469074033328
  parcels_zones_jobs_within_30_min: 1.0436809885157424e-06
  parcels_zones_logsum_job_high_income: 1.4353608301698024e-06
  parcels_zones_logsum_job_low_income: 1.2836186033576555e-06
  parcels_zones_logsum_pop_high_income: -2.7424201929859766e-07
  parcels_zones_logsum_pop_low_income: -5.439669344337861e-07
  parcels_zones_population: -0.00014376724375303538
  parcels_zones_retail_jobs: -2.437814458192779e-05
  parcels_zones_transit_jobs_30min: -5.0051035395225046e-05
  parcels_zones_transit_jobs_50min: -8.63929816387324e-06
  parcels_zones_z_total_jobs: -2.0432963196070176e-06
  year_built: 0.0034887818767851218
  zones_acres: 2.233486737983434e-06
  zones_households: 0.00039649712801783016
  zones_logsum_job_high_income: 1.3005951196313246e-06
  zones_logsum_job_low_income: 1.3410118097659127e-06
  zones_logsum_pop_high_income: -6.504846450204808e-07
  zones_logsum_pop_low_income: -1.9499399038168808e-07
  zones_population: -0.00013833135872118725
  zones_transit_jobs_30min: -3.0210112390371085e-05
  zones_transit_jobs_50min: -5.554909270694014e-06
  zones_z_total_jobs: -1.58863132927228e-06
sample_size: 385
score: 0.5433159367001492
