fit_filters:
- non_residential_sqft > 0
- sqft_price_nonres > 1
- sqft_price_nonres < 650
- hedonic_id == 9323
model_expression:
  left_side: np.log1p(sqft_price_nonres)
model_type: Regression
name: RegressionModel
predict_filters: hedonic_id == 9323
ytransform: np.exp
coef:
  building_age: -0.0021597191839433667
  building_sqft: 7.4045112500397326e-06
  crime_other_rate: 9.589214146031991e-05
  jobs_within_30_min: -2.632342267198347e-06
  land_area: -1.832748637275978e-05
  nodes_walk_ave_nonres_sqft_price: 0.0012995802097986566
  nodes_walk_ave_unit_sqft: 7.649271000459982e-05
  nodes_walk_households: -0.0004790143064258939
  nodes_walk_housing_cost: -1.4849826076323875e-06
  nodes_walk_industrial: -0.0010576122106269214
  nodes_walk_jobs: 6.409236317488469e-05
  nodes_walk_medical: 0.0007929307742448252
  nodes_walk_midinc_hhs: -7.672936737813853e-05
  nodes_walk_node_r1500_sqft: -1.0643306182111977e-08
  nodes_walk_office: 0.005478895268562583
  nodes_walk_retail: 0.0006468325402853921
  nodes_walk_retail_jobs: 0.0007240931372730878
  parcel_sqft: -2.435878127974063e-07
  parcels_ave_unit_size: 6.0630387238376836e-05
  parcels_total_sqft: 2.614071896124774e-06
  parcels_zones_employment: -2.0272743257643134e-05
  parcels_zones_jobs_within_30_min: -5.162345285922322e-07
  parcels_zones_logsum_job_high_income: 4.212111455402548e-06
  parcels_zones_logsum_job_low_income: -9.428370950334782e-06
  parcels_zones_logsum_pop_high_income: -1.109479954879432e-06
  parcels_zones_logsum_pop_low_income: 1.943473934043805e-06
  parcels_zones_population: 1.5342158845088456e-06
  parcels_zones_z_total_jobs: -2.5625152716779318e-06
  residential_sqft: 0.00036723701602346545
  vacant_job_spaces: -0.001831500021413755
  year_built: 0.00045874496318523613
  zones_acres: -1.4773937528826171e-05
  zones_employment: -1.488739640872452e-06
  zones_logsum_job_high_income: 4.166932358735712e-06
  zones_logsum_job_low_income: -9.244828179528764e-06
  zones_logsum_pop_high_income: -1.3375324229478758e-06
  zones_logsum_pop_low_income: 2.0302417014395093e-06
  zones_population: 7.103066920411493e-06
  zones_z_total_jobs: -2.7841100085047433e-09
sample_size: 435
score: 0.3492901124119302
