fit_filters:
- non_residential_sqft > 0
- sqft_price_nonres > 1
- sqft_price_nonres < 650
- hedonic_id == 9323
model_expression:
  left_side: np.log1p(sqft_price_nonres)
model_type: Regression
name: RegressionModel
predict_filters: hedonic_id == 9323
ytransform: np.exp
coef:
  b_total_jobs: 0.00031994215073713163
  building_age: -0.0017197159363004039
  building_sqft: 6.058249174762855e-06
  crime_other_rate: 5.419100433033382e-05
  crime_ucr_rate: 9.532362512289475e-05
  jobs_non_home_based: 3.0468474559468284e-17
  jobs_within_30_min: -6.253841950129884e-07
  land_area: -1.918303563094515e-05
  nodes_walk_ave_nonres_sqft_price: 0.0004749141962898233
  nodes_walk_ave_unit_sqft: 7.794408381039697e-05
  nodes_walk_households: -0.00036648040962408804
  nodes_walk_housing_cost: -8.730301808830261e-07
  nodes_walk_industrial: -0.0010243649898066434
  nodes_walk_jobs: 9.372707478882926e-05
  nodes_walk_medical: 0.0008581734073914727
  nodes_walk_node_r1500_sqft: -1.1256493290925933e-08
  nodes_walk_office: 0.005281065725582113
  nodes_walk_retail: 0.0005952713119110768
  nodes_walk_retail_jobs: 0.0001554360837223034
  parcel_sqft: -5.25743227359474e-07
  parcels_ave_unit_size: 3.851165656486478e-05
  parcels_landvalue: 6.852626242472526e-07
  parcels_zones_employment: -1.0703976479417316e-05
  parcels_zones_households: 3.15165464628897e-06
  parcels_zones_jobs_within_30_min: -1.3941401857708467e-06
  parcels_zones_logsum_job_high_income: 3.6406152182161538e-06
  parcels_zones_logsum_job_low_income: -1.116061366976799e-05
  parcels_zones_logsum_pop_high_income: -1.120922206357214e-06
  parcels_zones_logsum_pop_low_income: 2.7170310409583326e-06
  residential_sqft: 0.0003682584888490148
  vacant_job_spaces: -0.0013944710595805182
  year_built: 0.0002450214821989636
  zones_acres: -6.636633814610233e-06
  zones_logsum_job_high_income: 3.588874914361286e-06
  zones_logsum_job_low_income: -1.0938891279518392e-05
  zones_logsum_pop_high_income: -8.991060242741354e-07
  zones_logsum_pop_low_income: 2.8510312384712166e-06
sample_size: 435
score: 0.36965655415593524
