fit_filters:
- non_residential_sqft > 0
- sqft_price_nonres > 1
- sqft_price_nonres < 650
- hedonic_id == 12521
model_expression:
  left_side: np.log1p(sqft_price_nonres)
model_type: Regression
name: RegressionModel
predict_filters: hedonic_id == 12521
ytransform: np.exp
coef:
  building_sqft: 4.792637454013447e-06
  crime_other_rate: 3.719239145846662e-07
  crime_ucr_rate: -9.450385751503928e-05
  jobs_within_30_min: -4.986746059069976e-08
  land_area: -3.5816282680335334e-06
  nodes_walk_ave_nonres_sqft_price: 0.0020586448839510635
  nodes_walk_ave_unit_sqft: -1.3268435531665807e-07
  nodes_walk_housing_cost: 2.05652953007993e-07
  nodes_walk_industrial: -0.0001292200012907635
  nodes_walk_jobs: 2.76762812313415e-05
  nodes_walk_medical: 0.00044207537466141084
  nodes_walk_node_r1500_sqft: 6.18273273481408e-09
  nodes_walk_population: 4.930043431938341e-05
  nodes_walk_race_2_hhs: 6.391013542390335e-05
  nodes_walk_retail: 0.0061244611998251515
  nodes_walk_retail_jobs: 0.0003060893507903166
  parcel_sqft: 4.778602537752193e-07
  parcels_ave_unit_size: -3.7593208449772714e-06
  parcels_parcel_size: -6.481019993843081e-07
  parcels_pct_undev: 0.00046174642424723713
  parcels_total_sqft: -3.463547288839858e-06
  parcels_zones_employment: -1.3198144614976782e-05
  parcels_zones_jobs_within_30_min: -4.692583495762938e-09
  parcels_zones_logsum_job_high_income: -1.7320469364721435e-08
  parcels_zones_logsum_job_low_income: 1.140477324504777e-07
  parcels_zones_logsum_pop_high_income: 2.0978882235688642e-08
  parcels_zones_logsum_pop_low_income: -1.4389795485829494e-08
  parcels_zones_population: 5.097398426206517e-09
  parcels_zones_retail_jobs: -4.8898782391124305e-05
  parcels_zones_transit_jobs_30min: 9.73009467613079e-07
  parcels_zones_transit_jobs_50min: 3.828248590614286e-10
  parcels_zones_z_total_jobs: -5.452326931818984e-06
  residential_sqft: 3.9872228487361044e-05
  sqft_per_unit: 0.0002370911030764133
  vacant_job_spaces: -0.0030253547738109308
  year_built: 0.004087038064886872
  zones_acres: -1.3253214874865905e-05
  zones_employment: -1.3892221905301484e-06
  zones_logsum_job_high_income: -2.274612340102875e-10
  zones_logsum_job_low_income: 9.78073948214615e-08
  zones_logsum_pop_high_income: -3.2024142587829694e-09
  zones_logsum_pop_low_income: -1.0001412709084546e-07
  zones_population: 1.0767006705809983e-08
  zones_retail_jobs: -8.472662471869014e-06
  zones_transit_jobs_50min: 1.8593791021418393e-11
  zones_z_total_jobs: -2.3514936431504994e-07
sample_size: 6027
score: 0.33954984038530667
