fit_filters:
- non_residential_sqft > 0
- sqft_price_nonres > 1
- sqft_price_nonres < 650
- hedonic_id == 12511
model_expression:
  left_side: np.log1p(sqft_price_nonres)
model_type: Regression
name: RegressionModel
predict_filters: hedonic_id == 12511
ytransform: np.exp
coef:
  building_sqft: 1.1480994694102305e-06
  crime_other_rate: 0.0008833201433034661
  crime_ucr_rate: -0.0001861601456931184
  job_spaces: -0.003306450906457015
  jobs_within_30_min: -3.047694167777181e-06
  land_area: 2.3963607604831874e-06
  nodes_walk_ave_unit_sqft: 2.899540399825528e-05
  nodes_walk_highinc_hhs: 0.020379200084738633
  nodes_walk_housing_cost: 4.156278430930089e-06
  nodes_walk_industrial: 0.004672743798061682
  nodes_walk_jobs: 0.00039108540885306924
  nodes_walk_medical: 0.004955419400186684
  nodes_walk_node_r1500_sqft: -1.450176923764722e-07
  nodes_walk_office: 0.004754248997224557
  nodes_walk_population: -0.005933775505974126
  nodes_walk_race_1_hhs: -1.883497633674872e-05
  nodes_walk_race_3_hhs: 0.05095195034893631
  nodes_walk_race_4_hhs: -0.010054657527382448
  nodes_walk_residential: 0.0044040655027739765
  nodes_walk_retail: -0.003076675154656979
  nodes_walk_retail_jobs: 0.0009407704421467093
  non_residential_units: -1.9791382666898456e-16
  parcel_sqft: -1.6891248521152956e-06
  parcels_ave_unit_size: 0.00014515828140554185
  parcels_landvalue: 3.543479567011005e-07
  parcels_total_sqft: 1.7965183793656319e-06
  parcels_zones_employment: 8.451478338939397e-05
  parcels_zones_households: -0.0010450873077836233
  parcels_zones_jobs_within_30_min: -1.3327264802856626e-06
  parcels_zones_logsum_job_high_income: -3.3042381669315946e-06
  parcels_zones_logsum_job_low_income: -1.5357052075282355e-06
  parcels_zones_logsum_pop_high_income: 3.2052922605356136e-06
  parcels_zones_logsum_pop_low_income: 2.7180466503921382e-06
  parcels_zones_population: -5.6979731092555064e-05
  parcels_zones_retail_jobs: -0.0014631561952044233
  parcels_zones_transit_jobs_30min: -7.72792571575928e-05
  parcels_zones_transit_jobs_50min: 7.643065377106042e-06
  zones_acres: -0.0001929835620538044
  zones_logsum_job_high_income: -1.9982972954796002e-06
  zones_logsum_job_low_income: -1.9703168259147646e-06
  zones_logsum_pop_high_income: 1.295414249699103e-06
  zones_logsum_pop_low_income: 1.4127896867392445e-06
  zones_retail_jobs: -8.871028268042609e-05
  zones_transit_jobs_30min: -4.273493388910441e-05
  zones_transit_jobs_50min: 4.613726884109118e-06
sample_size: 42
score: 0.9759532915236535
