fit_filters:
- non_residential_sqft > 0
- sqft_price_nonres > 1
- sqft_price_nonres < 650
- hedonic_id == 321
model_type: regression
name: RegressionModel
predict_filters: hedonic_id == 321
target_variable: np.log1p(sqft_price_nonres)
ytransform: np.exp
fit_parameters:
  Coefficient:
    Intercept: -7.775603236826382
    building_age: -1.7844473736632558e-05
    building_sqft: 4.760204882593343e-06
    crime_other_rate: 3.9656177957466886e-05
    crime_ucr_rate: -0.00016540376955686485
    jobs_within_30_min: -4.849128282138381e-09
    land_area: -5.142040398692854e-06
    nodes_walk_ave_nonres_sqft_price: 0.00020216854440463757
    nodes_walk_highinc_hhs: 0.00040208583242575186
    nodes_walk_households: 0.0001552683751385545
    nodes_walk_housing_cost: 6.115212928573573e-07
    nodes_walk_jobs: 0.00010732413260971144
    nodes_walk_lowinc_hhs: -0.0001141794393809911
    nodes_walk_medical: 0.0002672755801418103
    nodes_walk_midinc_hhs: 5.547214301250795e-05
    nodes_walk_node_r1500_sqft: -5.50910557509101e-10
    nodes_walk_office: 0.00025734241598413405
    nodes_walk_race_1_hhs: 0.00011995034338694932
    nodes_walk_retail: 0.007248273201296803
    nodes_walk_retail_jobs: 0.0002053437128925988
    parcel_sqft: 3.725746333447788e-07
    parcels_parcel_size: -2.3973134755210164e-07
    parcels_pct_undev: 0.0011011605382470276
    parcels_total_sqft: -4.36073815330557e-06
    parcels_zones_jobs_within_30_min: 3.5864246509642627e-08
    residential_sqft: 5.162398074158712e-06
    sqft_per_unit: 0.00022727205797488646
    vacant_job_spaces: -0.0015335275497476888
    year_built: 0.005633372489764857
    zones_employment: 9.593353551433817e-06
    zones_households: -5.302845510129054e-05
    zones_logsum_job_high_income: -4.0239251114352205e-08
    zones_logsum_job_low_income: -2.1154692195887924e-07
    zones_logsum_job_mid_income: 6.563481534454417e-08
    zones_logsum_pop_high_income: 3.5355721856701024e-08
    zones_logsum_pop_low_income: 1.651981208245418e-07
    zones_logsum_pop_mid_income: -7.952071202407237e-08
    zones_population: 3.269321594262692e-05
    zones_retail_jobs: 0.00012187976862801225
    zones_transit_jobs_30min: 7.156860562284251e-06
    zones_transit_jobs_50min: -9.95963715730002e-07
    zones_z_total_jobs: 1.6901434946173195e-06
fit_rsquared: 0.3833029725943192
fit_rsquared_adj: 0.3833029725943192
fitted: true
model_expression:
  left_side: np.log1p(sqft_price_nonres)
  right_side:
  - year_built
  - sqft_per_unit
  - land_area
  - residential_sqft
  - building_sqft
  - jobs_within_30_min
  - vacant_job_spaces
  - parcel_sqft
  - crime_ucr_rate
  - crime_other_rate
  - building_age
  - parcels_pct_undev
  - parcels_parcel_size
  - parcels_total_sqft
  - parcels_zones_jobs_within_30_min
  - zones_households
  - zones_population
  - zones_employment
  - zones_retail_jobs
  - zones_logsum_pop_high_income
  - zones_logsum_pop_mid_income
  - zones_logsum_pop_low_income
  - zones_logsum_job_high_income
  - zones_logsum_job_mid_income
  - zones_logsum_job_low_income
  - zones_z_total_jobs
  - zones_transit_jobs_50min
  - zones_transit_jobs_30min
  - nodes_walk_households
  - nodes_walk_midinc_hhs
  - nodes_walk_lowinc_hhs
  - nodes_walk_highinc_hhs
  - nodes_walk_race_1_hhs
  - nodes_walk_jobs
  - nodes_walk_retail_jobs
  - nodes_walk_node_r1500_sqft
  - nodes_walk_ave_nonres_sqft_price
  - nodes_walk_retail
  - nodes_walk_office
  - nodes_walk_medical
  - nodes_walk_housing_cost
sample_size: 6240
