fit_filters:
- non_residential_sqft > 0
- sqft_price_nonres > 1
- sqft_price_nonres < 650
- hedonic_id == 16133
model_expression:
  left_side: np.log1p(sqft_price_nonres)
model_type: Regression
name: RegressionModel
predict_filters: hedonic_id == 16133
ytransform: np.exp
coef:
  b_total_jobs: 0.0030451578425325686
  building_age: -0.00015893023612622624
  building_sqft: 2.126573896762597e-06
  crime_other_rate: 0.0004505585207034395
  crime_ucr_rate: -0.001416363900190124
  jobs_non_home_based: 2.3776791689252217e-16
  jobs_within_30_min: -2.8037653472386227e-06
  land_area: -4.37652087147119e-06
  nodes_walk_ave_nonres_sqft_price: 0.0029029919486687934
  nodes_walk_housing_cost: 7.126605173145262e-06
  nodes_walk_industrial: 0.002721173443938005
  nodes_walk_jobs: -0.000288994525810889
  nodes_walk_lowinc_hhs: 0.0028879316273515477
  nodes_walk_max_office_far: -0.0005053207309775853
  nodes_walk_medical: -0.0010346604300728998
  nodes_walk_node_r1500_sqft: 1.4960023966552628e-08
  nodes_walk_office: -0.00018941578515647167
  nodes_walk_population: -0.000695083530281041
  nodes_walk_race_2_hhs: -0.0021244582693051802
  nodes_walk_residential: -0.002517431702296742
  nodes_walk_retail: -7.633503475064016e-05
  nodes_walk_retail_jobs: 0.0014211418598733291
  parcel_sqft: -6.748130924374362e-07
  parcels_ave_unit_size: -0.00020529148394793107
  parcels_total_sqft: 2.151193513993492e-06
  parcels_zones_employment: 4.36952773205063e-05
  parcels_zones_jobs_within_30_min: -2.0909026393692066e-09
  parcels_zones_logsum_job_high_income: -7.210889069779192e-07
  parcels_zones_logsum_job_low_income: 4.487182311263524e-07
  parcels_zones_logsum_pop_high_income: 1.0001260054387444e-06
  parcels_zones_logsum_pop_low_income: 4.3486475099070603e-07
  parcels_zones_population: 2.636478517935865e-05
  parcels_zones_retail_jobs: 0.0012294937860169342
  parcels_zones_transit_jobs_30min: 2.307995840042433e-05
  parcels_zones_transit_jobs_50min: -6.1963969828466144e-06
  parcels_zones_z_total_jobs: 1.1086688820447336e-05
  school_district_achievement: -0.0031435886952309207
  year_built: 0.005706438503641333
  zones_acres: -0.00016316077567270226
  zones_employment: 6.019445081240439e-06
  zones_logsum_job_high_income: -4.186274258439186e-07
  zones_logsum_job_low_income: 3.601545316874591e-07
  zones_logsum_pop_high_income: 3.05677712906045e-07
  zones_logsum_pop_low_income: -5.28141567809481e-07
  zones_population: 1.4019817421923465e-06
  zones_transit_jobs_30min: 1.764678676255031e-05
  zones_transit_jobs_50min: -5.8207568479592005e-06
  zones_z_total_jobs: 4.3164467487272545e-06
sample_size: 122
score: 0.7558017632572608
