fit_filters:
- non_residential_sqft > 0
- sqft_price_nonres > 1
- sqft_price_nonres < 650
- hedonic_id == 63
model_expression:
  left_side: np.log1p(sqft_price_nonres)
model_type: Regression
name: RegressionModel
predict_filters: hedonic_id == 63
ytransform: np.exp
coef:
  Intercept: -5.892551651497545
  building_age: -9.607687154198852e-06
  building_sqft: 1.1373864498861118e-06
  crime_other_rate: 6.448923304130529e-05
  crime_ucr_rate: 0.0002970425608830447
  jobs_within_30_min: 6.425607017865413e-07
  land_area: 2.5438657870679713e-07
  nodes_walk_ave_nonres_sqft_price: 0.014927912748987913
  nodes_walk_ave_unit_sqft: -4.3014789094342855e-06
  nodes_walk_hhs_with_children: 0.0008028597323412854
  nodes_walk_households: -0.00045417014835807566
  nodes_walk_housing_cost: -1.2657873925889137e-06
  nodes_walk_industrial: 0.0027344761955751615
  nodes_walk_jobs: 4.4353062067043725e-05
  nodes_walk_lowinc_hhs: 0.00043870944895593473
  nodes_walk_max_office_far: 0.00021362403121441144
  nodes_walk_medical: -0.001158252882084364
  nodes_walk_midinc_hhs: -0.0001705650500588493
  nodes_walk_node_r1500_sqft: -7.299634884248591e-09
  nodes_walk_office: -0.0005731177380246227
  nodes_walk_population: 0.0003864371120101537
  nodes_walk_race_1_hhs: -0.0006118717955592069
  nodes_walk_retail: -0.0026688125954911187
  nodes_walk_retail_jobs: -0.00028776660055011155
  parcel_sqft: 1.1325015648415864e-07
  parcels_ave_unit_size: -2.970599142079072e-05
  parcels_total_job_spaces: 0.0012282105635177763
  parcels_total_sqft: -4.660570908281377e-06
  parcels_zones_employment: 7.611870463134582e-08
  parcels_zones_households: 0.0004969283020074432
  parcels_zones_jobs_within_30_min: -9.270396747497786e-08
  parcels_zones_logsum_job_high_income: 1.7046219354535686e-07
  parcels_zones_logsum_job_low_income: 8.016311883668559e-09
  parcels_zones_logsum_pop_high_income: -2.851753437745194e-07
  parcels_zones_logsum_pop_low_income: -2.2437665810693566e-07
  parcels_zones_population: -0.00019645176714346352
  parcels_zones_retail_jobs: 9.521977609233268e-05
  parcels_zones_transit_jobs_30min: 3.002453940165958e-06
  parcels_zones_transit_jobs_50min: 2.908467161352667e-07
  parcels_zones_z_total_jobs: 1.7837907415212793e-05
  residential_sqft: -0.00019926728269056566
  school_district_achievement: 0.008693160255839827
  sqft_per_unit: 0.0012291626682137673
  vacant_job_spaces: -0.0003639844992749345
  year_built: 0.004352223466443472
  zones_acres: -9.458909897656268e-07
  zones_employment: 2.1661219339600725e-07
  zones_households: 0.00040042550932936405
  zones_logsum_job_high_income: 3.0135105597502105e-08
  zones_logsum_job_low_income: 2.109293730958777e-08
  zones_logsum_pop_high_income: -4.9937729695035303e-08
  zones_logsum_pop_low_income: -6.285395684563053e-08
  zones_population: -0.00018155338629146186
  zones_retail_jobs: 0.00013969561242344468
  zones_transit_jobs_30min: 9.91517450877834e-07
  zones_transit_jobs_50min: 7.031678864432475e-08
  zones_z_total_jobs: 1.6197452854799962e-11
sample_size: 1475
score: 0.6717905437996357
