fit_filters:
- non_residential_sqft > 0
- sqft_price_nonres > 1
- sqft_price_nonres < 650
- hedonic_id == 365
model_expression:
  left_side: np.log1p(sqft_price_nonres)
model_type: Regression
name: RegressionModel
predict_filters: hedonic_id == 365
ytransform: np.exp
coef:
  Intercept: -10.183452026793024
  b_total_jobs: 0.001752639652675724
  building_age: -0.0001547767878460892
  building_sqft: 1.4793712597172897e-05
  crime_other_rate: 2.7525519814899017e-06
  crime_ucr_rate: -0.00011277947615985509
  jobs_within_30_min: -3.764792731114745e-08
  land_area: -1.6771821950805056e-05
  nodes_walk_ave_nonres_sqft_price: 0.0061721049083653156
  nodes_walk_ave_unit_sqft: -2.101833909809638e-06
  nodes_walk_households: -0.00014739668839240173
  nodes_walk_housing_cost: -1.9963797649139383e-06
  nodes_walk_industrial: 0.0010886905820326313
  nodes_walk_jobs: 9.212626410756158e-05
  nodes_walk_node_r1500_sqft: -3.2761929929692756e-09
  nodes_walk_population: -2.2687144711974257e-06
  nodes_walk_race_3_hhs: -0.0004896594668670001
  nodes_walk_residential: 0.0003722053083820262
  nodes_walk_retail_jobs: 1.4285989130995367e-06
  parcel_sqft: -8.383094674415384e-08
  parcels_total_job_spaces: 0.0016532643237804673
  parcels_total_sqft: -5.264999669877248e-06
  parcels_zones_employment: 1.6450636127455382e-05
  parcels_zones_jobs_within_30_min: 7.382672270508284e-08
  parcels_zones_logsum_job_high_income: 8.641959096528392e-08
  parcels_zones_logsum_job_low_income: -8.134795169963676e-08
  parcels_zones_logsum_pop_high_income: -5.986857393134395e-08
  parcels_zones_logsum_pop_low_income: 5.5358394342629934e-08
  parcels_zones_population: -3.540412474745479e-06
  parcels_zones_retail_jobs: -5.056990119353251e-05
  parcels_zones_transit_jobs_30min: 6.158647726595225e-07
  parcels_zones_transit_jobs_50min: 1.0530879182607404e-06
  parcels_zones_z_total_jobs: 6.123615762074634e-06
  residential_sqft: 0.00012438770203025798
  vacant_job_spaces: -0.005399795570780915
  year_built: 0.007368136816034589
  zones_acres: -0.00015615011773477703
  zones_employment: 6.067885205369088e-06
  zones_logsum_job_high_income: 1.247918235834604e-07
  zones_logsum_job_low_income: -1.0080200965153508e-07
  zones_logsum_pop_high_income: -7.947983239909341e-08
  zones_logsum_pop_low_income: -3.9529272629061416e-08
  zones_population: -6.741099062851466e-07
  zones_retail_jobs: -2.1626787409009007e-05
  zones_transit_jobs_30min: 3.6196907588057925e-07
  zones_transit_jobs_50min: 6.777393462555891e-07
  zones_z_total_jobs: 1.0519714676868336e-06
sample_size: 1431
score: 0.424378345138556
