fit_filters:
- non_residential_sqft > 0
- sqft_price_nonres > 1
- sqft_price_nonres < 650
- hedonic_id == 11523
model_expression:
  left_side: np.log1p(sqft_price_nonres)
model_type: Regression
name: RegressionModel
predict_filters: hedonic_id == 11523
ytransform: np.exp
coef:
  b_total_jobs: 0.0019658123110230957
  building_age: -9.532333078749472e-06
  building_sqft: 1.1365239921139381e-05
  crime_other_rate: 5.3501779866183704e-05
  crime_ucr_rate: 0.00019331007471819786
  jobs_non_home_based: 3.0645366732651727e-16
  jobs_within_30_min: 9.392192916552782e-07
  land_area: -5.329395427184536e-06
  nodes_walk_ave_nonres_sqft_price: 0.0021221425202296736
  nodes_walk_ave_unit_sqft: 3.936792534699773e-05
  nodes_walk_hhs_with_children: 0.001447634250965174
  nodes_walk_housing_cost: -3.940804507839223e-06
  nodes_walk_industrial: 0.0007115765898605121
  nodes_walk_jobs: 0.00011962315958821012
  nodes_walk_medical: 0.001171067169977426
  nodes_walk_node_r1500_sqft: 5.114015750006732e-09
  nodes_walk_office: 0.008228187607594287
  nodes_walk_population: 1.395054110133974e-05
  nodes_walk_retail_jobs: -0.0003328942112370986
  parcel_sqft: 8.94275619226006e-07
  parcels_ave_unit_size: 4.0814412453479484e-06
  parcels_parcel_size: -9.573845908203956e-07
  parcels_total_sqft: -1.3431694413307966e-05
  parcels_zones_logsum_job_high_income: 2.7201322004952584e-06
  parcels_zones_logsum_job_low_income: 4.7069287869259973e-07
  parcels_zones_logsum_pop_high_income: -1.704454571461749e-06
  parcels_zones_logsum_pop_low_income: -3.0687144476513064e-06
  parcels_zones_population: -4.4993446237447283e-05
  parcels_zones_transit_jobs_30min: -1.222430970458672e-05
  parcels_zones_transit_jobs_50min: 1.2302774372887903e-07
  parcels_zones_z_total_jobs: 4.833384643689018e-06
  residential_sqft: -1.4495035089089545e-05
  sqft_per_unit: 0.00018726813201987806
  vacant_job_spaces: -0.000976586081615223
  year_built: 0.0012116079763223014
  zones_acres: -8.69173759131675e-06
  zones_employment: 1.599848329974225e-05
  zones_logsum_job_high_income: 1.8245378940005106e-06
  zones_logsum_job_low_income: 1.748948998214931e-06
  zones_logsum_pop_high_income: -6.804238420817865e-07
  zones_logsum_pop_low_income: -1.4445334155017701e-06
  zones_population: -3.6196936170294216e-05
  zones_transit_jobs_30min: -2.9521928075620883e-07
  zones_transit_jobs_50min: 5.361618360827859e-07
  zones_z_total_jobs: 3.063751494736567e-05
sample_size: 395
score: 0.5405511020498757
