fit_filters:
- non_residential_sqft > 0
- sqft_price_nonres > 1
- sqft_price_nonres < 650
- hedonic_id == 11565
model_type: regression
name: RegressionModel
predict_filters: hedonic_id == 11565
target_variable: np.log1p(sqft_price_nonres)
ytransform: np.exp
fit_parameters:
  Coefficient:
    Intercept: -5.225737078048366
    b_total_jobs: 2.1815151520253826e-05
    building_sqft: 6.684412063453513e-05
    crime_other_rate: 0.00013657016313766367
    jobs_non_home_based: 2.1895627624523895e-17
    jobs_within_30_min: -1.922824770560959e-07
    land_area: -6.542674975438908e-06
    nodes_walk_ave_nonres_sqft_price: 0.010016105906109815
    nodes_walk_housing_cost: -9.308551370537367e-06
    nodes_walk_industrial: 0.0004598137092401471
    nodes_walk_jobs: 0.0003259980751013396
    nodes_walk_medical: -0.0012354705938118584
    nodes_walk_node_r1500_sqft: 2.7503549508609925e-09
    nodes_walk_office: 0.0001227477637524896
    nodes_walk_population: 0.00048507610680076585
    nodes_walk_residential: 0.001029168383576624
    nodes_walk_retail: -0.0022870483644536234
    nodes_walk_retail_jobs: 0.0003272767515239064
    parcel_sqft: 9.121906775083339e-08
    parcels_ave_unit_size: 2.4720907041761517e-06
    parcels_parcel_size: 1.6150035032650588e-07
    parcels_total_sqft: -2.1624079659928114e-05
    parcels_zones_jobs_within_30_min: 4.809083470172482e-07
    vacant_job_spaces: -0.01827611187225682
    year_built: 0.004919882095461533
    zones_acres: -8.343221654910793e-06
    zones_employment: 0.00012685254220184115
    zones_households: 0.0004626352133862741
    zones_logsum_job_high_income: -5.138684926038928e-06
    zones_logsum_job_low_income: 6.675337520213599e-06
    zones_logsum_job_mid_income: -1.5137141297078207e-06
    zones_logsum_pop_high_income: 2.05899176313081e-06
    zones_logsum_pop_low_income: 3.335429570454773e-06
    zones_logsum_pop_mid_income: -7.713162854682319e-07
    zones_population: -0.00024773562153390845
    zones_retail_jobs: -8.283783649255936e-05
    zones_transit_jobs_30min: -0.00041220991155680614
    zones_transit_jobs_50min: -9.460642748543265e-05
fit_rsquared: 0.6577933141484615
fitted: true
sample_size: 202
