fit_filters:
- non_residential_sqft > 0
- sqft_price_nonres > 1
- sqft_price_nonres < 650
- hedonic_id == 9911
model_expression:
  left_side: np.log1p(sqft_price_nonres)
model_type: Regression
name: RegressionModel
predict_filters: hedonic_id == 9911
ytransform: np.exp
coef:
  building_sqft: -1.5492037111356407e-05
  crime_other_rate: 0.00045666867315885697
  jobs_within_30_min: 2.7106816680124714e-06
  land_area: 2.2098439183843288e-06
  nodes_walk_housing_cost: 9.520572298905005e-06
  nodes_walk_jobs: 0.0005733036305865693
  nodes_walk_node_r1500_sqft: 4.782399390732408e-07
  parcel_sqft: -2.7417965509004004e-06
  parcels_landvalue: -2.597855745467604e-06
  parcels_total_sqft: 1.4606729668492401e-05
  parcels_zones_employment: 0.00020142969172972844
  parcels_zones_jobs_within_30_min: 7.955147250906626e-07
  parcels_zones_logsum_job_high_income: -3.415438436335729e-07
  parcels_zones_logsum_job_low_income: 3.654271338697938e-07
  parcels_zones_logsum_pop_high_income: -1.984617378144648e-06
  parcels_zones_logsum_pop_low_income: 4.50552672567097e-07
  parcels_zones_population: 0.0003001096924484922
  parcels_zones_transit_jobs_30min: -0.0003400962508085986
  parcels_zones_transit_jobs_50min: 1.1574290022756548e-05
  parcels_zones_z_total_jobs: 0.00011584101345118014
  zones_acres: -0.00011233003329115841
  zones_employment: 2.0857834043034314e-05
  zones_logsum_job_high_income: 4.040583642383147e-09
  zones_logsum_job_low_income: 2.806328305105686e-07
  zones_logsum_pop_high_income: -9.448170363513979e-07
  zones_logsum_pop_low_income: 2.900456014586165e-07
  zones_population: 7.724835784290978e-07
  zones_transit_jobs_30min: -0.0002545765204821627
  zones_transit_jobs_50min: 1.3339703586798236e-05
  zones_z_total_jobs: 1.9863741519019535e-07
sample_size: 15
score: 0.9999888494267993
