fit_filters:
- non_residential_sqft > 0
- sqft_price_nonres > 1
- sqft_price_nonres < 650
- hedonic_id == 16171
model_expression:
  left_side: np.log1p(sqft_price_nonres)
model_type: Regression
name: RegressionModel
predict_filters: hedonic_id == 16171
ytransform: np.exp
coef:
  building_sqft: -5.723723644890387e-06
  crime_other_rate: -0.00021970929913813273
  crime_ucr_rate: 0.00021884473021667003
  jobs_within_30_min: -8.727143622656585e-06
  land_area: -2.7350852267382722e-05
  nodes_walk_ave_nonres_sqft_price: 0.02375440818221785
  nodes_walk_ave_unit_sqft: -0.00024100691372740303
  nodes_walk_housing_cost: 1.650049058778735e-05
  nodes_walk_jobs: -0.00392479383764672
  nodes_walk_node_r1500_sqft: 4.0998374153270064e-08
  nodes_walk_office: -0.017102146416030098
  nodes_walk_residential: -0.0030444728366151833
  nodes_walk_retail: 0.0026947368612568333
  nodes_walk_retail_jobs: 0.0324797868500569
  parcel_sqft: -1.7888910785197387e-07
  parcels_ave_unit_size: -0.0002903690765070131
  parcels_landvalue: 2.0185844939982025e-06
  parcels_total_sqft: -1.1415118347459037e-05
  parcels_zones_employment: -0.00023863819383874513
  parcels_zones_households: -0.00255504884127754
  parcels_zones_jobs_within_30_min: -4.6067675472480546e-07
  parcels_zones_logsum_job_high_income: 2.7523497143266104e-06
  parcels_zones_logsum_job_low_income: 3.214702845783785e-06
  parcels_zones_logsum_pop_high_income: 2.191440577407129e-06
  parcels_zones_logsum_pop_low_income: -1.8175609737708326e-06
  parcels_zones_population: 0.0005633491873831787
  parcels_zones_retail_jobs: 0.008977551056701732
  parcels_zones_z_total_jobs: -4.928936196294447e-05
  zones_acres: -1.612265431381715e-05
  zones_employment: -0.00032448211201988335
  zones_households: -0.001344266510902301
  zones_logsum_job_high_income: 2.8264893247432555e-06
  zones_logsum_job_low_income: 3.0253680316779534e-06
  zones_logsum_pop_high_income: -1.6249327772644694e-06
  zones_logsum_pop_low_income: -1.9804354840921577e-06
  zones_population: 0.0006296952984397938
  zones_z_total_jobs: -1.838981869286624e-05
sample_size: 34
score: 0.950366116488556
