fit_filters:
- non_residential_sqft > 0
- sqft_price_nonres > 1
- sqft_price_nonres < 650
- hedonic_id == 11523
model_expression:
  left_side: np.log1p(sqft_price_nonres)
model_type: Regression
name: RegressionModel
predict_filters: hedonic_id == 11523
ytransform: np.exp
coef:
  Intercept: 2.631935488038674
  b_total_jobs: 0.0022377075650653936
  building_age: -0.0006766688717559121
  building_sqft: 1.037356353459963e-05
  crime_other_rate: 6.275357586245614e-05
  crime_ucr_rate: 0.00019974315898960962
  jobs_non_home_based: 3.5471785837794136e-16
  jobs_within_30_min: 1.0581882388729274e-06
  land_area: -9.016449479470858e-06
  nodes_walk_ave_nonres_sqft_price: 0.0026199198965832808
  nodes_walk_ave_unit_sqft: 4.47730457760615e-05
  nodes_walk_hhs_with_children: 0.0013853667069403065
  nodes_walk_housing_cost: -4.2187069802549335e-06
  nodes_walk_industrial: 0.0010241743792339035
  nodes_walk_jobs: 0.00011178164129537613
  nodes_walk_medical: 0.0010279796106447971
  nodes_walk_node_r1500_sqft: 4.578000140780695e-09
  nodes_walk_office: 0.008198888304297049
  nodes_walk_retail_jobs: -0.0003790814023657274
  parcel_sqft: 9.717426544284092e-08
  parcels_ave_unit_size: 4.40225012659087e-06
  parcels_total_sqft: -1.2111673631415299e-05
  parcels_zones_jobs_within_30_min: 1.239586191298604e-07
  parcels_zones_logsum_job_high_income: 2.805482970304024e-06
  parcels_zones_logsum_job_low_income: 8.180664129397409e-07
  parcels_zones_logsum_pop_high_income: -1.7790637771432657e-06
  parcels_zones_logsum_pop_low_income: -3.1988945039773516e-06
  parcels_zones_population: -4.6428293109886457e-05
  parcels_zones_transit_jobs_30min: -1.6711813877887136e-05
  parcels_zones_transit_jobs_50min: 4.9600974105105116e-09
  parcels_zones_z_total_jobs: 8.654286047260103e-06
  residential_sqft: -1.3600629392657973e-05
  sqft_per_unit: 0.000188303380597102
  year_built: 0.0005189286059094787
  zones_acres: -8.391852462125649e-06
  zones_employment: 2.328288774641352e-05
  zones_logsum_job_high_income: 1.9066914389107787e-06
  zones_logsum_job_low_income: 2.1057735395488355e-06
  zones_logsum_pop_high_income: -7.377713503199855e-07
  zones_logsum_pop_low_income: -1.5701411931712345e-06
  zones_population: -3.762756205231632e-05
  zones_transit_jobs_30min: -2.3830712113587484e-07
  zones_transit_jobs_50min: 6.2454962533966625e-09
  zones_z_total_jobs: 2.7577514066939265e-05
sample_size: 395
score: 0.5366565720434235
