fit_filters:
- non_residential_sqft > 0
- sqft_price_nonres > 1
- sqft_price_nonres < 650
- hedonic_id == 565
model_expression:
  left_side: np.log1p(sqft_price_nonres)
model_type: Regression
name: RegressionModel
predict_filters: hedonic_id == 565
ytransform: np.exp
coef:
  b_total_jobs: 0.00797462059736451
  building_age: -9.498897165145021e-05
  building_sqft: -4.146835117314317e-05
  crime_other_rate: 1.2153940511381248e-05
  crime_ucr_rate: 2.628570038633035e-05
  jobs_non_home_based: 9.282461766780969e-17
  land_area: 2.2779379825390175e-05
  nodes_walk_ave_nonres_sqft_price: 0.009802676985227226
  nodes_walk_ave_unit_sqft: 1.508721524265023e-05
  nodes_walk_housing_cost: -9.055732480506667e-07
  nodes_walk_jobs: -5.6749781963788326e-05
  nodes_walk_medical: 0.0013427046289651086
  nodes_walk_midinc_hhs: 0.0014816902636041146
  nodes_walk_node_r1500_sqft: 4.5909079026371074e-08
  nodes_walk_population: -0.00038916237014860016
  nodes_walk_race_1_hhs: -9.868005175987462e-05
  nodes_walk_race_2_hhs: 0.00016280170428527345
  nodes_walk_race_4_hhs: 0.0016627294525622459
  nodes_walk_residential: -0.000638858922609943
  nodes_walk_retail_jobs: 0.002201655305554159
  parcel_sqft: 1.7217955820108186e-05
  parcels_ave_unit_size: 2.632701710674576e-05
  parcels_landvalue: 6.055229495480651e-09
  parcels_total_sqft: -1.8551501510498588e-05
  parcels_zones_empden: -1.5951384817626027e-05
  parcels_zones_households: -0.00023237424739884556
  parcels_zones_jobs_within_30_min: 6.911262400016492e-08
  parcels_zones_logsum_job_high_income: -7.844878598146175e-08
  parcels_zones_logsum_job_low_income: 1.6780895491557455e-08
  parcels_zones_logsum_pop_high_income: 1.1183896684168631e-07
  parcels_zones_logsum_pop_low_income: -7.590664991965385e-09
  parcels_zones_population: 6.758226804729522e-05
  parcels_zones_retail_jobs: 0.00035019030475177856
  parcels_zones_transit_jobs_30min: 2.5425952827736236e-06
  parcels_zones_transit_jobs_50min: 2.891392695253284e-07
  residential_sqft: 0.00017416465366060864
  sqft_per_unit: -7.26187392127417e-05
  year_built: 0.018580186324718702
  zones_acres: -8.951755794503466e-05
  zones_empden: -0.0007437100609136021
  zones_households: -0.00011242127678192236
  zones_logsum_job_high_income: -8.431144193090885e-08
  zones_logsum_job_low_income: 1.0905396641331775e-09
  zones_logsum_pop_high_income: 8.386776013020827e-08
  zones_logsum_pop_low_income: -2.3355176195269172e-08
  zones_population: 7.896316475758406e-05
  zones_retail_jobs: 2.2609325793125882e-07
  zones_transit_jobs_30min: 1.5186907208826e-06
  zones_transit_jobs_50min: 2.9248412676298496e-12
sample_size: 1044
score: 0.5397721164305108
