fit_filters:
- non_residential_sqft > 0
- sqft_price_nonres > 1
- sqft_price_nonres < 650
- hedonic_id == 9931
model_expression:
  left_side: np.log1p(sqft_price_nonres)
model_type: Regression
name: RegressionModel
predict_filters: hedonic_id == 9931
ytransform: np.exp
coef:
  Intercept: -2.3927932111468735
  b_total_jobs: 0.00036224872984899
  building_age: -8.864919816968681e-05
  building_sqft: -2.505692082340401e-09
  crime_other_rate: 1.859845927070543e-05
  crime_ucr_rate: 1.37278224143366e-06
  jobs_non_home_based: 4.425509343850489e-20
  jobs_within_30_min: -7.19594848745353e-08
  land_area: 2.738050660119759e-07
  nodes_walk_ave_unit_sqft: -0.00010206523318423643
  nodes_walk_housing_cost: 1.8741952553796175e-06
  nodes_walk_industrial: 0.02039541501506785
  nodes_walk_jobs: 0.0001151813881942082
  nodes_walk_node_r1500_sqft: -6.269931023358831e-10
  nodes_walk_office: -4.313146820489799e-06
  nodes_walk_retail_jobs: -0.00016729901840560878
  parcel_sqft: -2.974771618832503e-09
  parcels_ave_unit_size: -2.188124739984767e-05
  parcels_total_job_spaces: -5.3403884477640695e-05
  parcels_total_sqft: -1.8847454283455793e-07
  parcels_zones_employment: 9.361802089067178e-09
  parcels_zones_jobs_within_30_min: -4.0785008775078696e-08
  parcels_zones_logsum_job_high_income: 3.6530552285984866e-08
  parcels_zones_logsum_job_low_income: 1.1467245412393191e-07
  parcels_zones_logsum_pop_high_income: -5.5334455835855924e-08
  parcels_zones_logsum_pop_low_income: -4.3279112151401014e-08
  parcels_zones_population: 1.5936420563752973e-05
  parcels_zones_retail_jobs: -8.575207003191983e-05
  parcels_zones_transit_jobs_30min: -4.153579876328538e-07
  parcels_zones_transit_jobs_50min: 8.206557691504945e-07
  parcels_zones_z_total_jobs: 1.585337191805406e-06
  vacant_job_spaces: -0.0006442704198733882
  year_built: 0.002755407936300979
  zones_acres: -4.783471042023679e-05
  zones_employment: 2.33265017656104e-07
  zones_logsum_job_high_income: 8.786213812931567e-08
  zones_logsum_job_low_income: 9.638490561790877e-08
  zones_logsum_pop_high_income: -1.286550793167744e-07
  zones_logsum_pop_low_income: -1.1305259401877872e-07
  zones_population: 1.5973460044997366e-09
  zones_retail_jobs: -2.63242242698176e-07
  zones_transit_jobs_30min: -1.95690035365767e-06
  zones_transit_jobs_50min: 4.0815378456696375e-07
sample_size: 3237
score: 0.5014794903526907
