fit_filters:
- non_residential_sqft > 0
- sqft_price_nonres > 1
- sqft_price_nonres < 650
- hedonic_id == 9933
model_expression:
  left_side: np.log1p(sqft_price_nonres)
model_type: Regression
name: RegressionModel
predict_filters: hedonic_id == 9933
ytransform: np.exp
coef:
  building_age: -0.0006029910007815489
  building_sqft: -4.689928501092271e-06
  crime_other_rate: -6.169304933195377e-05
  crime_ucr_rate: -7.45996574687696e-05
  jobs_within_30_min: 4.196925672784101e-08
  land_area: 5.338927342564797e-06
  nodes_walk_ave_nonres_sqft_price: 0.00855486397868605
  nodes_walk_ave_unit_sqft: -9.405414906475624e-06
  nodes_walk_highinc_hhs: 0.001603999827121579
  nodes_walk_housing_cost: 3.6113325622043674e-07
  nodes_walk_industrial: 0.004206952961242793
  nodes_walk_jobs: 0.0001054779235253582
  nodes_walk_medical: -0.0014771044042866022
  nodes_walk_midinc_hhs: -0.00031523735531635203
  nodes_walk_node_r1500_sqft: -2.382762376482637e-08
  nodes_walk_office: -0.0003761904483617193
  nodes_walk_residential: 0.0007163597924802937
  nodes_walk_retail: -0.000573182871736674
  nodes_walk_retail_jobs: -0.00041162070820504747
  parcel_sqft: -1.2019060617581905e-07
  parcels_ave_unit_size: -1.414719204792152e-05
  parcels_parcel_size: 1.8621786133562217e-07
  parcels_total_job_spaces: 0.0008332178652010589
  parcels_total_sqft: -1.3143295289836465e-06
  parcels_zones_employment: 8.422674537950168e-07
  parcels_zones_households: -0.00021064883346075288
  parcels_zones_jobs_within_30_min: 1.6438340099615166e-07
  parcels_zones_logsum_job_high_income: -1.8042012802541772e-07
  parcels_zones_logsum_job_low_income: 4.703949537014709e-07
  parcels_zones_logsum_pop_high_income: 1.0226554119867473e-07
  parcels_zones_logsum_pop_low_income: -2.942275040407005e-07
  parcels_zones_population: 7.128862732888654e-05
  parcels_zones_retail_jobs: -9.429177046371015e-05
  parcels_zones_transit_jobs_30min: 5.70000566364241e-06
  parcels_zones_z_total_jobs: 2.0460317739753866e-09
  year_built: 0.007682500797273189
  zones_acres: 9.417029579949296e-06
  zones_employment: 8.5791686103584e-09
  zones_households: -0.00016873038597642098
  zones_logsum_job_high_income: -1.4082441358489476e-07
  zones_logsum_job_low_income: 4.41749838954019e-07
  zones_logsum_pop_high_income: 1.0858886181880616e-07
  zones_logsum_pop_low_income: -3.410208721911821e-07
  zones_population: 6.845790379919287e-05
  zones_retail_jobs: -7.837235675691546e-08
  zones_transit_jobs_30min: 1.804471444219019e-06
  zones_transit_jobs_50min: -1.5305425998012935e-07
  zones_z_total_jobs: 1.7144186487907007e-06
sample_size: 1282
score: 0.39850556126496073
