fit_filters:
- non_residential_sqft > 0
- sqft_price_nonres > 1
- sqft_price_nonres < 650
- hedonic_id == 9965
model_expression:
  left_side: np.log1p(sqft_price_nonres)
model_type: Regression
name: RegressionModel
predict_filters: hedonic_id == 9965
ytransform: np.exp
coef:
  Intercept: -6.705187398059691
  b_total_jobs: 0.0023768533963434324
  building_age: -0.0009242698300106496
  building_sqft: -9.68192366146569e-06
  crime_other_rate: 3.4676282818720345e-05
  crime_ucr_rate: -0.0001414729514772055
  jobs_within_30_min: -5.946139378527661e-07
  land_area: -1.0769052524699814e-05
  nodes_walk_ave_nonres_sqft_price: 0.006926132353295011
  nodes_walk_ave_unit_sqft: -1.46710887746043e-05
  nodes_walk_hhs_with_children: 0.0006648331484491145
  nodes_walk_housing_cost: -1.1993774273217263e-06
  nodes_walk_industrial: 0.00010692607907748471
  nodes_walk_jobs: 9.704131924015342e-05
  nodes_walk_medical: 3.568424814449237e-05
  nodes_walk_node_r1500_sqft: -5.036246441964645e-09
  nodes_walk_race_1_hhs: -0.00010559470242114881
  nodes_walk_retail: 7.575750502761029e-06
  nodes_walk_retail_jobs: -0.00041880697971034825
  parcel_sqft: -1.1333323181565264e-07
  parcels_ave_unit_size: -4.4788096239256567e-05
  parcels_total_sqft: -1.0076859803806209e-07
  parcels_total_units: -0.00013609747142676566
  parcels_zones_employment: 1.0384320380805209e-07
  parcels_zones_households: 3.562932619477656e-05
  parcels_zones_jobs_within_30_min: -6.928963983220807e-08
  parcels_zones_logsum_job_high_income: 1.2509927978017506e-07
  parcels_zones_logsum_job_low_income: -4.1048953458954665e-07
  parcels_zones_logsum_pop_high_income: 1.554598835413259e-07
  parcels_zones_logsum_pop_low_income: 5.154543278563692e-07
  parcels_zones_mean_age_of_head: 0.0027122284373586273
  parcels_zones_population: -9.218537660062917e-06
  parcels_zones_retail_jobs: -0.00012949980098450375
  parcels_zones_transit_jobs_30min: -3.945226134962952e-06
  parcels_zones_transit_jobs_50min: -1.4585794866169337e-06
  parcels_zones_z_total_jobs: 6.7819759790628336e-06
  residential_sqft: 1.1143851600878203e-05
  sqft_per_unit: 0.0001645589879059725
  year_built: 0.005391371755128413
  zones_acres: -6.58051416867959e-05
  zones_households: 2.9378032831706912e-05
  zones_logsum_job_high_income: 2.2412532104321817e-07
  zones_logsum_job_low_income: -4.231830938444592e-07
  zones_logsum_pop_high_income: -1.855711040219907e-07
  zones_logsum_pop_low_income: 4.33039737050806e-07
  zones_mean_age_of_head: 0.0009294728606845519
  zones_population: -9.476105909678568e-06
  zones_retail_jobs: -3.298293292532599e-05
  zones_transit_jobs_30min: -5.872170075793626e-07
  zones_transit_jobs_50min: -8.254667475724053e-07
sample_size: 916
score: 0.294849744876456
