fit_filters:
- non_residential_sqft > 0
- sqft_price_nonres > 1
- sqft_price_nonres < 650
- hedonic_id == 333
model_expression:
  left_side: np.log1p(sqft_price_nonres)
model_type: Regression
name: RegressionModel
predict_filters: hedonic_id == 333
ytransform: np.exp
coef:
  b_total_jobs: 0.0012010264157691832
  building_age: -4.5326349872386985e-06
  building_sqft: -1.031551418604521e-06
  crime_other_rate: -2.5375891159348352e-05
  crime_ucr_rate: -0.00018629257752149884
  jobs_non_home_based: 5.134581503391712e-17
  jobs_within_30_min: 5.668026669437353e-08
  land_area: 2.347224658374189e-07
  nodes_walk_ave_nonres_sqft_price: 0.010680277584074154
  nodes_walk_housing_cost: 4.527398373447934e-07
  nodes_walk_jobs: -3.157524347363061e-06
  nodes_walk_medical: -0.0018682320206531008
  nodes_walk_node_r1500_sqft: 3.948891175364245e-10
  nodes_walk_office: -0.0010667977399892292
  nodes_walk_population: 0.00017809367935103465
  nodes_walk_race_1_hhs: -0.0007118232563361464
  nodes_walk_retail: -0.0009247531019972631
  nodes_walk_retail_jobs: -0.00023883574582503152
  parcel_sqft: 3.029954118650178e-07
  parcels_ave_unit_size: 5.10806623690915e-05
  parcels_parcel_size: -1.9771750193842557e-07
  parcels_pct_undev: 0.001554621219403894
  parcels_pptytax: -0.0023049727275472717
  parcels_total_job_spaces: -0.0003892560086009772
  parcels_total_sqft: -8.073740854399194e-07
  parcels_zones_employment: 3.707139286377848e-05
  parcels_zones_households: 1.727064077973237e-05
  parcels_zones_jobs_within_30_min: 9.7505330690195e-08
  parcels_zones_logsum_job_high_income: 2.6193881505391742e-08
  parcels_zones_logsum_job_low_income: -2.097668121987501e-07
  parcels_zones_logsum_pop_high_income: -2.0802828283710724e-08
  parcels_zones_logsum_pop_low_income: 6.06928067365199e-08
  parcels_zones_population: -2.8924631519958573e-05
  parcels_zones_retail_jobs: 5.89145553856589e-05
  parcels_zones_transit_jobs_30min: 2.4613638235610005e-05
  parcels_zones_transit_jobs_50min: -5.97474178288399e-07
  residential_sqft: 1.143870385357413e-05
  sqft_per_unit: 0.00011901633636565582
  year_built: 0.0052601518434754494
  zones_acres: -3.8430158834154653e-05
  zones_employment: 1.4957973857848703e-06
  zones_households: 5.421313181148921e-05
  zones_logsum_job_high_income: 2.360370914950196e-08
  zones_logsum_job_low_income: -1.8665413541263005e-07
  zones_logsum_pop_high_income: -1.8359655138880629e-09
  zones_logsum_pop_low_income: 7.107422379646592e-08
  zones_population: -1.1717899953197047e-05
  zones_retail_jobs: 1.2277952372945565e-06
  zones_transit_jobs_30min: 1.5681513580407604e-05
  zones_transit_jobs_50min: -9.792122644564482e-07
sample_size: 1708
score: 0.3943153887043265
