fit_filters:
- non_residential_sqft > 0
- sqft_price_nonres > 1
- sqft_price_nonres < 650
- hedonic_id == 41
model_expression:
  left_side: np.log1p(sqft_price_nonres)
model_type: Regression
name: RegressionModel
predict_filters: hedonic_id == 41
ytransform: np.exp
coef:
  building_age: -0.0012253550734090501
  building_sqft: -1.9808229172575054e-06
  crime_other_rate: -6.603481200824509e-05
  crime_ucr_rate: 0.00011862875004191642
  job_spaces: -6.134293823702181e-07
  jobs_within_30_min: -3.125794911726457e-08
  land_area: -8.304382424437168e-07
  large_area_id: -0.0005713790862844693
  nodes_walk_ave_nonres_sqft_price: 0.010310187501931873
  nodes_walk_ave_unit_sqft: 2.078837515792083e-06
  nodes_walk_hhs_with_children: 0.0007329496972593479
  nodes_walk_households: -0.00012561679095166473
  nodes_walk_housing_cost: -7.44761172847058e-06
  nodes_walk_industrial: -0.0008602615456625419
  nodes_walk_jobs: -3.159246056613011e-05
  nodes_walk_medical: -0.0030473271726532167
  nodes_walk_midinc_hhs: -9.413524790870349e-05
  nodes_walk_node_r1500_sqft: -2.4602608831452854e-08
  nodes_walk_office: -0.00022243325134943821
  nodes_walk_population: 1.962534569063697e-05
  nodes_walk_race_4_hhs: -0.001352704202107058
  nodes_walk_residential: 0.0008169188007570929
  nodes_walk_retail: -0.0011977868843021434
  nodes_walk_retail_jobs: 0.0003038684427649878
  non_residential_units: -5.510897752060025e-20
  parcel_sqft: 5.195513399214667e-08
  parcels_ave_unit_size: 0.00011094450202376762
  parcels_total_job_spaces: -3.2910537955828384e-05
  parcels_total_sqft: -1.4932910590845099e-09
  parcels_zones_employment: 7.949904581076065e-06
  parcels_zones_households: -0.00015642069222600798
  parcels_zones_jobs_within_30_min: 1.8905911645472167e-07
  parcels_zones_logsum_job_high_income: 9.799725689518951e-08
  parcels_zones_logsum_job_low_income: 1.1240785490527808e-07
  parcels_zones_logsum_pop_high_income: -5.831370554687126e-08
  parcels_zones_logsum_pop_low_income: -2.408925627767692e-07
  parcels_zones_mean_age_of_head: -0.000259007562019065
  parcels_zones_population: 7.316592571088945e-05
  parcels_zones_retail_jobs: 0.0006488587435228364
  parcels_zones_transit_jobs_30min: -5.425218894555825e-13
  parcels_zones_transit_jobs_50min: 8.149295390436181e-07
  parcels_zones_z_total_jobs: 2.5557942565221556e-10
  vacant_job_spaces: -0.00019402244265564098
  year_built: 1.6322861088339945e-05
  zones_acres: -2.9381927377020516e-05
  zones_employment: 3.37498564107959e-09
  zones_households: -0.0001194159283007598
  zones_logsum_job_high_income: 3.4572373585796436e-08
  zones_logsum_job_low_income: 1.0695018951573609e-07
  zones_logsum_pop_high_income: -1.9497038447092843e-08
  zones_logsum_pop_low_income: -1.5218206871694448e-07
  zones_population: 7.570388837079738e-05
  zones_transit_jobs_30min: -3.482211213078815e-07
  zones_transit_jobs_50min: 7.196144278947363e-07
  zones_z_total_jobs: 2.7184527797476584e-07
sample_size: 424
score: 0.388472098181898
