fit_filters:
- non_residential_sqft > 0
- sqft_price_nonres > 1
- sqft_price_nonres < 650
- hedonic_id == 323
model_type: regression
name: RegressionModel
predict_filters: hedonic_id == 323
target_variable: np.log1p(sqft_price_nonres)
ytransform: np.exp
fit_parameters:
  Coefficient:
    Intercept: -5.587792655461251
    b_total_jobs: 0.00033870513750728265
    building_age: -2.0383428854953094e-05
    building_sqft: -2.7301815190149733e-07
    crime_other_rate: 4.912521452106973e-05
    crime_ucr_rate: -0.0001975511033960896
    jobs_non_home_based: 1.7269939590073982e-19
    jobs_within_30_min: -1.5380319263497028e-07
    land_area: -1.6963114420417604e-06
    nodes_walk_ave_nonres_sqft_price: 0.0012521086723796676
    nodes_walk_ave_unit_sqft: 8.539309501396628e-06
    nodes_walk_households: 4.626154505751245e-05
    nodes_walk_housing_cost: 1.0488395342551141e-08
    nodes_walk_jobs: 8.097389983093036e-05
    nodes_walk_midinc_hhs: 0.00037109935929209576
    nodes_walk_node_r1500_sqft: -1.1089493282262149e-09
    nodes_walk_office: 0.008699530551492286
    nodes_walk_race_1_hhs: 6.147873631919672e-05
    parcel_sqft: 1.475065627198993e-07
    parcels_ave_unit_size: 1.4465240237954544e-06
    parcels_parcel_size: -3.900970401654527e-08
    parcels_pct_undev: 0.0012423938552736124
    parcels_total_sqft: -1.198979750267232e-06
    parcels_zones_jobs_within_30_min: 4.4197439231864775e-09
    residential_sqft: -4.8501244309998625e-06
    sqft_per_unit: 0.00019523226021741656
    vacant_job_spaces: -0.0003194863507741081
    year_built: 0.004565448809347926
    zones_acres: -7.478026530260448e-05
    zones_employment: -1.014881135678376e-05
    zones_households: -4.346917501732658e-05
    zones_logsum_job_high_income: 3.899886262908606e-07
    zones_logsum_job_low_income: -4.384894726451383e-07
    zones_logsum_job_mid_income: 1.2420496670485783e-07
    zones_logsum_pop_high_income: -3.0162998720104294e-07
    zones_logsum_pop_low_income: 3.698085940419237e-07
    zones_logsum_pop_mid_income: -1.1590519988835545e-07
    zones_population: 3.4144183549348216e-05
    zones_retail_jobs: 1.6819371539443267e-05
    zones_transit_jobs_30min: 7.360640021365955e-07
    zones_transit_jobs_50min: 2.2753794817970366e-07
    zones_z_total_jobs: -2.8297675544511897e-06
fit_rsquared: 0.4701023540622642
fitted: true
model_expression:
  left_side: np.log1p(sqft_price_nonres)
  right_side:
  - year_built
  - sqft_per_unit
  - land_area
  - residential_sqft
  - building_sqft
  - jobs_within_30_min
  - vacant_job_spaces
  - parcel_sqft
  - crime_ucr_rate
  - crime_other_rate
  - building_age
  - b_total_jobs
  - jobs_non_home_based
  - parcels_pct_undev
  - parcels_parcel_size
  - parcels_ave_unit_size
  - parcels_total_sqft
  - parcels_zones_jobs_within_30_min
  - zones_acres
  - zones_households
  - zones_population
  - zones_employment
  - zones_retail_jobs
  - zones_logsum_pop_high_income
  - zones_logsum_pop_mid_income
  - zones_logsum_pop_low_income
  - zones_logsum_job_high_income
  - zones_logsum_job_mid_income
  - zones_logsum_job_low_income
  - zones_z_total_jobs
  - zones_transit_jobs_50min
  - zones_transit_jobs_30min
  - nodes_walk_households
  - nodes_walk_midinc_hhs
  - nodes_walk_race_1_hhs
  - nodes_walk_jobs
  - nodes_walk_node_r1500_sqft
  - nodes_walk_ave_nonres_sqft_price
  - nodes_walk_office
  - nodes_walk_ave_unit_sqft
  - nodes_walk_housing_cost
sample_size: 4303
