fit_filters:
- non_residential_sqft > 0
- sqft_price_nonres > 1
- sqft_price_nonres < 650
- hedonic_id == 16131
model_expression:
  left_side: np.log1p(sqft_price_nonres)
model_type: Regression
name: RegressionModel
predict_filters: hedonic_id == 16131
ytransform: np.exp
coef:
  b_total_jobs: 0.0003679692268236784
  building_age: -0.0006725214921630843
  building_sqft: 7.136722953855757e-08
  crime_other_rate: 0.00010480005027399165
  crime_ucr_rate: -0.00031461887007918504
  job_spaces: 0.00033057502245792403
  jobs_non_home_based: 5.523518214080443e-20
  jobs_within_30_min: 2.9036789661530923e-06
  land_area: -9.86668626399291e-07
  nodes_walk_ave_nonres_sqft_price: -0.0005755238820273516
  nodes_walk_ave_unit_sqft: -9.519043418224914e-05
  nodes_walk_housing_cost: 1.8865825725681901e-07
  nodes_walk_industrial: 0.010924254188300985
  nodes_walk_jobs: 5.5936542316404526e-05
  nodes_walk_lowinc_hhs: -0.0009937314727206173
  nodes_walk_max_office_far: -0.0013543988975201504
  nodes_walk_medical: -0.0006874220936660624
  nodes_walk_midinc_hhs: 0.0009468813472741029
  nodes_walk_node_r1500_sqft: 1.170070381489313e-08
  nodes_walk_office: 6.484497165994383e-05
  nodes_walk_population: -0.0005428705077744247
  nodes_walk_retail: 0.00045791955823584746
  nodes_walk_retail_jobs: -0.0003940771037252427
  non_residential_units: 2.971635568407631e-17
  parcel_sqft: -4.63950433447972e-08
  parcels_parcel_size: 4.1945992278805885e-08
  parcels_total_sqft: -3.9730198785565717e-07
  parcels_zones_empden: 0.002287964059634548
  parcels_zones_employment: 7.620065721410545e-05
  parcels_zones_jobs_within_30_min: -2.055785054517811e-06
  parcels_zones_logsum_job_high_income: -1.123767076923069e-07
  parcels_zones_logsum_job_low_income: 1.343316512554482e-07
  parcels_zones_logsum_pop_high_income: 9.756878686582716e-08
  parcels_zones_logsum_pop_low_income: -6.9444592833185e-08
  parcels_zones_mean_age_of_head: 0.0008374852821206806
  parcels_zones_population: 2.539066986349643e-05
  parcels_zones_retail_jobs: 0.00026367085986631083
  parcels_zones_transit_jobs_30min: 4.154265786867407e-06
  parcels_zones_transit_jobs_50min: -4.3385355740383955e-07
  year_built: 0.0029404946248652018
  zones_acres: 5.772511712617726e-06
  zones_households: 9.214321654100849e-07
  zones_logsum_job_high_income: -9.706738512326213e-08
  zones_logsum_job_low_income: 1.184906806967742e-07
  zones_logsum_pop_high_income: 1.2106142962010472e-07
  zones_logsum_pop_low_income: -1.4074228135100886e-07
  zones_mean_age_of_head: 9.133872335527372e-05
  zones_population: 1.673388177175284e-05
  zones_transit_jobs_30min: 2.898749727790135e-06
  zones_transit_jobs_50min: -5.623518873089009e-07
sample_size: 536
score: 0.7564171912853548
