fit_filters:
- non_residential_sqft > 0
- sqft_price_nonres > 1
- sqft_price_nonres < 650
- hedonic_id == 531
model_expression:
  left_side: np.log1p(sqft_price_nonres)
model_type: Regression
name: RegressionModel
predict_filters: hedonic_id == 531
ytransform: np.exp
coef:
  building_age: -1.0549040894909678e-05
  building_sqft: 1.2456446641135327e-06
  crime_other_rate: 2.7745903721738153e-07
  crime_ucr_rate: 6.616960545914716e-06
  jobs_within_30_min: -3.0143427109803247e-07
  land_area: -2.0376697368037368e-06
  nodes_walk_ave_unit_sqft: 2.0566786539839538e-05
  nodes_walk_households: 0.00043769236704978076
  nodes_walk_housing_cost: 4.781253230920155e-06
  nodes_walk_industrial: 0.03709866678771473
  nodes_walk_jobs: -4.901046623372816e-05
  nodes_walk_midinc_hhs: 0.0007675317118195109
  nodes_walk_node_r1500_sqft: 1.914678833456574e-08
  nodes_walk_office: 0.00019018164582016746
  nodes_walk_population: -0.000419097801586306
  nodes_walk_race_4_hhs: 0.0006113799624822455
  nodes_walk_retail_jobs: 0.001579508493938936
  parcel_sqft: 1.190282415626043e-06
  parcels_ave_unit_size: 9.083290389260128e-07
  parcels_total_sqft: -3.284839176089236e-06
  parcels_zones_employment: 4.404352498345252e-05
  parcels_zones_households: -0.00022922980877028957
  parcels_zones_jobs_within_30_min: -2.5624362578179857e-13
  parcels_zones_logsum_job_high_income: 2.0334349012524885e-08
  parcels_zones_logsum_job_low_income: -2.1584235873920194e-08
  parcels_zones_logsum_pop_high_income: -6.377276187610748e-10
  parcels_zones_logsum_pop_low_income: 3.8159156645440146e-08
  parcels_zones_population: 4.070915441070549e-05
  parcels_zones_retail_jobs: 0.00033470251904458393
  parcels_zones_transit_jobs_30min: 3.8266763423316745e-06
  parcels_zones_transit_jobs_50min: -1.5240916039334986e-06
  parcels_zones_z_total_jobs: 6.400970858496514e-06
  sqft_per_unit: 0.0008689050263123961
  vacant_job_spaces: 0.0003596619605010576
  year_built: 0.00957405943854038
  zones_acres: -0.00019358839563299535
  zones_employment: 4.44724768907142e-06
  zones_households: -9.725669000142384e-05
  zones_logsum_job_high_income: 1.8498328957272287e-08
  zones_logsum_job_low_income: -2.0893145351967032e-08
  zones_logsum_pop_high_income: -1.6485297827110617e-08
  zones_logsum_pop_low_income: 3.266448437491602e-08
  zones_population: 4.179719864711553e-05
  zones_retail_jobs: 1.8394163390338592e-05
  zones_transit_jobs_30min: 2.036415219505878e-06
  zones_transit_jobs_50min: -1.1935364319290473e-06
  zones_z_total_jobs: 5.373309115349598e-07
sample_size: 1225
score: 0.415108164044803
