fit_filters:
- non_residential_sqft > 0
- sqft_price_nonres > 1
- sqft_price_nonres < 650
- hedonic_id == 93
model_expression:
  left_side: np.log1p(sqft_price_nonres)
model_type: Regression
name: RegressionModel
predict_filters: hedonic_id == 93
ytransform: np.exp
coef:
  Intercept: -0.8291771061271689
  building_age: -0.0004192934238941804
  building_sqft: 4.2609497788618185e-05
  crime_other_rate: -0.0001257236173342266
  crime_ucr_rate: 0.00028610399638901774
  jobs_within_30_min: -3.5509989006330836e-06
  land_area: -1.6791184909319128e-05
  nodes_walk_ave_unit_sqft: -0.00013318297126398737
  nodes_walk_hhs_with_children: -0.001204210816926663
  nodes_walk_highinc_hhs: -0.00033074064593391144
  nodes_walk_households: 0.00042789071611858056
  nodes_walk_housing_cost: 2.3350818903765604e-06
  nodes_walk_industrial: -0.0009602076343841372
  nodes_walk_jobs: 3.2483028762525896e-06
  nodes_walk_lowinc_hhs: 0.00017061451675827162
  nodes_walk_midinc_hhs: 5.176033055680332e-05
  nodes_walk_node_r1500_sqft: -5.229518444355128e-08
  nodes_walk_office: -0.0009500675582644154
  nodes_walk_population: -0.00017978453484957953
  nodes_walk_race_3_hhs: 0.0003785004698297494
  nodes_walk_retail: -2.464775664495991e-05
  parcel_sqft: 6.958490975906208e-07
  parcels_ave_unit_size: -1.9182662576550012e-05
  parcels_total_sqft: -5.1511890257429965e-05
  parcels_zones_jobs_within_30_min: 2.8847357583414693e-08
  parcels_zones_logsum_job_high_income: 3.569764985491206e-06
  parcels_zones_logsum_job_low_income: 1.9021807481569387e-08
  parcels_zones_logsum_pop_high_income: -4.5209100144078475e-08
  parcels_zones_logsum_pop_low_income: 1.281602341442476e-09
  parcels_zones_population: 3.590711455200497e-05
  parcels_zones_transit_jobs_30min: -2.0573265005030199e-07
  parcels_zones_transit_jobs_50min: 4.373076659319447e-06
  year_built: 0.002419795461306071
  zones_employment: -1.1997947531134448e-05
  zones_logsum_job_high_income: 3.811598356706457e-06
  zones_logsum_job_low_income: 4.308901692675984e-09
  zones_logsum_pop_high_income: -2.2568516011802313e-06
  zones_logsum_pop_low_income: -4.806132247503515e-08
  zones_population: 1.0177237750305135e-05
  zones_transit_jobs_30min: -8.505400297218673e-07
  zones_transit_jobs_50min: -9.27935991864117e-08
  zones_z_total_jobs: -5.815207023624785e-07
sample_size: 95
score: 0.9511215764468769
