fit_filters:
- non_residential_sqft > 0
- sqft_price_nonres > 1
- sqft_price_nonres < 650
- hedonic_id == 9921
model_type: regression
name: RegressionModel
predict_filters: hedonic_id == 9921
target_variable: np.log1p(sqft_price_nonres)
ytransform: np.exp
fit_parameters:
  Coefficient:
    Intercept: -8.8526468705647
    b_total_jobs: 0.0001052218886926646
    building_age: -0.0006454852743713313
    building_sqft: 4.560571025683179e-06
    crime_other_rate: 3.879836059995058e-05
    crime_ucr_rate: 0.00018084618161143547
    jobs_non_home_based: 2.8222727543859885e-20
    jobs_within_30_min: 1.199470507536066e-07
    land_area: -6.0650534357876055e-06
    nodes_walk_ave_nonres_sqft_price: 0.0008333033931783003
    nodes_walk_ave_unit_sqft: -4.706316487602492e-05
    nodes_walk_housing_cost: 3.0285096990912356e-06
    nodes_walk_industrial: -7.688337477916162e-05
    nodes_walk_jobs: 0.00010178819770056833
    nodes_walk_node_r1500_sqft: -2.918079510605922e-09
    nodes_walk_office: -4.477248196911013e-05
    nodes_walk_population: 4.079646720583561e-05
    nodes_walk_race_1_hhs: 0.00010461690245439015
    nodes_walk_retail: 0.008048155742552722
    nodes_walk_retail_jobs: 0.0003209811101124981
    parcel_sqft: 1.6001490173570987e-07
    parcels_ave_unit_size: -5.0101026395070666e-05
    parcels_parcel_size: -2.7528023838056023e-07
    parcels_total_job_spaces: 0.0006679218907295864
    parcels_total_sqft: -4.107789875995019e-06
    parcels_zones_jobs_within_30_min: -1.7446722038957385e-07
    residential_sqft: 9.6413800517659e-06
    sqft_per_unit: 0.00040887901938433616
    year_built: 0.006420982701803164
    zones_acres: -2.8142964411496574e-05
    zones_employment: -5.262407593756665e-07
    zones_households: 0.00014756947394719254
    zones_logsum_job_high_income: 4.3762198716194267e-07
    zones_logsum_job_low_income: -9.269978643947844e-09
    zones_logsum_job_mid_income: -3.998993238618163e-08
    zones_logsum_pop_high_income: -5.944305852892199e-07
    zones_logsum_pop_low_income: -4.5022090076995493e-08
    zones_logsum_pop_mid_income: 4.536579106465642e-08
    zones_population: -6.801340709195917e-05
    zones_transit_jobs_30min: -4.220569296980783e-06
    zones_transit_jobs_50min: 1.558676637212562e-06
    zones_z_total_jobs: -7.914590559280455e-07
  Std. Error: {}
  T-Score: {}
fit_rsquared: 0.3002710291171531
fit_rsquared_adj: 0.3002710291171531
fitted: true
model_expression:
  left_side: np.log1p(sqft_price_nonres)
  right_side:
  - year_built
  - sqft_per_unit
  - land_area
  - residential_sqft
  - building_sqft
  - jobs_within_30_min
  - parcel_sqft
  - crime_ucr_rate
  - crime_other_rate
  - building_age
  - b_total_jobs
  - jobs_non_home_based
  - parcels_parcel_size
  - parcels_ave_unit_size
  - parcels_total_job_spaces
  - parcels_total_sqft
  - parcels_zones_jobs_within_30_min
  - zones_acres
  - zones_households
  - zones_population
  - zones_employment
  - zones_logsum_pop_high_income
  - zones_logsum_pop_mid_income
  - zones_logsum_pop_low_income
  - zones_logsum_job_high_income
  - zones_logsum_job_mid_income
  - zones_logsum_job_low_income
  - zones_z_total_jobs
  - zones_transit_jobs_50min
  - zones_transit_jobs_30min
  - nodes_walk_population
  - nodes_walk_race_1_hhs
  - nodes_walk_jobs
  - nodes_walk_retail_jobs
  - nodes_walk_node_r1500_sqft
  - nodes_walk_ave_nonres_sqft_price
  - nodes_walk_retail
  - nodes_walk_office
  - nodes_walk_industrial
  - nodes_walk_ave_unit_sqft
  - nodes_walk_housing_cost
sample_size: 4192
