fit_filters:
- non_residential_sqft > 0
- sqft_price_nonres > 1
- sqft_price_nonres < 650
- hedonic_id == 11523
model_expression:
  left_side: np.log1p(sqft_price_nonres)
model_type: Regression
name: RegressionModel
predict_filters: hedonic_id == 11523
ytransform: np.exp
coef:
  Intercept: 2.6147304940639557
  b_total_jobs: 0.002234750797070217
  building_age: -0.0006738878439325634
  building_sqft: 1.0365404085021811e-05
  crime_other_rate: 6.135252663999841e-05
  crime_ucr_rate: 0.0001961424162158168
  jobs_non_home_based: 3.5801706438145656e-16
  jobs_within_30_min: 1.0494123347956861e-06
  land_area: -9.003554363503797e-06
  nodes_walk_ave_nonres_sqft_price: 0.0026092409860191223
  nodes_walk_ave_unit_sqft: 4.278867024737666e-05
  nodes_walk_hhs_with_children: 0.0014062760591737878
  nodes_walk_housing_cost: -4.2107839906285104e-06
  nodes_walk_industrial: 0.0010118937004579413
  nodes_walk_jobs: 0.00011229795711425524
  nodes_walk_medical: 0.0010249152543541163
  nodes_walk_node_r1500_sqft: 4.582577525981002e-09
  nodes_walk_office: 0.008199572645158443
  nodes_walk_retail_jobs: -0.0003758928134824262
  parcel_sqft: 9.723588372545591e-08
  parcels_ave_unit_size: 6.210070334755831e-06
  parcels_total_sqft: -1.209851416292817e-05
  parcels_zones_jobs_within_30_min: 1.285896796385839e-07
  residential_sqft: -1.3555123141052734e-05
  sqft_per_unit: 0.00018861818898229521
  year_built: 0.0005247265796145543
  zones_acres: -8.368724729826373e-06
  zones_logsum_job_high_income: 4.116538867391678e-06
  zones_logsum_job_low_income: 3.082901021369392e-06
  zones_logsum_pop_high_income: -2.176254562287178e-06
  zones_logsum_pop_low_income: -4.854806569249975e-06
  zones_population: -8.399546123125355e-05
  zones_transit_jobs_30min: -1.6817327284490787e-05
  zones_z_total_jobs: 6.001226032072631e-05
sample_size: 395
score: 0.5366026950583055
