fit_filters:
- non_residential_sqft > 0
- sqft_price_nonres > 1
- sqft_price_nonres < 650
- hedonic_id == 531
model_expression:
  left_side: np.log1p(sqft_price_nonres)
model_type: Regression
name: RegressionModel
predict_filters: hedonic_id == 531
ytransform: np.exp
coef:
  Intercept: -15.583982799028304
  building_age: -0.0006167609972713173
  building_sqft: -2.2147506532364514e-06
  crime_other_rate: -1.8761713436817152e-06
  crime_ucr_rate: -1.3785210670701778e-05
  job_spaces: 0.0001659487969593073
  jobs_within_30_min: -6.216285060982987e-07
  land_area: 1.4046016767614756e-06
  nodes_walk_ave_unit_sqft: -5.930911329519756e-07
  nodes_walk_households: 1.0168741764928728e-05
  nodes_walk_housing_cost: 2.8508607884816883e-06
  nodes_walk_industrial: 0.0094303992481704
  nodes_walk_jobs: -0.00011755785001104269
  nodes_walk_midinc_hhs: 0.0015145916189628853
  nodes_walk_node_r1500_sqft: 1.2298497299814083e-08
  nodes_walk_office: 0.0002546698381579552
  nodes_walk_population: -0.0003470030220492072
  nodes_walk_race_1_hhs: 0.00038426221196020114
  nodes_walk_retail: 0.000511467985679265
  nodes_walk_retail_jobs: 0.0018496267941929074
  non_residential_units: 3.920188332220953e-17
  parcel_sqft: 4.3296251416971453e-07
  parcels_ave_unit_size: -0.00010103098014788596
  parcels_total_job_spaces: 0.0003815880145201422
  parcels_total_sqft: -1.5654487882937887e-06
  parcels_zones_households: -0.00017405534844251673
  parcels_zones_jobs_within_30_min: 2.0804056755804883e-07
  parcels_zones_logsum_job_high_income: 7.287669382461934e-08
  parcels_zones_logsum_job_low_income: -2.0928067818954786e-08
  parcels_zones_logsum_pop_high_income: -4.4506361221465057e-08
  parcels_zones_logsum_pop_low_income: 5.1053226951527484e-08
  parcels_zones_population: 8.547850845189083e-06
  parcels_zones_retail_jobs: 0.0006598160010442027
  parcels_zones_transit_jobs_30min: 5.907143534941277e-06
  parcels_zones_transit_jobs_50min: -1.8783481452459872e-06
  parcels_zones_z_total_jobs: -8.70758100473187e-08
  residential_sqft: 2.75586967753363e-05
  sqft_per_unit: 0.000653350871993449
  vacant_job_spaces: 0.0002636315850631425
  year_built: 0.009521426027782163
  zones_acres: -0.00025258419743547236
  zones_employment: -1.8484415355041415e-06
  zones_households: -2.3524174366786743e-05
  zones_logsum_job_high_income: 6.03508884078096e-08
  zones_logsum_job_low_income: -2.5725212019338942e-08
  zones_logsum_pop_high_income: -6.381249184635933e-08
  zones_logsum_pop_low_income: 2.7156359343294735e-08
  zones_population: 9.860369798140743e-06
  zones_retail_jobs: 7.30495413867035e-05
  zones_transit_jobs_30min: 2.971448520349159e-06
  zones_transit_jobs_50min: -1.8335501282570525e-06
  zones_z_total_jobs: -8.616093342631395e-07
sample_size: 1694
score: 0.5277783772302714
