fit_filters:
- non_residential_sqft > 0
- sqft_price_nonres > 1
- sqft_price_nonres < 650
- hedonic_id == 9921
model_expression:
  left_side: np.log1p(sqft_price_nonres)
model_type: Regression
name: RegressionModel
predict_filters: hedonic_id == 9921
ytransform: np.exp
coef:
  Intercept: -8.281745408247525
  b_total_jobs: 0.00012855270204963174
  building_age: -0.000934892523964846
  building_sqft: 4.180712022227537e-06
  crime_other_rate: 3.907309510740121e-05
  crime_ucr_rate: 0.00017973744468419007
  jobs_within_30_min: 1.250422774200779e-07
  land_area: -5.7087020082104595e-06
  nodes_walk_ave_nonres_sqft_price: 0.0008627338106430894
  nodes_walk_ave_unit_sqft: -5.211892709778748e-05
  nodes_walk_housing_cost: 2.989537402613914e-06
  nodes_walk_industrial: -9.819143545378553e-05
  nodes_walk_jobs: 0.0001022425304631227
  nodes_walk_node_r1500_sqft: -3.0575147059141284e-09
  nodes_walk_office: -3.9565101151202673e-05
  nodes_walk_population: 4.0845048602271384e-05
  nodes_walk_race_1_hhs: 0.00010316731077423155
  nodes_walk_retail: 0.008042917552330935
  nodes_walk_retail_jobs: 0.00032404725692775234
  parcel_sqft: 3.577788334469709e-08
  parcels_ave_unit_size: -4.7013484595320765e-05
  parcels_total_job_spaces: 0.0006150258808846806
  parcels_total_sqft: -3.6971355966901134e-06
  parcels_zones_employment: -9.15970135358966e-13
  parcels_zones_households: 6.801262748128439e-05
  parcels_zones_jobs_within_30_min: -1.6349258034879309e-07
  parcels_zones_logsum_job_high_income: 2.158548138731501e-07
  parcels_zones_logsum_job_low_income: -5.141398093052151e-08
  parcels_zones_logsum_pop_high_income: -3.7602834162027093e-07
  parcels_zones_logsum_pop_low_income: 3.171355486441657e-08
  parcels_zones_population: -3.918469083088742e-05
  parcels_zones_transit_jobs_30min: -2.0067819834451463e-06
  parcels_zones_transit_jobs_50min: 8.820360537445496e-07
  parcels_zones_z_total_jobs: -2.417094265870778e-10
  residential_sqft: 5.341954853388087e-06
  sqft_per_unit: 0.0004152582677262814
  year_built: 0.006141600108651297
  zones_acres: -2.999257743413632e-05
  zones_employment: -6.813683538997512e-07
  zones_households: 9.278561823243462e-05
  zones_logsum_job_high_income: 2.4162004230353114e-07
  zones_logsum_job_low_income: -6.050054053638484e-08
  zones_logsum_pop_high_income: -2.345168765826838e-07
  zones_logsum_pop_low_income: 1.3352849822818908e-08
  zones_population: -3.319201722570284e-05
  zones_transit_jobs_30min: -2.2234364453568013e-06
  zones_transit_jobs_50min: 6.963103584195191e-07
  zones_z_total_jobs: -3.839255653486636e-07
sample_size: 4192
score: 0.2995348989682335
