fit_filters:
- non_residential_sqft > 0
- sqft_price_nonres > 1
- sqft_price_nonres < 650
- hedonic_id == 16121
model_expression:
  left_side: np.log1p(sqft_price_nonres)
model_type: Regression
name: RegressionModel
predict_filters: hedonic_id == 16121
ytransform: np.exp
coef:
  b_total_jobs: 0.00026362632566091283
  building_age: -0.0012486357234098647
  building_sqft: 1.7026026619438186e-06
  crime_other_rate: 0.00013735904165992262
  crime_ucr_rate: -7.477126072552848e-05
  jobs_within_30_min: 2.3689009748900414e-07
  land_area: -4.269577211555125e-06
  nodes_walk_ave_nonres_sqft_price: 0.0006189449390250787
  nodes_walk_ave_unit_sqft: -8.258145117565062e-06
  nodes_walk_housing_cost: -1.061832753677445e-06
  nodes_walk_industrial: -0.0002418281330427821
  nodes_walk_jobs: -6.940558356845766e-07
  nodes_walk_lowinc_hhs: -0.0002710998936156337
  nodes_walk_max_office_far: -0.0012132923365305844
  nodes_walk_midinc_hhs: 0.0004134855041518739
  nodes_walk_node_r1500_sqft: 9.479051226791534e-09
  nodes_walk_office: 7.12039520560844e-05
  nodes_walk_population: -3.7111450620964484e-05
  nodes_walk_retail: 0.007899935518572182
  nodes_walk_retail_jobs: -6.121715500830454e-05
  parcel_sqft: -8.904024688771687e-08
  parcels_ave_unit_size: -3.386421392197256e-05
  parcels_parcel_size: 1.6493393431524397e-07
  parcels_pct_undev: 0.0023819054238933624
  parcels_total_job_spaces: 0.0019553630748502747
  parcels_total_sqft: -4.944338077170211e-06
  parcels_zones_employment: 1.9785888362759525e-06
  parcels_zones_households: -0.0002330480714556348
  parcels_zones_jobs_within_30_min: -6.163333698700084e-07
  parcels_zones_logsum_job_high_income: 1.1089900848466936e-07
  parcels_zones_logsum_job_low_income: 4.180452702683386e-08
  parcels_zones_logsum_pop_high_income: -1.4719151850060667e-07
  parcels_zones_logsum_pop_low_income: -2.055420146926611e-08
  parcels_zones_population: 5.80341203096808e-05
  parcels_zones_retail_jobs: 0.000281098414806649
  parcels_zones_transit_jobs_30min: 1.9340476117117708e-07
  parcels_zones_transit_jobs_50min: 8.856639758846669e-07
  residential_sqft: 5.201134845632232e-05
  sqft_per_unit: 0.0002214689742323256
  vacant_job_spaces: -0.0014263606257862663
  year_built: 0.0006341865412146912
  zones_acres: -3.200370590436447e-05
  zones_households: -0.00010473712669548888
  zones_logsum_job_high_income: 1.33092816904815e-07
  zones_logsum_job_low_income: 3.528748077375887e-08
  zones_logsum_pop_high_income: -2.0746327218934126e-07
  zones_logsum_pop_low_income: -8.813671010959121e-08
  zones_population: 7.838153418681031e-05
  zones_transit_jobs_30min: 3.2708150991517416e-07
  zones_transit_jobs_50min: 3.647922457839025e-07
sample_size: 1626
score: 0.5598148363440598
