fit_filters:
- non_residential_sqft > 0
- sqft_price_nonres > 1
- sqft_price_nonres < 650
- hedonic_id == 351
model_expression:
  left_side: np.log1p(sqft_price_nonres)
model_type: Regression
name: RegressionModel
predict_filters: hedonic_id == 351
ytransform: np.exp
coef:
  Intercept: -2.0174779689240525
  building_age: -1.451565815513807e-05
  building_sqft: 1.4159584366548382e-05
  crime_other_rate: 1.4894718835235082e-05
  crime_ucr_rate: -0.00026721546707997204
  jobs_within_30_min: -6.053778638241722e-07
  land_area: 4.877194270736242e-07
  nodes_walk_ave_unit_sqft: -7.502917451948139e-07
  nodes_walk_hhs_with_children: 6.673169233499269e-05
  nodes_walk_households: -5.0992000058139416e-05
  nodes_walk_housing_cost: 6.610832491195713e-07
  nodes_walk_jobs: 7.806253867712606e-05
  nodes_walk_lowinc_hhs: -0.00012443907642456457
  nodes_walk_medical: 0.006877935982686091
  nodes_walk_node_r1500_sqft: 5.117464123962949e-09
  nodes_walk_office: -0.0001404806351436815
  nodes_walk_race_2_hhs: -1.2338986056251819e-05
  nodes_walk_retail: 3.9101059294136804e-05
  parcel_sqft: -1.7857674377619793e-07
  parcels_ave_unit_size: -1.5888354792330197e-05
  parcels_total_job_spaces: -0.0014603433624243618
  parcels_total_sqft: -9.001562261260568e-06
  parcels_total_units: -0.005900357906640412
  parcels_zones_employment: 1.1691426449793855e-05
  parcels_zones_households: -3.0081943588903573e-06
  parcels_zones_jobs_within_30_min: 3.083900938821415e-07
  parcels_zones_logsum_job_high_income: -3.830905115354785e-07
  parcels_zones_logsum_job_low_income: -3.998093330086002e-08
  parcels_zones_logsum_pop_high_income: 6.873323233799176e-07
  parcels_zones_logsum_pop_low_income: 6.782669409811719e-08
  parcels_zones_population: 1.1618402517694873e-05
  parcels_zones_transit_jobs_30min: -1.3268009592624836e-06
  parcels_zones_transit_jobs_50min: 6.571875322501684e-08
  residential_sqft: 0.00023655372776354468
  vacant_job_spaces: -0.002181920990614865
  year_built: 0.002676463072568061
  zones_households: -2.678702559340116e-05
  zones_logsum_job_high_income: -3.177946081950654e-07
  zones_logsum_job_low_income: -4.750495008568612e-08
  zones_logsum_pop_high_income: 3.335645530772043e-07
  zones_logsum_pop_low_income: 2.3104238981587618e-08
  zones_population: 7.593903200322629e-07
  zones_transit_jobs_30min: -1.3332238035510528e-06
  zones_transit_jobs_50min: 1.3782652672779782e-07
sample_size: 799
score: 0.5316125504972602
