name: RegressionModel
model_type: regression
fit_filters:
- non_residential_sqft > 0
- sqft_price_nonres > 1
- sqft_price_nonres < 650
- hedonic_id == 91
predict_filters: hedonic_id == 91
ytransform: np.exp
target_variable: np.log1p(sqft_price_nonres)
fitted: true
fit_parameters:
  Coefficient:
    Intercept: 6.420335063026457
    land_area: -2.1511461594622637e-05
    building_sqft: 3.0196437836931584e-05
    jobs_within_30_min: 5.327437386556759e-07
    parcel_sqft: 1.1062246162968605e-06
    crime_ucr_rate: -0.0013454901300901953
    crime_other_rate: -0.00020501597186587005
    parcels_parcel_size: -7.458764463343778e-06
    parcels_total_sqft: -1.3994022956681026e-06
    parcels_zones_jobs_within_30_min: -4.4123616035038665e-08
    zones_acres: -0.00027742097111339533
    zones_population: -0.00013248137273320007
    zones_employment: 0.00014783860063440003
    zones_retail_jobs: 0.0002617257132725151
    zones_logsum_pop_high_income: -2.8814080769122402e-06
    zones_logsum_pop_mid_income: 5.581779081106239e-07
    zones_logsum_pop_low_income: -6.027154854403913e-07
    zones_logsum_job_high_income: 2.356486410061553e-06
    zones_logsum_job_mid_income: -2.0863270013234552e-08
    zones_logsum_job_low_income: -8.080586812029052e-08
    zones_z_total_jobs: 1.2394535598191544e-05
    zones_transit_jobs_60min: -1.0977218475321472e-06
    zones_transit_jobs_50min: 1.2857447727977362e-05
    zones_transit_jobs_30min: -2.950965390626459e-05
    nodes_walk_population: -0.0003315747083227521
    nodes_walk_race_1_hhs: 0.0005818249753642712
    nodes_walk_race_2_hhs: -0.00027062734575099084
    nodes_walk_sector3_jobs: -0.0005197653475334671
    nodes_walk_sector6_jobs: 0.0016148825963179533
    nodes_walk_sector9_jobs: -0.00014344193791581913
    nodes_walk_sector10_jobs: 0.0002912654164910364
    nodes_walk_sector11_jobs: -0.0005074217367326941
    nodes_walk_sector12_jobs: -0.0018587284248387983
    nodes_walk_sector13_jobs: 0.0001032507077317175
    nodes_walk_sector14_jobs: -0.00039944682528284523
    nodes_walk_sector16_jobs: 0.000497085060709044
    nodes_walk_sector17_jobs: 0.0008395154847947125
    nodes_walk_node_r1500_sqft: -1.5531355831125433e-08
    nodes_walk_housing_cost: 3.781379269041667e-06
  Std. Error: {}
  T-Score: {}
fit_rsquared: 0.9779081515640916
fit_rsquared_adj: 0.9779081515640916
sample_size: 37
model_expression:
  left_side: np.log1p(sqft_price_nonres)
  right_side:
  - land_area
  - building_sqft
  - jobs_within_30_min
  - parcel_sqft
  - crime_ucr_rate
  - crime_other_rate
  - parcels_parcel_size
  - parcels_total_sqft
  - parcels_zones_jobs_within_30_min
  - zones_acres
  - zones_population
  - zones_employment
  - zones_retail_jobs
  - zones_logsum_pop_high_income
  - zones_logsum_pop_mid_income
  - zones_logsum_pop_low_income
  - zones_logsum_job_high_income
  - zones_logsum_job_mid_income
  - zones_logsum_job_low_income
  - zones_z_total_jobs
  - zones_transit_jobs_60min
  - zones_transit_jobs_50min
  - zones_transit_jobs_30min
  - nodes_walk_population
  - nodes_walk_race_1_hhs
  - nodes_walk_race_2_hhs
  - nodes_walk_sector3_jobs
  - nodes_walk_sector6_jobs
  - nodes_walk_sector9_jobs
  - nodes_walk_sector10_jobs
  - nodes_walk_sector11_jobs
  - nodes_walk_sector12_jobs
  - nodes_walk_sector13_jobs
  - nodes_walk_sector14_jobs
  - nodes_walk_sector16_jobs
  - nodes_walk_sector17_jobs
  - nodes_walk_node_r1500_sqft
  - nodes_walk_housing_cost
