fit_filters:
- non_residential_sqft > 0
- sqft_price_nonres > 1
- sqft_price_nonres < 650
- hedonic_id == 42
model_type: regression
name: RegressionModel
predict_filters: hedonic_id == 42
target_variable: np.log1p(sqft_price_nonres)
ytransform: np.exp
fit_parameters:
  Coefficient:
    Intercept: 2.8316862008870354
    building_age: -0.0017390656908249924
    building_sqft: -5.205305164564019e-06
    crime_other_rate: 4.145265571338475e-05
    crime_ucr_rate: -0.00039691468804249673
    job_spaces: 0.005029977622633399
    jobs_within_30_min: -7.175008894549207e-07
    land_area: -4.443086244088549e-06
    nodes_walk_ave_nonres_sqft_price: 0.011744766110918774
    nodes_walk_ave_unit_sqft: 1.025617051045256e-05
    nodes_walk_hhs_with_children: -0.005137854522827089
    nodes_walk_highinc_hhs: 0.0041474915223731175
    nodes_walk_households: -0.0009583208843170286
    nodes_walk_housing_cost: -2.481169705438291e-06
    nodes_walk_industrial: -0.004241612492681128
    nodes_walk_jobs: 1.5569431506236995e-05
    nodes_walk_medical: 8.280222813281354e-05
    nodes_walk_midinc_hhs: -0.0016099466005204148
    nodes_walk_node_r1500_sqft: 6.809707305525572e-09
    nodes_walk_office: -0.0007885552975347158
    nodes_walk_population: 0.0019165931418009662
    nodes_walk_race_1_hhs: -0.0017507990126917389
    nodes_walk_race_4_hhs: -0.0006373287814368104
    nodes_walk_retail: -0.0024434707221551465
    nodes_walk_retail_jobs: -0.0010474541390158715
    parcel_sqft: -5.895048639744895e-07
    parcels_ave_unit_size: 6.26783418291249e-05
    parcels_parcel_size: 9.143129206729043e-07
    parcels_total_job_spaces: -0.004057425686625184
    parcels_total_sqft: 6.6378061666404585e-06
    parcels_zones_jobs_within_30_min: 5.601218147911555e-07
    parcels_zones_popden: -0.0032021704622005173
    residential_sqft: 2.1889685087218963e-05
    school_district_achievement: -0.0022269837912760513
    vacant_job_spaces: 0.00048304493944706633
    year_built: 0.0004057207876714056
    zone_mean_age_of_head: 4.0912951756607903e-19
    zones_acres: 1.4203566091410994e-05
    zones_households: 0.0006279351052319334
    zones_logsum_job_high_income: 1.3685421434018115e-06
    zones_logsum_job_low_income: -6.061134131809854e-08
    zones_logsum_job_mid_income: -1.389176821619955e-07
    zones_logsum_pop_high_income: -1.0187021086811406e-06
    zones_logsum_pop_low_income: -8.402866365898605e-08
    zones_logsum_pop_mid_income: 1.3680004100146274e-07
    zones_mean_age_of_head: 0.01219837702643802
    zones_population: -0.0003629538310833207
    zones_retail_jobs: 0.001174141240520791
    zones_transit_jobs_30min: 9.596839937880588e-06
    zones_transit_jobs_50min: 2.5900537197115855e-06
    zones_z_total_jobs: 2.476359645410538e-05
fit_rsquared: 0.8198807186655368
fitted: true
sample_size: 106
