fit_filters:
- non_residential_sqft > 0
- sqft_price_nonres > 1
- sqft_price_nonres < 650
- hedonic_id == 11551
model_type: regression
name: RegressionModel
predict_filters: hedonic_id == 11551
target_variable: np.log1p(sqft_price_nonres)
ytransform: np.exp
fit_parameters:
  Coefficient:
    Intercept: 4.539825730148972
    building_age: -0.0008675227047859268
    building_sqft: -5.4498219877641084e-05
    crime_other_rate: 5.241347215963685e-05
    crime_ucr_rate: -0.00039569273040654
    jobs_within_30_min: -4.3872431485739733e-07
    land_area: 7.329673630921206e-05
    nodes_walk_ave_unit_sqft: -4.508590540365816e-05
    nodes_walk_housing_cost: 5.0928677946797124e-06
    nodes_walk_jobs: 0.0005193130718664486
    nodes_walk_medical: 0.0066431862920003715
    nodes_walk_node_r1500_sqft: 2.1487155498346007e-08
    nodes_walk_retail_jobs: -0.0001959743400037305
    parcel_sqft: 3.066989905012473e-06
    parcels_ave_unit_size: -0.00010120095296125359
    parcels_parcel_size: -3.2896671901991495e-06
    parcels_total_sqft: -3.810059756063465e-05
    parcels_zones_jobs_within_30_min: -4.932738192891487e-09
    zones_acres: -3.289863943740515e-05
    zones_employment: -0.00010465654288522593
    zones_logsum_job_high_income: 3.134265754654357e-06
    zones_logsum_job_low_income: 2.956909900599719e-05
    zones_logsum_job_mid_income: 5.113456245656229e-07
    zones_logsum_pop_high_income: -3.4262473678524907e-06
    zones_logsum_pop_low_income: -1.0857219409039903e-05
    zones_logsum_pop_mid_income: 8.830751163234899e-07
    zones_population: -3.693248590085679e-06
    zones_transit_jobs_30min: -0.0003398130726465602
    zones_transit_jobs_50min: -2.550192352587979e-06
    zones_z_total_jobs: -6.209722130227345e-05
fit_rsquared: 0.7662701348795251
fitted: true
sample_size: 99
