fit_filters:
- non_residential_sqft > 0
- sqft_price_nonres > 1
- sqft_price_nonres < 650
- hedonic_id == 14765
model_expression:
  left_side: np.log1p(sqft_price_nonres)
model_type: Regression
name: RegressionModel
predict_filters: hedonic_id == 14765
ytransform: np.exp
coef:
  Intercept: -1.2426848599799767
  b_total_jobs: 0.00761122396933834
  building_age: -0.00011737720187887489
  building_sqft: -7.469959310962292e-05
  crime_other_rate: 4.0774895159548686e-05
  crime_ucr_rate: -0.00020492058652986277
  jobs_non_home_based: 5.928167768339901e-16
  jobs_within_30_min: 6.2702729179814755e-06
  land_area: 2.7524249902644232e-05
  nodes_walk_ave_nonres_sqft_price: 0.008290683272512612
  nodes_walk_ave_unit_sqft: -1.2329367040790903e-05
  nodes_walk_housing_cost: 2.2312917055028877e-06
  nodes_walk_jobs: -3.886318242481119e-05
  nodes_walk_lowinc_hhs: -0.0011692809868412582
  nodes_walk_node_r1500_sqft: -1.7288356623311303e-08
  nodes_walk_office: -2.2931326190496635e-05
  nodes_walk_population: -0.0002132150584945066
  nodes_walk_residential: -0.002233037314851573
  nodes_walk_retail: 0.001246658057022604
  nodes_walk_retail_jobs: 0.0028932062229290218
  parcel_sqft: 2.0487074554801605e-08
  parcels_ave_unit_size: -0.00010706480714349908
  parcels_total_sqft: -7.674609945287997e-06
  parcels_zones_employment: -7.147713665393716e-05
  parcels_zones_households: 3.73177821341473e-05
  parcels_zones_logsum_job_high_income: 1.0111836892595212e-05
  parcels_zones_logsum_job_low_income: -1.7751911017148702e-06
  parcels_zones_logsum_pop_high_income: -5.304728952759445e-06
  parcels_zones_logsum_pop_low_income: 9.069508562469001e-07
  parcels_zones_population: 0.00010168552068694916
  parcels_zones_retail_jobs: -0.0009122376998362322
  parcels_zones_transit_jobs_30min: -2.8309721453184672e-05
  parcels_zones_transit_jobs_50min: 8.169206721381459e-06
  parcels_zones_z_total_jobs: -6.482658663830251e-06
  residential_sqft: 0.0001403873480425848
  sqft_per_unit: -6.729881497836102e-05
  year_built: 0.002779843829080071
  zones_acres: -3.775851404714284e-06
  zones_logsum_job_high_income: 1.0086545908085765e-05
  zones_logsum_job_low_income: -1.7395156112324945e-06
  zones_logsum_pop_high_income: -5.593827492239148e-06
  zones_logsum_pop_low_income: 9.364439483754349e-07
  zones_retail_jobs: -0.00012388031237773047
  zones_transit_jobs_30min: -1.901144630262466e-05
  zones_transit_jobs_50min: 7.780642120409822e-06
  zones_z_total_jobs: -6.578884492977252e-06
sample_size: 273
score: 0.4790083220320491
