fit_filters:
- non_residential_sqft > 0
- sqft_price_nonres > 1
- sqft_price_nonres < 650
- hedonic_id == 91
model_expression:
  left_side: np.log1p(sqft_price_nonres)
model_type: Regression
name: RegressionModel
predict_filters: hedonic_id == 91
ytransform: np.exp
coef:
  Intercept: 7.886591577863257
  b_total_jobs: -0.0013485687057650032
  building_sqft: -8.064276530554824e-06
  crime_other_rate: -0.0006920894869324313
  crime_ucr_rate: -0.0014809767832858897
  job_spaces: -0.002177746526412034
  jobs_within_30_min: -6.434837484430605e-07
  land_area: 3.0398390256789926e-05
  nodes_walk_ave_nonres_sqft_price: 0.011400222227480827
  nodes_walk_ave_unit_sqft: -0.000713713629093911
  nodes_walk_housing_cost: 3.3119253873898654e-06
  nodes_walk_industrial: -0.006751394624608658
  nodes_walk_jobs: 0.00010425289926689603
  nodes_walk_medical: -0.0017355009485940209
  nodes_walk_node_r1500_sqft: -4.4681826047665785e-07
  nodes_walk_office: 0.0046603609452823816
  nodes_walk_population: 0.0019057205684066736
  nodes_walk_race_1_hhs: -0.0020955247495651197
  nodes_walk_race_2_hhs: -0.006578680945767778
  nodes_walk_race_3_hhs: 0.012305153164608207
  nodes_walk_race_4_hhs: 0.010765982167850567
  nodes_walk_retail_jobs: 0.0004223259543943997
  non_residential_units: -2.0741334535141403e-16
  parcel_sqft: 1.038417163531015e-06
  parcels_ave_unit_size: -0.0004406121658761437
  parcels_total_job_spaces: -0.0012790835611172803
  parcels_total_sqft: -2.897610447440263e-06
  parcels_zones_employment: 8.332485573744155e-08
  parcels_zones_households: 0.00013168475986796398
  parcels_zones_jobs_within_30_min: 7.091121476529715e-07
  parcels_zones_logsum_job_high_income: 4.218613619800894e-06
  parcels_zones_logsum_job_low_income: -2.0870091663777285e-06
  parcels_zones_logsum_pop_high_income: -2.978418927259336e-06
  parcels_zones_logsum_pop_low_income: 1.8920097648810008e-06
  parcels_zones_population: -0.0004024163905942309
  parcels_zones_retail_jobs: -0.0005765808723764263
  parcels_zones_transit_jobs_30min: -3.742795421641302e-05
  parcels_zones_transit_jobs_50min: -1.5257832202343089e-05
  school_district_achievement: -0.005967924304027858
  zones_acres: 0.000794206008820766
  zones_employment: 8.13078839636312e-05
  zones_households: 0.00014164151940947075
  zones_logsum_job_high_income: 4.018879953259246e-06
  zones_logsum_job_low_income: -1.853104458862713e-06
  zones_logsum_pop_high_income: -3.195741518469185e-06
  zones_logsum_pop_low_income: 2.0626617586020805e-06
  zones_population: -0.0002588623517335525
  zones_retail_jobs: -1.0971987202438382e-06
  zones_transit_jobs_30min: -5.1840621732273444e-06
  zones_transit_jobs_50min: 2.0163202670849947e-06
  zones_z_total_jobs: 0.00013717477739090195
sample_size: 37
score: 0.9865533796846991
