fit_filters:
- non_residential_sqft > 0
- sqft_price_nonres > 1
- sqft_price_nonres < 650
- hedonic_id == 14765
model_expression:
  left_side: np.log1p(sqft_price_nonres)
model_type: Regression
name: RegressionModel
predict_filters: hedonic_id == 14765
ytransform: np.exp
coef:
  b_total_jobs: 0.007306464772053339
  building_age: -0.00011145026307885952
  building_sqft: -9.060859127662522e-05
  crime_other_rate: 5.598313554308309e-05
  crime_ucr_rate: -0.00029749143137536093
  jobs_non_home_based: 8.65109168094369e-19
  jobs_within_30_min: 7.823996332750021e-06
  land_area: 3.9430309687086224e-05
  nodes_walk_ave_nonres_sqft_price: 0.006651068515363148
  nodes_walk_ave_unit_sqft: -6.4093193645066216e-06
  nodes_walk_housing_cost: -4.230868129873282e-06
  nodes_walk_jobs: 3.2164549563417884e-05
  nodes_walk_lowinc_hhs: -0.0014112830430682971
  nodes_walk_medical: 0.0004588826103822736
  nodes_walk_midinc_hhs: 6.426004828251912e-05
  nodes_walk_node_r1500_sqft: -1.752249188283535e-08
  nodes_walk_office: -0.00028435750553124664
  nodes_walk_population: -0.0002591628966506501
  nodes_walk_retail: 0.0007495174808105677
  nodes_walk_retail_jobs: 0.002674056034285027
  parcel_sqft: 3.2024583750174174e-08
  parcels_total_sqft: -1.871764027432752e-05
  parcels_zones_employment: -0.00022843417909704353
  parcels_zones_households: 6.611632056807258e-05
  parcels_zones_logsum_job_high_income: 1.1956046741606281e-05
  parcels_zones_logsum_job_low_income: -2.0428177230557138e-06
  parcels_zones_logsum_pop_high_income: -6.149029619783613e-06
  parcels_zones_logsum_pop_low_income: 9.249738024805959e-07
  parcels_zones_population: 9.76903993657425e-05
  parcels_zones_retail_jobs: -0.0005490534472212265
  parcels_zones_transit_jobs_30min: -2.0701739762534755e-05
  parcels_zones_transit_jobs_50min: 6.630644967974238e-06
  parcels_zones_z_total_jobs: -1.0839805455864876e-05
  residential_sqft: 0.0001710490839517407
  sqft_per_unit: -9.695565414730945e-05
  year_built: 0.0034963365588586734
  zones_acres: -3.918600081009269e-06
  zones_logsum_job_high_income: 1.1826162476930852e-05
  zones_logsum_job_low_income: -1.9781604155547338e-06
  zones_logsum_pop_high_income: -6.525722636345429e-06
  zones_logsum_pop_low_income: 1.0645471246139966e-06
  zones_retail_jobs: -7.183631651090274e-05
  zones_transit_jobs_30min: -1.2400485921704155e-05
  zones_transit_jobs_50min: 6.099286788411793e-06
  zones_z_total_jobs: -9.462846546484957e-06
sample_size: 221
score: 0.4727715130682255
