fit_filters:
- non_residential_sqft > 0
- sqft_price_nonres > 1
- sqft_price_nonres < 650
- hedonic_id == 9951
model_expression:
  left_side: np.log1p(sqft_price_nonres)
model_type: Regression
name: RegressionModel
predict_filters: hedonic_id == 9951
ytransform: np.exp
coef:
  b_total_jobs: 0.0007395414769834593
  building_sqft: 2.5665611874843736e-05
  crime_other_rate: 3.151071985864009e-05
  crime_ucr_rate: 0.00011220816492756642
  jobs_non_home_based: 1.7948628112811041e-19
  jobs_within_30_min: 6.672530804556954e-07
  land_area: -1.559738504559632e-05
  nodes_walk_ave_unit_sqft: 2.5830523745801643e-06
  nodes_walk_housing_cost: 1.3244018310391439e-06
  nodes_walk_jobs: 4.9538531023719137e-05
  nodes_walk_medical: 0.007675897549050381
  nodes_walk_midinc_hhs: 0.0005401499724779534
  nodes_walk_node_r1500_sqft: -3.6208258291845876e-08
  nodes_walk_office: -0.0005581133840061533
  nodes_walk_race_1_hhs: 0.00035662765888607156
  nodes_walk_race_2_hhs: -0.000390084599792961
  nodes_walk_retail: 0.00027644359961588355
  nodes_walk_retail_jobs: -2.946467382381005e-05
  parcel_sqft: 4.588626365901293e-06
  parcels_parcel_size: -4.756070411693016e-06
  parcels_total_sqft: -3.525770218192269e-05
  parcels_zones_employment: 4.6498967761517433e-07
  parcels_zones_households: -8.322660992842583e-06
  parcels_zones_jobs_within_30_min: -1.5788398429671152e-07
  parcels_zones_logsum_job_high_income: -1.686625572003836e-06
  parcels_zones_logsum_job_low_income: 1.9190916817587877e-07
  parcels_zones_logsum_pop_high_income: 3.0786144438196067e-07
  parcels_zones_logsum_pop_low_income: -1.724054777654313e-07
  parcels_zones_population: 2.8179740642783417e-06
  parcels_zones_retail_jobs: -5.5173230452448765e-06
  parcels_zones_transit_jobs_30min: 4.981462952313738e-07
  parcels_zones_transit_jobs_50min: 1.2037876804938124e-06
  parcels_zones_z_total_jobs: 3.8621236424947896e-07
  sqft_per_unit: 0.00022328785781704552
  year_built: 0.004766083796125948
  zones_employment: 3.104323362416831e-06
  zones_households: -1.1426258889921406e-05
  zones_logsum_job_high_income: -1.5307472564396337e-06
  zones_logsum_job_low_income: 1.4808395968569633e-07
  zones_logsum_pop_high_income: 1.0587545073688756e-06
  zones_logsum_pop_low_income: -2.421226593588327e-07
  zones_population: 3.6911157848593304e-06
  zones_transit_jobs_50min: 5.635261553760593e-07
  zones_z_total_jobs: 2.1972353710111275e-06
sample_size: 635
score: 0.5879136204823827
