fit_filters:
- non_residential_sqft > 0
- sqft_price_nonres > 1
- sqft_price_nonres < 650
- hedonic_id == 12523
model_expression:
  left_side: np.log1p(sqft_price_nonres)
model_type: Regression
name: RegressionModel
predict_filters: hedonic_id == 12523
ytransform: np.exp
coef:
  b_total_jobs: 0.0007307245979997386
  building_age: -0.00035632723806318205
  building_sqft: -1.2384365383358878e-07
  crime_other_rate: -3.504934247798506e-05
  crime_ucr_rate: 2.9811878294825655e-05
  jobs_within_30_min: 2.76985675027538e-08
  land_area: -1.5252446090978477e-06
  nodes_walk_housing_cost: -1.214586800974438e-07
  nodes_walk_industrial: 0.00039540775723999284
  nodes_walk_jobs: 4.0661391835498546e-05
  nodes_walk_lowinc_hhs: -2.6612214784459792e-05
  nodes_walk_medical: 0.0003687694464462615
  nodes_walk_node_r1500_sqft: -1.3311215417261122e-08
  nodes_walk_office: 0.010098821138094011
  nodes_walk_population: -6.123316645743809e-05
  nodes_walk_race_1_hhs: 0.0004433235490213652
  nodes_walk_race_3_hhs: -5.9025849279359375e-05
  nodes_walk_retail: -0.0001775961651576805
  nodes_walk_retail_jobs: -1.5753215289908293e-05
  parcel_sqft: 2.812560812584896e-07
  parcels_ave_unit_size: 6.586411300556478e-07
  parcels_parcel_size: -4.32485797123656e-07
  parcels_total_job_spaces: -0.0009624461991809684
  parcels_total_sqft: 1.1505475871317549e-06
  parcels_zones_employment: -5.943831396458259e-08
  parcels_zones_households: 3.268052211562525e-06
  parcels_zones_jobs_within_30_min: 4.291192755933886e-08
  parcels_zones_logsum_job_high_income: 3.6683825883313426e-08
  parcels_zones_logsum_job_low_income: 6.64932490541638e-08
  parcels_zones_logsum_pop_high_income: -5.141153080052544e-08
  parcels_zones_logsum_pop_low_income: -2.1343185354975284e-07
  parcels_zones_transit_jobs_30min: -2.4356438888921345e-06
  residential_sqft: -0.00015283912532619142
  sqft_per_unit: 0.0007639132466745168
  year_built: 0.0027748143146518927
  zones_acres: -3.465959632433802e-05
  zones_households: 5.504185007808486e-06
  zones_logsum_job_high_income: 2.847951430672803e-08
  zones_logsum_job_low_income: 6.832522184947687e-08
  zones_logsum_pop_high_income: -3.802886117992366e-08
  zones_logsum_pop_low_income: -6.891375405907774e-08
  zones_transit_jobs_30min: -1.0951009944106252e-06
  zones_transit_jobs_50min: 4.2117999114611456e-08
sample_size: 4448
score: 0.4395288337784089
