fit_filters:
- non_residential_sqft > 0
- sqft_price_nonres > 1
- sqft_price_nonres < 650
- hedonic_id == 95
model_expression:
  left_side: np.log1p(sqft_price_nonres)
model_type: Regression
name: RegressionModel
predict_filters: hedonic_id == 95
ytransform: np.exp
coef:
  Intercept: 10.617462286273268
  b_total_jobs: -0.0008868635668238631
  building_sqft: -5.783080385446125e-08
  crime_other_rate: -2.9500675914238386e-05
  crime_ucr_rate: 0.000244333632466179
  jobs_non_home_based: -2.529578401995479e-19
  jobs_within_30_min: -6.89661429755177e-07
  land_area: 2.124040538272064e-06
  nodes_walk_ave_nonres_sqft_price: 0.010133931764022577
  nodes_walk_ave_unit_sqft: 0.00011370733778608215
  nodes_walk_highinc_hhs: -0.007588422719319846
  nodes_walk_households: 0.004002880395031716
  nodes_walk_housing_cost: -1.7010764888932138e-06
  nodes_walk_industrial: -3.221889165114928e-05
  nodes_walk_jobs: -8.724519748943216e-06
  nodes_walk_lowinc_hhs: 4.3476634640138254e-05
  nodes_walk_max_retail_far: 0.011894442712468502
  nodes_walk_medical: -0.001347951839109982
  nodes_walk_midinc_hhs: 0.002496703999617469
  nodes_walk_node_r1500_sqft: -1.819333317494765e-08
  nodes_walk_office: -0.0028889473153722914
  nodes_walk_population: -0.0020140738249508515
  nodes_walk_race_2_hhs: -0.003259462355140031
  nodes_walk_race_3_hhs: 0.002528077586461429
  nodes_walk_race_4_hhs: 0.003481344994140922
  nodes_walk_residential: 0.001499157789046723
  nodes_walk_retail: 0.0010390418983743873
  nodes_walk_retail_jobs: 0.00025115184870863144
  parcel_sqft: -2.376637747471095e-08
  parcels_ave_unit_size: 0.00019103713960767074
  parcels_total_job_spaces: -0.00032702826885959804
  parcels_total_sqft: 7.060040646801549e-07
  parcels_total_units: -0.0015101579915554155
  parcels_zones_empden: 0.00036829038115797596
  parcels_zones_employment: 2.2360725591975012e-05
  parcels_zones_households: -2.3552547659091692e-05
  parcels_zones_jobs_within_30_min: -2.0468789633778118e-07
  parcels_zones_logsum_job_high_income: 2.483508508079723e-07
  parcels_zones_logsum_job_low_income: -1.7082433899052208e-08
  parcels_zones_logsum_pop_high_income: -2.836894896732934e-07
  parcels_zones_logsum_pop_low_income: -3.4968646698304126e-08
  parcels_zones_popden: -0.00017873459331913747
  parcels_zones_population: 0.00017893593636943215
  parcels_zones_retail_jobs: 0.0006429414445055795
  parcels_zones_transit_jobs_30min: -9.577065330957488e-06
  parcels_zones_transit_jobs_50min: 2.9045647780391605e-06
  parcels_zones_z_total_jobs: 8.021083534024491e-09
  popden: -0.00042362754534011377
  school_district_achievement: 0.0001914542899653423
  vacant_job_spaces: 0.002821244250794643
  year_built: -0.0036508431834641644
  zones_acres: -7.429985697566135e-05
  zones_empden: 0.0007444420724156211
  zones_employment: 4.12980720640944e-09
  zones_households: -0.00017943336027451346
  zones_logsum_job_high_income: 2.3204046593692392e-07
  zones_logsum_job_low_income: -1.6293042546054744e-08
  zones_logsum_pop_high_income: -3.2739335877886434e-07
  zones_logsum_pop_low_income: 7.6007229025003e-08
  zones_population: 2.5148936638717334e-05
  zones_retail_jobs: 7.710391043555456e-06
  zones_transit_jobs_30min: -8.74658473068716e-06
  zones_transit_jobs_50min: 3.3072207475727123e-06
  zones_z_total_jobs: 7.901938230634952e-09
sample_size: 138
score: 0.5132783010486022
