fit_filters:
- non_residential_sqft > 0
- sqft_price_nonres > 1
- sqft_price_nonres < 650
- hedonic_id == 12551
model_expression:
  left_side: np.log1p(sqft_price_nonres)
model_type: Regression
name: RegressionModel
predict_filters: hedonic_id == 12551
ytransform: np.exp
coef:
  building_age: -0.00018644749182056947
  building_sqft: -2.1701622023828346e-06
  crime_other_rate: -7.744419812712653e-05
  crime_ucr_rate: -0.00012017870422385947
  jobs_within_30_min: -3.99196607934535e-08
  land_area: -7.826961929624145e-06
  nodes_walk_ave_nonres_sqft_price: 0.0005768511928452658
  nodes_walk_ave_unit_sqft: -1.353306716311696e-05
  nodes_walk_housing_cost: -7.109508511570946e-07
  nodes_walk_jobs: 5.5526043146306924e-05
  nodes_walk_medical: 0.005924404790191252
  nodes_walk_node_r1500_sqft: 8.007170144924707e-09
  nodes_walk_office: 0.0006270506164114533
  nodes_walk_race_1_hhs: -7.736862726546401e-05
  nodes_walk_race_2_hhs: 0.0001259180362992397
  nodes_walk_race_3_hhs: -0.000480231895266652
  nodes_walk_retail: 0.0005797092396390043
  nodes_walk_retail_jobs: -0.00012758424963715714
  parcel_sqft: 1.7496784465329592e-06
  parcels_ave_unit_size: -8.941676602247365e-06
  parcels_total_sqft: -4.297555827425314e-06
  parcels_zones_employment: -8.189776897507658e-06
  parcels_zones_households: -1.9035239812799037e-05
  parcels_zones_jobs_within_30_min: 1.1192381363488144e-07
  parcels_zones_logsum_job_high_income: 1.1393211928659325e-07
  parcels_zones_logsum_job_low_income: 3.703070113402211e-07
  parcels_zones_logsum_pop_high_income: -1.5550847801784379e-07
  parcels_zones_logsum_pop_low_income: -3.0979903967573466e-07
  parcels_zones_population: 9.037908611501058e-06
  parcels_zones_retail_jobs: 2.951813999533228e-05
  parcels_zones_transit_jobs_30min: 1.2967447624850347e-06
  parcels_zones_transit_jobs_50min: -2.069957167779327e-07
  year_built: 0.003515237459603304
  zones_acres: -3.690258108472358e-05
  zones_households: -2.0330071906362927e-05
  zones_logsum_job_high_income: 1.1306278677855302e-07
  zones_logsum_job_low_income: 3.477765535826843e-07
  zones_logsum_pop_high_income: -1.5324241219976102e-07
  zones_logsum_pop_low_income: -3.0584881155620485e-07
  zones_population: 1.4596005741555872e-05
  zones_retail_jobs: 4.8487979276633715e-06
  zones_transit_jobs_50min: -1.8373115784252e-07
sample_size: 725
score: 0.5179405782468907
