fit_filters:
- non_residential_sqft > 0
- sqft_price_nonres > 1
- sqft_price_nonres < 650
- hedonic_id == 12533
model_expression:
  left_side: np.log1p(sqft_price_nonres)
model_type: Regression
name: RegressionModel
predict_filters: hedonic_id == 12533
ytransform: np.exp
coef:
  b_total_jobs: 0.00020896447369447526
  building_age: -0.0006646134659407769
  building_sqft: -1.6607398672450603e-06
  crime_other_rate: 0.00014717119586735194
  crime_ucr_rate: -0.00045672758297395354
  job_spaces: 0.00035940370237158266
  jobs_non_home_based: 0.00029740907351542286
  jobs_within_30_min: 1.1704278312846287e-07
  land_area: 2.4798554753226693e-06
  nodes_walk_ave_nonres_sqft_price: 0.00844869223723445
  nodes_walk_ave_unit_sqft: 4.831534611214848e-07
  nodes_walk_households: 0.0006081533113209207
  nodes_walk_housing_cost: -9.429087023630681e-07
  nodes_walk_industrial: 0.0010044089823146483
  nodes_walk_jobs: 6.064574160297446e-05
  nodes_walk_medical: -0.0004375607185017422
  nodes_walk_midinc_hhs: 2.5381682590329877e-05
  nodes_walk_node_r1500_sqft: 3.951989373183984e-09
  nodes_walk_office: -0.0006703153272559997
  nodes_walk_population: -0.00035311762932339213
  nodes_walk_race_1_hhs: 5.014044946513118e-05
  nodes_walk_retail: -0.0003246517686511347
  nodes_walk_retail_jobs: -0.00010232466621905522
  non_residential_units: 1.9253922751591126e-19
  parcel_sqft: -1.2119338824900985e-08
  parcels_ave_unit_size: 5.353749004527273e-05
  parcels_parcel_size: 3.808821741116369e-07
  parcels_pct_undev: 0.001023873274492365
  parcels_total_job_spaces: 0.00016085556053921227
  parcels_total_sqft: -1.9356710071616515e-06
  parcels_zones_employment: 8.055562788764214e-12
  parcels_zones_households: -0.00021788916644717942
  parcels_zones_jobs_within_30_min: -4.12704111062573e-08
  parcels_zones_logsum_job_high_income: 9.98233304523338e-08
  parcels_zones_logsum_job_low_income: 3.7897953480979576e-07
  parcels_zones_logsum_pop_high_income: -1.4415464498674832e-07
  parcels_zones_logsum_pop_low_income: -2.0141936613794907e-07
  parcels_zones_mean_age_of_head: -0.0009297395977485456
  parcels_zones_population: 7.054251960403419e-05
  parcels_zones_retail_jobs: -0.0002101654632443292
  parcels_zones_transit_jobs_30min: 5.394452272819898e-06
  parcels_zones_transit_jobs_50min: -9.788325975007553e-07
  parcels_zones_z_total_jobs: 1.2615881522781223e-06
  school_district_achievement: -0.00023564966827518575
  year_built: 0.004995033746550531
  zones_acres: -3.7694242863821585e-05
  zones_employment: 4.060701447064288e-06
  zones_households: -0.00015450512737794132
  zones_logsum_job_high_income: 1.0046655455111569e-07
  zones_logsum_job_low_income: 3.6348691107980416e-07
  zones_logsum_pop_high_income: -1.3999930352317363e-07
  zones_logsum_pop_low_income: -2.1493519742518556e-07
  zones_mean_age_of_head: -0.00032015616476884304
  zones_population: 7.107537973339435e-05
  zones_retail_jobs: -1.0421078406468911e-05
  zones_transit_jobs_30min: 3.5612255785596297e-06
  zones_transit_jobs_50min: -6.606546783672102e-07
  zones_z_total_jobs: 2.2475389086947675e-06
sample_size: 1681
score: 0.33747249080080155
