fit_filters:
- non_residential_sqft > 0
- sqft_price_nonres > 1
- sqft_price_nonres < 650
- hedonic_id == 12551
model_expression:
  left_side: np.log1p(sqft_price_nonres)
model_type: Regression
name: RegressionModel
predict_filters: hedonic_id == 12551
ytransform: np.exp
coef:
  building_age: -4.713530149404702e-08
  building_sqft: 3.5967886647833327e-06
  crime_other_rate: -6.40486421953007e-05
  crime_ucr_rate: -5.355248009003643e-05
  jobs_within_30_min: -1.6805080166225887e-07
  land_area: -8.68869033521665e-06
  nodes_walk_ave_nonres_sqft_price: 0.001504551111185249
  nodes_walk_ave_unit_sqft: -2.5939870039606722e-09
  nodes_walk_hhs_with_children: -0.0006435297091969349
  nodes_walk_highinc_hhs: -0.0007221051752366417
  nodes_walk_housing_cost: 1.438746082368681e-06
  nodes_walk_industrial: 0.00048094237233086524
  nodes_walk_jobs: 8.439976038441123e-05
  nodes_walk_medical: 0.008288757394494783
  nodes_walk_node_r1500_sqft: 3.2678551970398283e-08
  nodes_walk_office: -3.122497303843282e-06
  nodes_walk_population: 0.0001651726824074552
  nodes_walk_race_2_hhs: 0.0005191301313849101
  nodes_walk_race_3_hhs: -0.003714491705914411
  parcel_sqft: 8.397363140191531e-07
  parcels_ave_unit_size: -0.00011826168120400908
  parcels_parcel_size: -7.467466838949989e-07
  parcels_total_job_spaces: 0.001138810866183727
  parcels_total_sqft: -9.18252442997695e-06
  parcels_zones_employment: 2.3946666109042986e-06
  parcels_zones_households: -5.1737099099551085e-05
  parcels_zones_jobs_within_30_min: 8.425086058742434e-08
  parcels_zones_logsum_job_high_income: -6.722174235062301e-08
  parcels_zones_logsum_job_low_income: 5.116119818153921e-07
  parcels_zones_logsum_pop_high_income: 9.246840143277029e-08
  parcels_zones_logsum_pop_low_income: -3.898039502673552e-07
  parcels_zones_population: 4.8844506782902226e-05
  parcels_zones_retail_jobs: 7.08709947412923e-05
  parcels_zones_transit_jobs_30min: -4.328742018076388e-06
  parcels_zones_transit_jobs_50min: -5.922917295167931e-07
  residential_sqft: 1.3656056938493078e-06
  school_district_achievement: -0.0002996025428495483
  sqft_per_unit: 1.312655168032569e-06
  vacant_job_spaces: -0.0005030168716701584
  year_built: 0.0031648022522992015
  zones_acres: -6.746150596355176e-07
  zones_empden: -0.0005653848569167337
  zones_households: -7.979074821287446e-05
  zones_logsum_job_high_income: -6.694209567529177e-08
  zones_logsum_job_low_income: 4.968356182004461e-07
  zones_logsum_pop_high_income: 8.34511295866119e-08
  zones_logsum_pop_low_income: -3.900400459451341e-07
  zones_population: 3.759279458419085e-05
  zones_retail_jobs: 1.7051102112272698e-05
  zones_transit_jobs_30min: -2.4195357917446044e-06
  zones_transit_jobs_50min: -3.009209665495375e-07
sample_size: 837
score: 0.6071863754655866
