fit_filters:
- non_residential_sqft > 0
- sqft_price_nonres > 1
- sqft_price_nonres < 650
- hedonic_id == 11521
model_type: regression
name: RegressionModel
predict_filters: hedonic_id == 11521
target_variable: np.log1p(sqft_price_nonres)
ytransform: np.exp
fit_parameters:
  Coefficient:
    Intercept: 1.527727059082296
    b_total_jobs: 0.001846947788548722
    building_age: -6.382880622599733e-08
    building_sqft: -3.255524026854197e-06
    crime_other_rate: 0.00015195129285143033
    crime_ucr_rate: -0.0005380191140873467
    jobs_non_home_based: 1.9202810054935959e-16
    jobs_within_30_min: 1.4338033154522858e-07
    land_area: 5.080951566415027e-06
    nodes_walk_ave_nonres_sqft_price: 0.00028599054938835297
    nodes_walk_housing_cost: -7.320016794163829e-07
    nodes_walk_industrial: 0.0014534515649959486
    nodes_walk_jobs: -2.2092333545195473e-05
    nodes_walk_medical: 0.0005351985140687962
    nodes_walk_node_r1500_sqft: -4.4066269932974204e-09
    nodes_walk_population: 0.00027376023369867305
    nodes_walk_retail: 0.013014657396481421
    nodes_walk_retail_jobs: 0.000707244377810456
    parcel_sqft: 2.796953053239981e-07
    parcels_ave_unit_size: -1.347082596245983e-06
    parcels_parcel_size: -2.1265949568610264e-07
    parcels_pct_undev: 0.00042470222007907644
    parcels_total_sqft: -6.472461676929081e-06
    residential_sqft: 0.0003234257281663006
    sqft_per_unit: 8.145401822838578e-05
    year_built: 0.0009149726361472614
    zones_acres: -8.118285714482914e-07
    zones_employment: 2.2255928444895885e-05
    zones_households: -0.00014061034725921143
    zones_logsum_job_high_income: -4.7128009434210674e-06
    zones_logsum_job_low_income: -1.705884321996204e-05
    zones_logsum_job_mid_income: 4.204952491776607e-06
    zones_logsum_pop_high_income: -7.128317985578868e-07
    zones_logsum_pop_low_income: 5.5386750226185766e-06
    zones_logsum_pop_mid_income: 3.120090315301221e-06
    zones_population: 1.2458563123564734e-05
    zones_retail_jobs: 0.0001741770624188629
    zones_transit_jobs_30min: 3.5428657799917686e-05
    zones_transit_jobs_50min: 1.2636132756615072e-05
    zones_z_total_jobs: 9.358053357587732e-05
  Std. Error: {}
  T-Score: {}
fit_rsquared: 0.431520735723115
fit_rsquared_adj: 0.431520735723115
fitted: true
model_expression:
  left_side: np.log1p(sqft_price_nonres)
  right_side:
  - year_built
  - sqft_per_unit
  - land_area
  - residential_sqft
  - building_sqft
  - jobs_within_30_min
  - parcel_sqft
  - crime_ucr_rate
  - crime_other_rate
  - building_age
  - b_total_jobs
  - jobs_non_home_based
  - parcels_pct_undev
  - parcels_parcel_size
  - parcels_ave_unit_size
  - parcels_total_sqft
  - zones_acres
  - zones_households
  - zones_population
  - zones_employment
  - zones_retail_jobs
  - zones_logsum_pop_high_income
  - zones_logsum_pop_mid_income
  - zones_logsum_pop_low_income
  - zones_logsum_job_high_income
  - zones_logsum_job_mid_income
  - zones_logsum_job_low_income
  - zones_z_total_jobs
  - zones_transit_jobs_50min
  - zones_transit_jobs_30min
  - nodes_walk_population
  - nodes_walk_jobs
  - nodes_walk_retail_jobs
  - nodes_walk_node_r1500_sqft
  - nodes_walk_ave_nonres_sqft_price
  - nodes_walk_retail
  - nodes_walk_industrial
  - nodes_walk_medical
  - nodes_walk_housing_cost
sample_size: 958
