fit_filters:
- non_residential_sqft > 0
- sqft_price_nonres > 1
- sqft_price_nonres < 650
- hedonic_id == 16151
model_expression:
  left_side: np.log1p(sqft_price_nonres)
model_type: Regression
name: RegressionModel
predict_filters: hedonic_id == 16151
ytransform: np.exp
coef:
  b_total_jobs: 0.0007384374145575141
  building_age: -0.0002317627872698452
  building_sqft: -5.003807615149446e-06
  crime_other_rate: -0.00010361916642257488
  crime_ucr_rate: -0.0002532018361786716
  jobs_non_home_based: 9.731860802777056e-17
  jobs_within_30_min: -1.1744274269110626e-06
  land_area: 4.724024246992745e-06
  nodes_walk_ave_nonres_sqft_price: 0.0015504161601446517
  nodes_walk_ave_unit_sqft: 0.00011756132297439832
  nodes_walk_households: 0.0006702988457930791
  nodes_walk_housing_cost: -1.5353914812112636e-06
  nodes_walk_jobs: -5.711194834203268e-05
  nodes_walk_lowinc_hhs: 0.0008997772151990857
  nodes_walk_max_office_far: 0.001306398801402754
  nodes_walk_medical: 0.0043735764716505915
  nodes_walk_node_r1500_sqft: -8.634129026626197e-09
  nodes_walk_office: -4.737436879819806e-05
  nodes_walk_population: -0.00021084691428502792
  nodes_walk_race_2_hhs: 0.0005426689704566399
  nodes_walk_race_3_hhs: -3.442392240136071e-05
  nodes_walk_retail: -0.0013730111351578033
  nodes_walk_retail_jobs: 0.000390901659867611
  parcel_sqft: 8.777857237969753e-08
  parcels_ave_unit_size: 2.6833103704605936e-06
  parcels_total_sqft: -1.677279664575117e-07
  parcels_zones_employment: 9.074699557022888e-06
  parcels_zones_households: 0.0002472987551009276
  parcels_zones_jobs_within_30_min: 5.703070716438744e-07
  parcels_zones_logsum_job_high_income: -2.0782155920312671e-07
  parcels_zones_logsum_job_low_income: -8.306227031243892e-08
  parcels_zones_logsum_pop_high_income: 2.945015244901957e-07
  parcels_zones_logsum_pop_low_income: 2.6781833391350297e-07
  parcels_zones_population: -9.213219884556789e-05
  parcels_zones_retail_jobs: 0.00014660282404355406
  parcels_zones_transit_jobs_30min: 1.725794022753e-06
  parcels_zones_transit_jobs_50min: 5.763322940926851e-07
  parcels_zones_z_total_jobs: 1.124676677457688e-06
  residential_sqft: -0.00018567846080512322
  vacant_job_spaces: -0.006005992683757539
  year_built: 0.003732322559144102
  zones_acres: -2.01222201270247e-05
  zones_employment: 1.732287052818255e-06
  zones_households: 0.0002266138180060159
  zones_logsum_job_high_income: 9.911845508196346e-09
  zones_logsum_job_low_income: -1.0392136001511335e-07
  zones_logsum_pop_high_income: -3.9459525067021205e-08
  zones_logsum_pop_low_income: 3.002052107906579e-08
  zones_population: -6.477129033720333e-05
  zones_retail_jobs: 0.00013356697474720263
  zones_transit_jobs_30min: 1.4685610065470666e-06
  zones_transit_jobs_50min: 2.0128494863181703e-07
  zones_z_total_jobs: 1.7927189785168436e-06
sample_size: 172
score: 0.6526534433740019
