fit_filters:
- non_residential_sqft > 0
- sqft_price_nonres > 1
- sqft_price_nonres < 650
- hedonic_id == 14765
model_type: regression
name: RegressionModel
predict_filters: hedonic_id == 14765
target_variable: np.log1p(sqft_price_nonres)
ytransform: np.exp
fit_parameters:
  Coefficient:
    Intercept: -0.8621421569553354
    b_total_jobs: 0.006818274782240878
    building_age: -0.00016858554256529422
    building_sqft: -6.812016955817112e-05
    crime_other_rate: 5.122107017541706e-05
    crime_ucr_rate: -0.0002482233189336204
    jobs_non_home_based: 4.353088710527222e-16
    jobs_within_30_min: 4.378168246836665e-06
    land_area: 1.9211004549621e-05
    nodes_walk_ave_nonres_sqft_price: 0.0084907161041941
    nodes_walk_ave_unit_sqft: -7.604544251119096e-06
    nodes_walk_housing_cost: 5.532532782241173e-06
    nodes_walk_jobs: 1.4369708920729282e-05
    nodes_walk_lowinc_hhs: -0.0007819460089926254
    nodes_walk_medical: 1.3946797150164715e-05
    nodes_walk_node_r1500_sqft: -2.0343983587588676e-08
    nodes_walk_office: -2.980938283552383e-05
    nodes_walk_population: -0.00031983333867713945
    nodes_walk_residential: -0.0034653941444911444
    nodes_walk_retail: 0.00046178143409194184
    nodes_walk_retail_jobs: 0.003121600308937204
    parcel_sqft: 4.454816225177841e-08
    parcels_ave_unit_size: -0.00020451584510657622
    parcels_parcel_size: -2.906624959759926e-07
    parcels_pct_undev: -0.0014416508914367532
    parcels_total_sqft: -7.174131300162121e-06
    residential_sqft: 0.0001586787806428821
    sqft_per_unit: -0.00011706448461709128
    year_built: 0.002692599870850172
    zones_acres: 1.4943192638832831e-06
    zones_employment: 8.647071705385975e-06
    zones_households: 0.0003521285079926086
    zones_logsum_job_high_income: 1.3201229841841505e-05
    zones_logsum_job_low_income: -5.4645839704100176e-06
    zones_logsum_job_mid_income: 1.0323930407262565e-05
    zones_logsum_pop_high_income: -7.379168496860702e-06
    zones_logsum_pop_low_income: 2.582617953217884e-06
    zones_logsum_pop_mid_income: -4.02555606378076e-06
    zones_population: -9.068835539490415e-05
    zones_retail_jobs: -0.0011525500029646823
    zones_transit_jobs_30min: -1.0972399437691879e-05
    zones_transit_jobs_50min: 3.4627537284478636e-06
  Std. Error: {}
  T-Score: {}
fit_rsquared: 0.49833262729325234
fit_rsquared_adj: 0.49833262729325234
fitted: true
model_expression:
  left_side: np.log1p(sqft_price_nonres)
  right_side:
  - year_built
  - sqft_per_unit
  - land_area
  - residential_sqft
  - building_sqft
  - jobs_within_30_min
  - parcel_sqft
  - crime_ucr_rate
  - crime_other_rate
  - building_age
  - b_total_jobs
  - jobs_non_home_based
  - parcels_pct_undev
  - parcels_parcel_size
  - parcels_ave_unit_size
  - parcels_total_sqft
  - zones_acres
  - zones_households
  - zones_population
  - zones_employment
  - zones_retail_jobs
  - zones_logsum_pop_high_income
  - zones_logsum_pop_mid_income
  - zones_logsum_pop_low_income
  - zones_logsum_job_high_income
  - zones_logsum_job_mid_income
  - zones_logsum_job_low_income
  - zones_transit_jobs_50min
  - zones_transit_jobs_30min
  - nodes_walk_population
  - nodes_walk_lowinc_hhs
  - nodes_walk_jobs
  - nodes_walk_retail_jobs
  - nodes_walk_node_r1500_sqft
  - nodes_walk_residential
  - nodes_walk_ave_nonres_sqft_price
  - nodes_walk_retail
  - nodes_walk_office
  - nodes_walk_medical
  - nodes_walk_ave_unit_sqft
  - nodes_walk_housing_cost
sample_size: 273
