fit_filters:
- non_residential_sqft > 0
- sqft_price_nonres > 1
- sqft_price_nonres < 650
- hedonic_id == 14
model_expression:
  left_side: np.log1p(sqft_price_nonres)
model_type: Regression
name: RegressionModel
predict_filters: hedonic_id == 14
ytransform: np.exp
coef:
  Intercept: -2.133257006223292
  b_total_jobs: 0.0012886293730598817
  building_age: -0.00018714817928084456
  building_sqft: -5.9171076752616944e-05
  crime_other_rate: 0.00029379052017646504
  crime_ucr_rate: -0.00028021285998212697
  jobs_non_home_based: 1.5244505267359665e-16
  jobs_within_30_min: -9.507047582250675e-07
  land_area: 5.718485579714454e-05
  nodes_walk_ave_nonres_sqft_price: 0.0015637430630612388
  nodes_walk_ave_unit_sqft: 0.00014522330389441884
  nodes_walk_hhs_with_children: 0.0008527643538724642
  nodes_walk_highinc_hhs: 0.00315783856768939
  nodes_walk_housing_cost: -7.862123359328214e-06
  nodes_walk_industrial: 0.0008510951309018711
  nodes_walk_jobs: 0.00014951104552326575
  nodes_walk_lowinc_hhs: -0.00039801656379563914
  nodes_walk_max_office_far: 0.0021007196545236883
  nodes_walk_medical: 0.0005816212401869886
  nodes_walk_node_r1500_sqft: -4.290077148070386e-09
  nodes_walk_office: -0.001068466478337526
  nodes_walk_population: 0.0002837647281967579
  nodes_walk_race_1_hhs: -0.0024440990617681066
  nodes_walk_race_2_hhs: 0.0004328512313761054
  nodes_walk_race_3_hhs: 0.012180291859533584
  nodes_walk_race_4_hhs: -0.009302647607250998
  nodes_walk_residential: 0.0020809619650470883
  nodes_walk_retail: 0.0035567691447298457
  nodes_walk_retail_jobs: -0.00010153060685661181
  parcel_sqft: 6.900323525704797e-08
  parcels_ave_unit_size: 0.0005175434473228323
  parcels_pptytax: -0.0029357169442413827
  parcels_total_job_spaces: 5.191712955043381e-05
  parcels_total_sqft: -5.961439878047717e-06
  parcels_zones_empden: -0.002323421442716479
  parcels_zones_employment: 0.00017884397234187407
  parcels_zones_households: 0.00026815879865492133
  parcels_zones_jobs_within_30_min: -2.4500014308088283e-07
  parcels_zones_logsum_job_high_income: -4.504019901753168e-08
  parcels_zones_logsum_job_low_income: -1.2167360955682513e-07
  parcels_zones_logsum_pop_high_income: 5.04766030528537e-07
  parcels_zones_logsum_pop_low_income: 1.4946075872531168e-08
  parcels_zones_mean_age_of_head: 0.00509687667064872
  parcels_zones_population: -5.552152696764668e-05
  parcels_zones_retail_jobs: -8.482326612351076e-05
  parcels_zones_transit_jobs_30min: -1.781499503915812e-05
  parcels_zones_transit_jobs_50min: 2.786850059380575e-06
  parcels_zones_z_total_jobs: 9.459843473895685e-08
  vacant_job_spaces: -1.0760854999953268e-05
  year_built: 0.002019110330616722
  zones_acres: -0.00025131649975584404
  zones_empden: -0.002009584022745321
  zones_employment: 4.540972063054025e-08
  zones_households: 0.00010595128169417091
  zones_logsum_job_high_income: -4.949551944646797e-08
  zones_logsum_job_low_income: -8.359456893462556e-08
  zones_logsum_pop_high_income: 2.1172796823039973e-07
  zones_logsum_pop_low_income: 7.967164989863533e-08
  zones_mean_age_of_head: 0.004515031853965066
  zones_population: -6.805432375738658e-05
  zones_retail_jobs: -0.00033400619557058704
  zones_transit_jobs_30min: -6.494182478094235e-06
  zones_transit_jobs_50min: 2.8981484687015414e-06
  zones_z_total_jobs: 1.715638928566045e-06
sample_size: 117
score: 0.6573021703659299
