fit_filters:
- non_residential_sqft > 0
- sqft_price_nonres > 1
- sqft_price_nonres < 650
- hedonic_id == 11
model_type: regression
name: RegressionModel
predict_filters: hedonic_id == 11
target_variable: np.log1p(sqft_price_nonres)
ytransform: np.exp
fit_parameters:
  Coefficient:
    Intercept: -9.615581504530317
    building_age: -0.0004706277818184695
    building_sqft: 1.493522344011759e-05
    crime_other_rate: 0.0001662995250800922
    crime_ucr_rate: -0.0008207472942002556
    job_spaces: -0.0013141631424380784
    jobs_within_30_min: -2.322357811816803e-06
    land_area: -3.6010563186833153e-06
    nodes_walk_ave_nonres_sqft_price: 0.0004446083901652653
    nodes_walk_ave_unit_sqft: 0.0002807923310764647
    nodes_walk_hhs_with_children: 0.0008545685621660828
    nodes_walk_highinc_hhs: -0.0026315208559585116
    nodes_walk_households: -0.00026424142688621715
    nodes_walk_housing_cost: -2.612716048567103e-06
    nodes_walk_industrial: 8.328981192725374e-05
    nodes_walk_jobs: -0.0001517239483185843
    nodes_walk_medical: 0.0024847534281598627
    nodes_walk_node_r1500_sqft: -7.512024380175324e-09
    nodes_walk_office: 0.005016192785463974
    nodes_walk_population: -0.0001420791668070575
    nodes_walk_race_2_hhs: -0.0007649285977885422
    nodes_walk_race_3_hhs: 0.0017491285978401179
    nodes_walk_race_4_hhs: -0.003347734228077791
    nodes_walk_residential: 0.0016322678748312979
    nodes_walk_retail: -0.0026930687967185465
    non_residential_units: -3.32895242023728e-19
    parcel_sqft: -4.936916308459387e-07
    parcels_ave_unit_size: 0.00015179173499006317
    parcels_parcel_size: 4.975029459066456e-06
    parcels_total_job_spaces: 0.002771489232526811
    parcels_total_sqft: -1.7180537539560313e-05
    parcels_zones_jobs_within_30_min: 9.671523658852118e-07
    sqft_per_unit: 0.00014375230792566454
    vacant_job_spaces: -0.008260769193437928
    year_built: 0.006237647813078183
    zones_acres: -0.00010194380780209314
    zones_employment: 0.00023437354796338865
    zones_households: -0.0002869211695916542
    zones_logsum_job_high_income: 4.887772694077982e-07
    zones_logsum_job_low_income: -3.7296453530813546e-07
    zones_logsum_job_mid_income: -8.835434216087463e-08
    zones_logsum_pop_high_income: 8.928961501248584e-07
    zones_logsum_pop_low_income: 4.4356229431234323e-07
    zones_logsum_pop_mid_income: 2.635281267363367e-09
    zones_population: 8.429755545036127e-05
    zones_retail_jobs: -1.2052662803416224e-06
    zones_transit_jobs_30min: 2.822588860652798e-05
    zones_transit_jobs_50min: -1.7448962100944554e-06
    zones_z_total_jobs: -0.0002147017729234321
fit_rsquared: 0.693369740812869
fitted: true
model_expression:
  left_side: np.log1p(sqft_price_nonres)
  right_side:
  - year_built
  - sqft_per_unit
  - land_area
  - building_sqft
  - job_spaces
  - non_residential_units
  - jobs_within_30_min
  - vacant_job_spaces
  - parcel_sqft
  - crime_ucr_rate
  - crime_other_rate
  - building_age
  - parcels_parcel_size
  - parcels_ave_unit_size
  - parcels_total_job_spaces
  - parcels_total_sqft
  - parcels_zones_jobs_within_30_min
  - zones_acres
  - zones_households
  - zones_population
  - zones_employment
  - zones_retail_jobs
  - zones_logsum_pop_high_income
  - zones_logsum_pop_mid_income
  - zones_logsum_pop_low_income
  - zones_logsum_job_high_income
  - zones_logsum_job_mid_income
  - zones_logsum_job_low_income
  - zones_z_total_jobs
  - zones_transit_jobs_50min
  - zones_transit_jobs_30min
  - nodes_walk_population
  - nodes_walk_households
  - nodes_walk_highinc_hhs
  - nodes_walk_race_2_hhs
  - nodes_walk_race_3_hhs
  - nodes_walk_race_4_hhs
  - nodes_walk_hhs_with_children
  - nodes_walk_jobs
  - nodes_walk_node_r1500_sqft
  - nodes_walk_residential
  - nodes_walk_ave_nonres_sqft_price
  - nodes_walk_retail
  - nodes_walk_office
  - nodes_walk_industrial
  - nodes_walk_medical
  - nodes_walk_ave_unit_sqft
  - nodes_walk_housing_cost
sample_size: 160
