fit_filters:
- non_residential_sqft > 0
- sqft_price_nonres > 1
- sqft_price_nonres < 650
- hedonic_id == 16165
model_type: regression
name: RegressionModel
predict_filters: hedonic_id == 16165
target_variable: np.log1p(sqft_price_nonres)
ytransform: np.exp
fit_parameters:
  Coefficient:
    Intercept: 1.478053529915619
    building_sqft: -1.4290321610887641e-05
    crime_other_rate: 3.990518691994528e-05
    crime_ucr_rate: 2.4351099912825346e-05
    jobs_within_30_min: 1.2281753402622135e-06
    land_area: -9.859525237032607e-06
    nodes_walk_ave_nonres_sqft_price: 0.005022097968210542
    nodes_walk_ave_unit_sqft: 2.4591427156388906e-05
    nodes_walk_hhs_with_children: -5.233292735330923e-05
    nodes_walk_housing_cost: -2.245198347606154e-06
    nodes_walk_industrial: 0.000751542111201862
    nodes_walk_jobs: -6.2231968179320985e-06
    nodes_walk_medical: -0.0003261443027187575
    nodes_walk_node_r1500_sqft: -2.899876680481907e-08
    nodes_walk_office: 0.0005066274802602005
    nodes_walk_population: 0.00045625560173888417
    nodes_walk_race_1_hhs: -0.001335483181475181
    nodes_walk_race_3_hhs: 0.0008802177347369353
    nodes_walk_retail: 0.0007975319039027915
    nodes_walk_retail_jobs: -0.00010132626187506938
    parcel_sqft: 1.1019077862450512e-07
    parcels_ave_unit_size: 4.257553415855138e-05
    parcels_parcel_size: 5.64641439682577e-08
    parcels_total_job_spaces: 0.0018994357880081577
    parcels_total_sqft: -8.001033701524019e-06
    parcels_zones_jobs_within_30_min: 2.107041789710669e-07
    residential_sqft: 6.0067472670227996e-05
    school_district_achievement: 0.001137697344768833
    sqft_per_unit: 0.00018560199116379508
    vacant_job_spaces: -0.00473198117919104
    year_built: 0.0016877203057200963
    zones_acres: -3.8036240225216794e-05
    zones_empden: -0.00018949411986160703
    zones_logsum_job_high_income: 1.5880056085681195e-06
    zones_logsum_job_low_income: -1.2113902405913737e-07
    zones_logsum_job_mid_income: 3.6662448335573044e-08
    zones_logsum_pop_high_income: -1.8765444774696944e-06
    zones_logsum_pop_low_income: 1.1785105270026945e-07
    zones_logsum_pop_mid_income: -2.9021685997574434e-08
    zones_population: -3.3344390387721564e-05
    zones_retail_jobs: 0.0005829145789303442
    zones_transit_jobs_30min: -2.539728681308602e-06
    zones_transit_jobs_50min: 1.22472086675202e-06
fit_rsquared: 0.6368619375260504
fit_rsquared_adj: 0.6368619375260504
fitted: true
model_expression:
  left_side: np.log1p(sqft_price_nonres)
  right_side:
  - year_built
  - sqft_per_unit
  - land_area
  - residential_sqft
  - building_sqft
  - jobs_within_30_min
  - vacant_job_spaces
  - parcel_sqft
  - school_district_achievement
  - crime_ucr_rate
  - crime_other_rate
  - parcels_parcel_size
  - parcels_ave_unit_size
  - parcels_total_job_spaces
  - parcels_total_sqft
  - parcels_zones_jobs_within_30_min
  - zones_acres
  - zones_population
  - zones_retail_jobs
  - zones_empden
  - zones_logsum_pop_high_income
  - zones_logsum_pop_mid_income
  - zones_logsum_pop_low_income
  - zones_logsum_job_high_income
  - zones_logsum_job_mid_income
  - zones_logsum_job_low_income
  - zones_transit_jobs_50min
  - zones_transit_jobs_30min
  - nodes_walk_population
  - nodes_walk_race_1_hhs
  - nodes_walk_race_3_hhs
  - nodes_walk_hhs_with_children
  - nodes_walk_jobs
  - nodes_walk_retail_jobs
  - nodes_walk_node_r1500_sqft
  - nodes_walk_ave_nonres_sqft_price
  - nodes_walk_retail
  - nodes_walk_office
  - nodes_walk_industrial
  - nodes_walk_medical
  - nodes_walk_ave_unit_sqft
  - nodes_walk_housing_cost
sample_size: 366
