fit_filters:
- non_residential_sqft > 0
- sqft_price_nonres > 1
- sqft_price_nonres < 650
- hedonic_id == 9923
model_expression:
  left_side: np.log1p(sqft_price_nonres)
model_type: Regression
name: RegressionModel
predict_filters: hedonic_id == 9923
ytransform: np.exp
coef:
  Intercept: -0.7032158642081692
  b_total_jobs: 0.0009957000824682323
  building_age: -0.001100948223895118
  building_sqft: -2.0487246902277758e-07
  crime_other_rate: 3.6266149893794955e-05
  crime_ucr_rate: 0.0001414615887442237
  jobs_non_home_based: 2.0257797803697184e-18
  jobs_within_30_min: 1.1540040449883667e-07
  land_area: -2.3191244327069024e-06
  nodes_walk_ave_nonres_sqft_price: 0.0016505994528838329
  nodes_walk_housing_cost: -3.7362197737906218e-06
  nodes_walk_jobs: 2.5617781122771844e-05
  nodes_walk_lowinc_hhs: -7.187990122512756e-06
  nodes_walk_medical: 0.0003580703650465753
  nodes_walk_node_r1500_sqft: 4.243984790714765e-09
  nodes_walk_office: 0.008497407306756858
  nodes_walk_population: -2.0608700193761095e-05
  nodes_walk_race_1_hhs: 0.0001772872549823211
  nodes_walk_race_2_hhs: -0.0004968017762519101
  nodes_walk_residential: 0.0009807613468246718
  nodes_walk_retail_jobs: 0.0003932356820243701
  parcel_sqft: 3.918682119811976e-07
  parcels_total_job_spaces: -0.0011622257568578021
  parcels_total_sqft: 1.0588186358612602e-06
  parcels_zones_employment: -4.088783163109555e-05
  parcels_zones_jobs_within_30_min: -7.273464575492737e-08
  parcels_zones_logsum_job_high_income: 1.5403571782463705e-07
  parcels_zones_logsum_job_low_income: 1.2421227408506033e-07
  parcels_zones_logsum_pop_high_income: -7.790155000279052e-08
  parcels_zones_logsum_pop_low_income: -1.5842544124719728e-07
  parcels_zones_population: 1.3190076173861438e-05
  parcels_zones_retail_jobs: -7.064741895841617e-05
  parcels_zones_transit_jobs_30min: 6.871742771039529e-06
  parcels_zones_z_total_jobs: -2.3914914231793256e-06
  residential_sqft: 4.772583479192404e-05
  sqft_per_unit: 0.0006438526510433334
  vacant_job_spaces: -0.0003549142693558132
  year_built: 0.0020871922540231357
  zones_acres: -1.104386818481543e-05
  zones_employment: -7.035086799140692e-07
  zones_logsum_job_high_income: 1.2292374065328843e-07
  zones_logsum_job_low_income: 1.30205018626255e-07
  zones_logsum_pop_high_income: -1.0559967800373198e-07
  zones_logsum_pop_low_income: -1.3673978071793627e-07
  zones_population: 5.860195604648732e-06
  zones_transit_jobs_30min: 1.051486466586802e-06
  zones_transit_jobs_50min: -2.3277764737727633e-08
  zones_z_total_jobs: -9.430346748295068e-08
sample_size: 1850
score: 0.3911156937200255
