fit_filters:
- non_residential_sqft > 0
- sqft_price_nonres > 1
- sqft_price_nonres < 650
- hedonic_id == 16133
model_type: regression
name: RegressionModel
predict_filters: hedonic_id == 16133
target_variable: np.log1p(sqft_price_nonres)
ytransform: np.exp
fit_parameters:
  Coefficient:
    Intercept: -2.5501824595088265
    b_total_jobs: 0.00042185648479409486
    building_age: -0.0007605245161394577
    building_sqft: -5.1905850170789825e-06
    crime_other_rate: -0.00026838551301146756
    crime_ucr_rate: 0.0005564331085835176
    jobs_non_home_based: 2.62810782936418e-19
    jobs_within_30_min: 1.9178551306268077e-06
    land_area: 6.868660497984376e-06
    nodes_walk_ave_nonres_sqft_price: 0.009803234303611323
    nodes_walk_ave_unit_sqft: -2.5179190352927103e-05
    nodes_walk_housing_cost: 3.3752670199103614e-06
    nodes_walk_industrial: -0.001783890493535711
    nodes_walk_jobs: 0.0001586483062631193
    nodes_walk_lowinc_hhs: 0.0010783263137388176
    nodes_walk_medical: -0.0009613897689406952
    nodes_walk_node_r1500_sqft: -3.3195693326719386e-09
    nodes_walk_office: 0.0006716057979537936
    nodes_walk_race_1_hhs: -0.0004985150406112212
    nodes_walk_residential: -0.0009212493335700013
    nodes_walk_retail: -0.0030375554115512514
    nodes_walk_retail_jobs: -0.00016587112237521695
    parcel_sqft: -9.371646901185412e-08
    parcels_parcel_size: -3.996985080497927e-07
    parcels_pct_undev: 0.000893588714668086
    parcels_total_job_spaces: 0.0002656426731618741
    parcels_total_sqft: -4.79492530931204e-07
    parcels_zones_jobs_within_30_min: 3.1180038389829685e-07
    school_district_achievement: 0.004508571239439424
    year_built: 0.002812544918463937
    zones_acres: -3.344086563553208e-05
    zones_employment: 3.7547036749811004e-05
    zones_households: -0.00012490395340840118
    zones_logsum_job_high_income: 1.5470371282700654e-06
    zones_logsum_job_low_income: 2.154206902088192e-06
    zones_logsum_job_mid_income: -2.3613785354281177e-06
    zones_logsum_pop_high_income: -1.8094091793720977e-06
    zones_logsum_pop_low_income: -1.7900409372397704e-06
    zones_logsum_pop_mid_income: 2.302067377780866e-06
    zones_population: 0.00011870723824630945
    zones_retail_jobs: -0.00018915411812828054
    zones_transit_jobs_30min: 1.3383308306887887e-05
    zones_transit_jobs_50min: -4.176909984892025e-06
fit_rsquared: 0.6161293977994369
fitted: true
sample_size: 560
