fit_filters:
- non_residential_sqft > 0
- sqft_price_nonres > 1
- sqft_price_nonres < 650
- hedonic_id == 323
model_expression:
  left_side: np.log1p(sqft_price_nonres)
model_type: Regression
name: RegressionModel
predict_filters: hedonic_id == 323
ytransform: np.exp
coef:
  Intercept: -5.256851807815303
  b_total_jobs: 0.00031043372007048885
  building_age: -9.473365720042122e-05
  building_sqft: -3.452592280485864e-07
  crime_other_rate: 4.893540516256025e-05
  crime_ucr_rate: -0.00019871589325790842
  jobs_within_30_min: -1.68145132952791e-07
  land_area: -1.6153542207453977e-06
  nodes_walk_ave_nonres_sqft_price: 0.001218145261265404
  nodes_walk_households: 1.3990219221668968e-05
  nodes_walk_housing_cost: 2.949483422172961e-08
  nodes_walk_jobs: 8.62461675372993e-05
  nodes_walk_medical: 2.8462993883436295e-05
  nodes_walk_midinc_hhs: 0.00042560266782493025
  nodes_walk_node_r1500_sqft: -2.163896756869954e-09
  nodes_walk_office: 0.008703018513631349
  nodes_walk_population: -6.501379194651384e-06
  nodes_walk_race_1_hhs: 0.00011605940165280404
  nodes_walk_retail_jobs: 3.7906410266748105e-06
  parcel_sqft: 1.145630927915279e-07
  parcels_total_job_spaces: 3.213715478963108e-05
  parcels_total_sqft: -1.14270825080949e-06
  parcels_zones_employment: -6.8671200008779695e-06
  parcels_zones_households: -4.635036393448773e-06
  parcels_zones_jobs_within_30_min: 1.8768634031274177e-08
  parcels_zones_logsum_job_high_income: 1.861725789722302e-07
  parcels_zones_logsum_job_low_income: -1.0902355362014938e-07
  parcels_zones_logsum_pop_high_income: -1.596883552477986e-07
  parcels_zones_logsum_pop_low_income: 1.2441491464923196e-07
  parcels_zones_population: 2.381760220839409e-05
  parcels_zones_retail_jobs: 4.377656921601668e-06
  parcels_zones_transit_jobs_30min: -2.088935412113102e-07
  parcels_zones_transit_jobs_50min: 2.7265845359634667e-07
  parcels_zones_z_total_jobs: -1.2622740214831532e-06
  residential_sqft: -5.773114973879157e-06
  sqft_per_unit: 0.00019207757296120354
  vacant_job_spaces: -0.00032959601115950597
  year_built: 0.004454026395201549
  zones_acres: -8.905268591680076e-05
  zones_employment: -1.5449175525837676e-06
  zones_households: -4.228016768525415e-05
  zones_logsum_job_high_income: 2.006799380189782e-07
  zones_logsum_job_low_income: -1.2331582944568656e-07
  zones_logsum_pop_high_income: -1.4971197109281388e-07
  zones_logsum_pop_low_income: 6.9643028961319e-08
  zones_population: 1.3830631349944826e-05
  zones_retail_jobs: 3.296754831421631e-06
  zones_transit_jobs_30min: -3.0777160163790887e-07
  zones_transit_jobs_50min: 9.346228273576875e-08
  zones_z_total_jobs: -1.1489452961888552e-06
sample_size: 4303
score: 0.46763182386119173
