fit_filters:
- non_residential_sqft > 0
- sqft_price_nonres > 1
- sqft_price_nonres < 650
- hedonic_id == 12531
model_expression:
  left_side: np.log1p(sqft_price_nonres)
model_type: Regression
name: RegressionModel
predict_filters: hedonic_id == 12531
ytransform: np.exp
coef:
  building_age: -0.0005574561824930282
  building_sqft: -3.566453609735451e-07
  crime_other_rate: 7.33745131535525e-05
  crime_ucr_rate: -0.00026197249147426294
  job_spaces: -6.128220220213772e-07
  jobs_within_30_min: 9.456618317401834e-08
  land_area: -2.3805752977652366e-07
  nodes_walk_ave_nonres_sqft_price: 0.00037158052876711976
  nodes_walk_ave_unit_sqft: -5.961177514190261e-06
  nodes_walk_households: 0.00010186894581447848
  nodes_walk_housing_cost: -2.89436180583169e-07
  nodes_walk_industrial: 0.011752450493256728
  nodes_walk_jobs: 2.468252515224812e-05
  nodes_walk_medical: -5.160710212911548e-06
  nodes_walk_node_r1500_sqft: 6.678192475944037e-09
  nodes_walk_office: 0.000537824982578855
  nodes_walk_residential: 0.0002915577264138645
  nodes_walk_retail_jobs: 5.993718742806165e-06
  non_residential_units: -1.110479972410014e-19
  parcel_sqft: 1.4797188845717914e-07
  parcels_ave_unit_size: -8.492778184364695e-07
  parcels_total_job_spaces: -9.58167906892137e-05
  parcels_total_sqft: -1.7517735174015235e-07
  parcels_zones_employment: -1.6467379172197414e-06
  parcels_zones_households: 9.453163870332831e-06
  parcels_zones_jobs_within_30_min: -1.3216727897153454e-08
  parcels_zones_logsum_job_high_income: 3.290613732968755e-08
  parcels_zones_logsum_job_low_income: 4.57575716179146e-08
  parcels_zones_logsum_pop_high_income: -4.935903861343892e-08
  parcels_zones_logsum_pop_low_income: -8.521067349607784e-08
  parcels_zones_population: -2.8329827927943413e-05
  parcels_zones_retail_jobs: 3.088137052341703e-05
  parcels_zones_transit_jobs_30min: -2.199535319340486e-06
  parcels_zones_transit_jobs_50min: -2.2221034711829415e-07
  year_built: 0.005408994428671179
  zones_acres: -2.09173949559135e-05
  zones_households: 5.416630161131781e-05
  zones_logsum_job_high_income: 2.9695804694081767e-08
  zones_logsum_job_low_income: 4.435488631396281e-08
  zones_logsum_pop_high_income: -3.801541930563246e-08
  zones_logsum_pop_low_income: -3.158040688526961e-08
  zones_population: -1.7466574172353768e-05
  zones_retail_jobs: 1.1075664939315198e-05
  zones_transit_jobs_30min: -1.4471334946172965e-07
  zones_transit_jobs_50min: -1.4660426874981318e-07
  zones_z_total_jobs: -3.2314296004018447e-07
sample_size: 2846
score: 0.46985656505210704
