fit_filters:
- non_residential_sqft > 0
- sqft_price_nonres > 1
- sqft_price_nonres < 650
- hedonic_id == 9365
model_expression:
  left_side: np.log1p(sqft_price_nonres)
model_type: Regression
name: RegressionModel
predict_filters: hedonic_id == 9365
ytransform: np.exp
coef:
  Intercept: -2.8874579391954693
  building_age: -0.00014367863113982327
  building_sqft: 1.0009465320019175e-05
  crime_other_rate: 3.0796556130995363e-06
  crime_ucr_rate: -0.0002594060672563545
  jobs_within_30_min: -4.4758772400810224e-07
  land_area: -8.634650026450463e-06
  nodes_walk_ave_nonres_sqft_price: 0.005321882408561873
  nodes_walk_ave_unit_sqft: -1.1281464159262962e-05
  nodes_walk_housing_cost: 2.664207053799667e-06
  nodes_walk_jobs: 7.657781600217866e-05
  nodes_walk_node_r1500_sqft: 1.4243844159448185e-08
  nodes_walk_office: 0.0007006064503168473
  nodes_walk_population: -0.0002452470315079676
  nodes_walk_residential: -0.0013468321621600214
  nodes_walk_retail_jobs: 0.0004903052415872522
  parcel_sqft: -5.8458891824177897e-08
  parcels_ave_unit_size: -0.00023232033060402728
  parcels_total_job_spaces: 0.00110129720694459
  parcels_total_sqft: -2.6028277321386143e-05
  parcels_zones_employment: 1.6153796195913608e-05
  parcels_zones_households: 0.0003064264756122815
  parcels_zones_jobs_within_30_min: -2.510519451384008e-07
  parcels_zones_logsum_job_high_income: -1.1993901756912623e-06
  parcels_zones_logsum_job_low_income: -7.563876716685586e-07
  parcels_zones_logsum_pop_high_income: 1.813329131917354e-06
  parcels_zones_logsum_pop_low_income: -2.5628572381673874e-06
  parcels_zones_population: -9.851901473423622e-05
  parcels_zones_retail_jobs: -0.0002215066086799117
  parcels_zones_z_total_jobs: 3.118970750456708e-05
  year_built: 0.0035640830870566037
  zones_acres: -4.357364901968833e-05
  zones_households: 0.00033494707114862935
  zones_logsum_job_high_income: -1.2397004744552273e-06
  zones_logsum_job_low_income: -6.924954978574835e-07
  zones_logsum_pop_high_income: 1.465745091146919e-06
  zones_logsum_pop_low_income: -2.49104572482185e-06
  zones_population: -9.114136039218585e-05
  zones_retail_jobs: -0.00020422772243995795
  zones_z_total_jobs: 5.802550288786306e-06
sample_size: 187
score: 0.7345251158995024
