fit_filters:
- non_residential_sqft > 0
- sqft_price_nonres > 1
- sqft_price_nonres < 650
- hedonic_id == 11533
model_type: regression
name: RegressionModel
predict_filters: hedonic_id == 11533
target_variable: np.log1p(sqft_price_nonres)
ytransform: np.exp
fit_parameters:
  Coefficient:
    Intercept: 2.1451505538674587
    building_sqft: 4.478814875386751e-06
    crime_other_rate: 0.0003430321344365936
    crime_ucr_rate: 5.0480692917566246e-06
    jobs_within_30_min: -2.584156006518935e-06
    land_area: -5.53934611690831e-06
    nodes_walk_ave_nonres_sqft_price: 0.00477568294780976
    nodes_walk_ave_unit_sqft: 0.00015893162414757717
    nodes_walk_housing_cost: -1.1052911685506062e-05
    nodes_walk_jobs: 0.0007989599826495119
    nodes_walk_medical: -0.00042371505164996503
    nodes_walk_node_r1500_sqft: 3.4466100978323897e-09
    nodes_walk_office: 0.0018875074995716426
    nodes_walk_population: -0.0003748723263522529
    nodes_walk_residential: 0.00583950961624274
    parcel_sqft: -6.436937303389062e-08
    parcels_ave_unit_size: 0.0005827728625449113
    parcels_parcel_size: 2.050727395604898e-08
    parcels_pct_undev: -0.000783888833807018
    parcels_total_job_spaces: 0.004279480108102553
    parcels_total_sqft: -4.612769986271245e-06
    parcels_zones_jobs_within_30_min: 1.9843076451563022e-07
    school_district_achievement: 0.0019976168138263277
    zones_acres: 6.170360521997117e-06
    zones_employment: 8.852812230695958e-05
    zones_households: 8.917145369579316e-05
    zones_logsum_job_high_income: -3.6824885005758113e-07
    zones_logsum_job_low_income: 6.1344439602459575e-06
    zones_logsum_job_mid_income: 6.8005050103855115e-06
    zones_logsum_pop_high_income: -4.623171194159463e-06
    zones_logsum_pop_low_income: -2.4047762408308284e-06
    zones_logsum_pop_mid_income: 3.226805681212313e-06
    zones_population: -0.00013896340514867603
    zones_retail_jobs: -0.0015652965189926257
    zones_transit_jobs_30min: -0.0002130367400878874
    zones_transit_jobs_50min: 1.065944977913937e-05
    zones_z_total_jobs: 0.00014878418742403504
fit_rsquared: 0.6449191793649329
fitted: true
sample_size: 268
