fit_filters:
- non_residential_sqft > 0
- sqft_price_nonres > 1
- sqft_price_nonres < 650
- hedonic_id == 12551
model_expression:
  left_side: np.log1p(sqft_price_nonres)
model_type: Regression
name: RegressionModel
predict_filters: hedonic_id == 12551
ytransform: np.exp
coef:
  building_age: -0.00018653785460700573
  building_sqft: -2.1707842101130126e-06
  crime_other_rate: -7.744471019563479e-05
  crime_ucr_rate: -0.00012022212096406064
  jobs_within_30_min: -3.995110535071813e-08
  land_area: -7.827614479480907e-06
  nodes_walk_ave_nonres_sqft_price: 0.0005771265209685635
  nodes_walk_ave_unit_sqft: -1.3562495280859507e-05
  nodes_walk_housing_cost: -7.106429714820296e-07
  nodes_walk_jobs: 5.555143733731529e-05
  nodes_walk_medical: 0.005924450504485091
  nodes_walk_node_r1500_sqft: 8.021293236150222e-09
  nodes_walk_office: 0.0006265643755377162
  nodes_walk_race_1_hhs: -7.75807894473324e-05
  nodes_walk_race_2_hhs: 0.00012581825842345978
  nodes_walk_race_3_hhs: -0.0004846459068148065
  nodes_walk_retail: 0.0005797659877858643
  nodes_walk_retail_jobs: -0.00012756464647464269
  parcel_sqft: 1.7495231296383616e-06
  parcels_ave_unit_size: -8.937130758800158e-06
  parcels_total_sqft: -4.29718771882523e-06
  parcels_zones_employment: -8.17018197317522e-06
  parcels_zones_households: -1.907289686876731e-05
  parcels_zones_jobs_within_30_min: 1.1192418401705761e-07
  parcels_zones_logsum_job_high_income: 1.1396011168827884e-07
  parcels_zones_logsum_job_low_income: 3.7044791572455595e-07
  parcels_zones_logsum_pop_high_income: -1.5553896736316632e-07
  parcels_zones_logsum_pop_low_income: -3.098615152318824e-07
  parcels_zones_population: 9.072419915552998e-06
  parcels_zones_retail_jobs: 2.9550386477130138e-05
  parcels_zones_transit_jobs_30min: 1.2902768137303836e-06
  parcels_zones_transit_jobs_50min: -2.067700886605085e-07
  year_built: 0.003515179725986257
  zones_acres: -3.692852852077257e-05
  zones_households: -2.049853999539748e-05
  zones_logsum_job_high_income: 1.1309321309151573e-07
  zones_logsum_job_low_income: 3.4790593444941717e-07
  zones_logsum_pop_high_income: -1.5327925969282567e-07
  zones_logsum_pop_low_income: -3.0594831543040374e-07
  zones_population: 1.4652672418854788e-05
  zones_retail_jobs: 4.827610203842973e-06
  zones_transit_jobs_50min: -1.8340929513685118e-07
sample_size: 725
score: 0.5179639271873034
