fit_filters:
- non_residential_sqft > 0
- sqft_price_nonres > 1
- sqft_price_nonres < 650
- hedonic_id == 14723
model_expression:
  left_side: np.log1p(sqft_price_nonres)
model_type: Regression
name: RegressionModel
predict_filters: hedonic_id == 14723
ytransform: np.exp
coef:
  Intercept: -2.1136196387688333
  b_total_jobs: 0.007841958118947862
  building_age: -0.00016968698563435584
  building_sqft: -2.4183394770771044e-05
  crime_other_rate: 7.508559700262137e-05
  jobs_non_home_based: 8.828790796628044e-19
  jobs_within_30_min: 9.641290855356316e-07
  land_area: 8.00191318695124e-06
  nodes_walk_ave_nonres_sqft_price: 0.002347960642238139
  nodes_walk_ave_unit_sqft: 3.5204588350428364e-06
  nodes_walk_housing_cost: -4.355762688676063e-06
  nodes_walk_industrial: -0.0008787248268899654
  nodes_walk_jobs: -1.13365390242262e-05
  nodes_walk_lowinc_hhs: -0.0010366441032264786
  nodes_walk_medical: 0.00042201096388253694
  nodes_walk_node_r1500_sqft: -3.537767097035515e-09
  nodes_walk_office: 0.008858578592873938
  nodes_walk_population: 0.00028206349244431784
  nodes_walk_residential: 0.0018451468703910923
  nodes_walk_retail: -5.0595080363435964e-05
  nodes_walk_retail_jobs: 7.722769339281566e-05
  parcel_sqft: 8.177158135146169e-08
  parcels_ave_unit_size: 0.00016749476122911302
  parcels_total_sqft: -6.348152026991603e-06
  parcels_zones_employment: 6.25315427092704e-05
  parcels_zones_households: -4.748093526211287e-05
  parcels_zones_jobs_within_30_min: 2.4113715434301736e-09
  parcels_zones_logsum_job_high_income: 8.588594681587204e-06
  parcels_zones_logsum_job_low_income: -2.134999654221388e-06
  parcels_zones_logsum_pop_high_income: -4.365983406637445e-06
  parcels_zones_logsum_pop_low_income: 1.2061176653190208e-06
  parcels_zones_population: 7.147299789296614e-05
  parcels_zones_retail_jobs: 7.546111019899982e-05
  parcels_zones_transit_jobs_30min: 2.9111386453688152e-05
  parcels_zones_transit_jobs_50min: -1.253370436878943e-05
  parcels_zones_z_total_jobs: 1.2383637509145281e-05
  sqft_per_unit: 0.00018278976023204644
  year_built: 0.002549467664636149
  zones_acres: 1.438659011231691e-06
  zones_employment: 7.3927815784838045e-06
  zones_households: -7.259595116118507e-05
  zones_logsum_job_high_income: 8.470394913432254e-06
  zones_logsum_job_low_income: -2.094432626065937e-06
  zones_logsum_pop_high_income: -4.8147093734765414e-06
  zones_logsum_pop_low_income: 1.3679606147024897e-06
  zones_population: 1.9620837893368182e-05
  zones_transit_jobs_30min: 2.0457795310955772e-05
  zones_transit_jobs_50min: -1.1933897067696934e-05
  zones_z_total_jobs: 4.540980438837776e-07
sample_size: 493
score: 0.44852709301405713
