fit_filters:
- non_residential_sqft > 0
- sqft_price_nonres > 1
- sqft_price_nonres < 650
- hedonic_id == 12523
model_expression:
  left_side: np.log1p(sqft_price_nonres)
model_type: Regression
name: RegressionModel
predict_filters: hedonic_id == 12523
ytransform: np.exp
coef:
  building_age: -0.0006904563216582649
  building_sqft: -3.4630129383854356e-07
  crime_other_rate: -4.738038295732502e-05
  crime_ucr_rate: -4.2276524663029256e-05
  jobs_within_30_min: -1.3170544171903193e-07
  land_area: -2.4034435751084244e-06
  nodes_walk_ave_nonres_sqft_price: 0.0014025362465233276
  nodes_walk_housing_cost: -4.2486730582235764e-07
  nodes_walk_jobs: 3.491092795781259e-05
  nodes_walk_lowinc_hhs: -0.00020054965132335078
  nodes_walk_medical: 0.0009218099696999573
  nodes_walk_node_r1500_sqft: -7.398795975130112e-09
  nodes_walk_office: 0.006202587825019941
  nodes_walk_population: -7.460576753007234e-05
  nodes_walk_race_1_hhs: 0.000399189756307885
  nodes_walk_residential: 0.00022465027814343402
  nodes_walk_retail: -0.00010740270130279427
  nodes_walk_retail_jobs: 7.937128769747839e-05
  parcel_sqft: 2.4615533325395137e-07
  parcels_total_sqft: -2.8838654394337844e-09
  parcels_zones_employment: 7.964122009119236e-08
  parcels_zones_households: -1.1036477277746171e-05
  parcels_zones_jobs_within_30_min: 4.118552070586858e-08
  parcels_zones_logsum_job_high_income: 4.391331825731491e-09
  parcels_zones_logsum_job_low_income: 2.2011563191275711e-07
  parcels_zones_logsum_pop_high_income: -1.4221480290124173e-08
  parcels_zones_logsum_pop_low_income: -2.3325980403741502e-07
  parcels_zones_population: 1.766214315794281e-05
  parcels_zones_retail_jobs: -1.4848183746527782e-05
  parcels_zones_transit_jobs_30min: -8.737609182638114e-07
  parcels_zones_transit_jobs_50min: -5.565029019107218e-07
  residential_sqft: -0.00016666972103184072
  school_district_achievement: -0.0001484380961017114
  sqft_per_unit: 0.0008633933406611608
  vacant_job_spaces: -0.0005107636097695936
  year_built: 0.003214315996429251
  zones_acres: -3.987469290367419e-05
  zones_employment: 2.917362494925853e-07
  zones_households: -1.1949690966073798e-05
  zones_logsum_job_high_income: 1.7065513935262801e-09
  zones_logsum_job_low_income: 2.1041539436989952e-07
  zones_logsum_pop_high_income: -4.890321375230353e-09
  zones_logsum_pop_low_income: -1.7529596361483828e-07
  zones_population: 1.0998622707252348e-05
  zones_transit_jobs_30min: -9.517515143235939e-07
  zones_transit_jobs_50min: -2.840776234307967e-07
sample_size: 3554
score: 0.4235206873212609
