fit_filters:
- non_residential_sqft > 0
- sqft_price_nonres > 1
- sqft_price_nonres < 650
- hedonic_id == 16165
model_expression:
  left_side: np.log1p(sqft_price_nonres)
model_type: Regression
name: RegressionModel
predict_filters: hedonic_id == 16165
ytransform: np.exp
coef:
  Intercept: 1.2732845295545716
  building_sqft: -1.459663572296277e-05
  crime_other_rate: 4.548049693504414e-05
  crime_ucr_rate: 8.041263306154592e-05
  jobs_within_30_min: 1.3106943829149861e-06
  land_area: -9.85172918107139e-06
  nodes_walk_ave_nonres_sqft_price: 0.005165822010482544
  nodes_walk_ave_unit_sqft: 1.3459312878141087e-05
  nodes_walk_housing_cost: -2.3319419033667734e-06
  nodes_walk_industrial: 0.0007821781425975948
  nodes_walk_jobs: -6.320985190805015e-06
  nodes_walk_medical: -0.00031208036465094497
  nodes_walk_node_r1500_sqft: -2.7841398301475687e-08
  nodes_walk_office: 0.00045402772830527196
  nodes_walk_population: 0.0003936966341399196
  nodes_walk_race_1_hhs: -0.0011872947669096254
  nodes_walk_race_3_hhs: 0.0008986397535486384
  nodes_walk_retail: 0.0006750179561121273
  nodes_walk_retail_jobs: -0.0001261665457337615
  parcel_sqft: 1.1458396027736531e-07
  parcels_ave_unit_size: 5.8392404705258136e-05
  parcels_total_job_spaces: 0.0018094929686234208
  parcels_total_sqft: -7.700305077160155e-06
  parcels_zones_jobs_within_30_min: 1.1562028927424435e-07
  residential_sqft: 6.177177311371504e-05
  school_district_achievement: 0.0016356335655704165
  sqft_per_unit: 0.00018790219051118947
  vacant_job_spaces: -0.004659591041775277
  year_built: 0.0017656219637907464
  zones_acres: -3.7293154607785853e-05
  zones_empden: -0.00010413797927578551
  zones_households: -1.7870419596218813e-06
  zones_logsum_job_high_income: 1.5664596419162777e-06
  zones_logsum_job_low_income: 8.496319873861815e-09
  zones_logsum_pop_high_income: -1.8419116461213769e-06
  zones_logsum_pop_low_income: -4.2140924157896316e-09
  zones_population: -3.263327609720362e-05
  zones_retail_jobs: 0.0005866727143368817
  zones_transit_jobs_30min: -2.734698771579882e-06
  zones_transit_jobs_50min: 1.1312799277482829e-06
  zones_z_total_jobs: -5.448270355701967e-06
sample_size: 366
score: 0.6356108530070013
