fit_filters:
- non_residential_sqft > 0
- sqft_price_nonres > 1
- sqft_price_nonres < 650
- hedonic_id == 16151
model_type: regression
name: RegressionModel
predict_filters: hedonic_id == 16151
target_variable: np.log1p(sqft_price_nonres)
ytransform: np.exp
fit_parameters:
  Coefficient:
    Intercept: -2.8447233379784214
    building_sqft: 3.722776583171613e-06
    crime_other_rate: 1.4737205097624358e-05
    crime_ucr_rate: -0.00023592474138177925
    jobs_within_30_min: -9.92538915948213e-07
    land_area: -4.0508031690272484e-07
    nodes_walk_ave_nonres_sqft_price: 0.00170372986296607
    nodes_walk_ave_unit_sqft: 1.947692768085859e-05
    nodes_walk_households: 0.00129565156836921
    nodes_walk_housing_cost: -1.4612046458913932e-06
    nodes_walk_jobs: -4.635496660421311e-05
    nodes_walk_max_office_far: 0.003308712306209111
    nodes_walk_medical: 0.0048740567905136605
    nodes_walk_node_r1500_sqft: -2.940765985392019e-09
    nodes_walk_office: -0.00026309829734868834
    nodes_walk_population: -0.00031285608560746765
    nodes_walk_retail: -0.00096794414713267
    nodes_walk_retail_jobs: 0.0004291108995813268
    parcel_sqft: 2.512057131872489e-07
    parcels_ave_unit_size: 0.00010331494480556022
    parcels_parcel_size: -5.066479307509387e-07
    parcels_pct_undev: -0.0015181415616462434
    parcels_total_job_spaces: 0.0008650104328819893
    parcels_total_sqft: -7.268172606821372e-06
    parcels_zones_jobs_within_30_min: 5.951684217934933e-07
    residential_sqft: -0.00016549489595531157
    vacant_job_spaces: -0.0034692305410451174
    year_built: 0.00348754672390743
    zones_acres: -1.4490408564476472e-05
    zones_employment: 2.0914421077006355e-05
    zones_households: 8.824132582198243e-05
    zones_logsum_job_high_income: -2.586618782342016e-07
    zones_logsum_job_low_income: -3.6560536952884824e-07
    zones_logsum_job_mid_income: 3.3123125267480047e-07
    zones_logsum_pop_high_income: 9.757722981900653e-08
    zones_logsum_pop_low_income: 1.3058004024254313e-07
    zones_logsum_pop_mid_income: 5.1686880888153326e-08
    zones_population: -1.73789677258357e-05
    zones_transit_jobs_30min: 4.6748993410504975e-06
    zones_transit_jobs_50min: -6.387159426368174e-07
    zones_z_total_jobs: 2.0017721564311815e-06
  Std. Error: {}
  T-Score: {}
fit_rsquared: 0.6704638928652807
fit_rsquared_adj: 0.6704638928652807
fitted: true
model_expression:
  left_side: np.log1p(sqft_price_nonres)
  right_side:
  - year_built
  - land_area
  - residential_sqft
  - building_sqft
  - jobs_within_30_min
  - vacant_job_spaces
  - parcel_sqft
  - crime_ucr_rate
  - crime_other_rate
  - parcels_pct_undev
  - parcels_parcel_size
  - parcels_ave_unit_size
  - parcels_total_job_spaces
  - parcels_total_sqft
  - parcels_zones_jobs_within_30_min
  - zones_acres
  - zones_households
  - zones_population
  - zones_employment
  - zones_logsum_pop_high_income
  - zones_logsum_pop_mid_income
  - zones_logsum_pop_low_income
  - zones_logsum_job_high_income
  - zones_logsum_job_mid_income
  - zones_logsum_job_low_income
  - zones_z_total_jobs
  - zones_transit_jobs_50min
  - zones_transit_jobs_30min
  - nodes_walk_population
  - nodes_walk_households
  - nodes_walk_max_office_far
  - nodes_walk_jobs
  - nodes_walk_retail_jobs
  - nodes_walk_node_r1500_sqft
  - nodes_walk_ave_nonres_sqft_price
  - nodes_walk_retail
  - nodes_walk_office
  - nodes_walk_medical
  - nodes_walk_ave_unit_sqft
  - nodes_walk_housing_cost
sample_size: 198
