fit_filters:
- non_residential_sqft > 0
- sqft_price_nonres > 1
- sqft_price_nonres < 650
- hedonic_id == 9961
model_expression:
  left_side: np.log1p(sqft_price_nonres)
model_type: Regression
name: RegressionModel
predict_filters: hedonic_id == 9961
ytransform: np.exp
coef:
  building_age: 1.9798352378304378e-05
  building_sqft: 1.7096805001026908e-05
  crime_other_rate: -1.7435207053766342e-05
  crime_ucr_rate: 0.0007766024825755889
  job_spaces: -0.0036255228966954427
  jobs_within_30_min: -1.5271380892180353e-07
  land_area: -1.4338975633611398e-05
  nodes_walk_ave_nonres_sqft_price: 0.006898927664710876
  nodes_walk_hhs_with_children: 0.0034806734096147264
  nodes_walk_households: -0.001869448480107279
  nodes_walk_housing_cost: -2.662535181790184e-06
  nodes_walk_industrial: 0.0014594257814569058
  nodes_walk_jobs: 4.7884838027793934e-06
  nodes_walk_medical: -0.002335879274234497
  nodes_walk_node_r1500_sqft: 3.255408131358628e-08
  nodes_walk_office: -0.007271607021779949
  nodes_walk_population: 0.0012139523502610378
  nodes_walk_race_3_hhs: -0.006787659735277904
  nodes_walk_residential: -0.003982101603035692
  nodes_walk_retail: -0.0017326535169839745
  nodes_walk_retail_jobs: 0.003410230422402497
  non_residential_units: -5.474143260952998e-20
  parcel_sqft: -6.394267580330248e-08
  parcels_total_job_spaces: -2.795382224958076e-06
  parcels_total_sqft: 8.010529173152745e-06
  parcels_zones_households: -0.00016117129800287888
  parcels_zones_jobs_within_30_min: -5.88556907896834e-07
  parcels_zones_logsum_job_high_income: -2.354245218916201e-06
  parcels_zones_logsum_job_low_income: 1.7946152080166612e-06
  parcels_zones_logsum_pop_high_income: 2.278223702771192e-06
  parcels_zones_logsum_pop_low_income: -2.211113575787e-06
  parcels_zones_population: 0.00013918441378227425
  parcels_zones_transit_jobs_30min: 1.1267917970029523e-05
  parcels_zones_transit_jobs_50min: 3.33875472143327e-07
  parcels_zones_z_total_jobs: -1.9774201492162708e-05
  vacant_job_spaces: -0.006198643292400258
  year_built: -0.0037402043998828608
  zones_acres: 2.0987305698061824e-06
  zones_employment: -8.876489314229095e-07
  zones_households: -0.00033646119683630195
  zones_logsum_job_high_income: -2.5571553022780607e-06
  zones_logsum_job_low_income: 1.8934899078443911e-06
  zones_logsum_pop_high_income: 2.4655736509872034e-06
  zones_logsum_pop_low_income: -1.9469146902793795e-06
  zones_population: 0.00011909342855918103
  zones_transit_jobs_30min: 3.0624538865985394e-06
  zones_transit_jobs_50min: 8.374437850282149e-07
  zones_z_total_jobs: -2.3588200304034025e-05
sample_size: 93
score: 0.7139663198807822
