fit_filters:
- non_residential_sqft > 0
- sqft_price_nonres > 1
- sqft_price_nonres < 650
- hedonic_id == 523
model_expression:
  left_side: np.log1p(sqft_price_nonres)
model_type: Regression
name: RegressionModel
predict_filters: hedonic_id == 523
ytransform: np.exp
coef:
  building_age: -0.00010672246193847116
  building_sqft: -2.607431610058169e-07
  crime_other_rate: -1.3249643822753416e-06
  crime_ucr_rate: -7.599229164703806e-05
  jobs_within_30_min: -1.7976179633066403e-07
  land_area: -1.5827247844898023e-05
  nodes_walk_ave_nonres_sqft_price: 0.0034109232196254907
  nodes_walk_ave_unit_sqft: 1.2990296503737289e-06
  nodes_walk_highinc_hhs: -0.0009350973003354215
  nodes_walk_households: -7.064343504391212e-05
  nodes_walk_housing_cost: -4.003972522608165e-06
  nodes_walk_jobs: -1.1446361866586192e-05
  nodes_walk_medical: 0.0015198017625283786
  nodes_walk_node_r1500_sqft: -4.470660423749814e-09
  nodes_walk_office: 0.012499043622325989
  nodes_walk_population: 0.00011730103667733257
  nodes_walk_race_1_hhs: -6.498424728030798e-05
  nodes_walk_residential: 0.0014983288962861988
  parcel_sqft: 3.983463604038665e-06
  parcels_ave_unit_size: 7.676778230257056e-05
  parcels_total_sqft: 1.065966378740332e-06
  parcels_zones_employment: 5.347914131911971e-05
  parcels_zones_jobs_within_30_min: -5.318382885297093e-08
  parcels_zones_logsum_job_high_income: 1.601885259328682e-07
  parcels_zones_logsum_job_low_income: 6.305681634686732e-09
  parcels_zones_logsum_pop_high_income: -1.247006808260766e-07
  parcels_zones_logsum_pop_low_income: 1.7359641019182543e-08
  parcels_zones_population: 4.723531373752009e-07
  parcels_zones_transit_jobs_30min: 3.595056163720545e-06
  parcels_zones_transit_jobs_50min: 6.742553516030118e-07
  residential_sqft: 6.860148447021215e-06
  sqft_per_unit: 1.3650673176271904e-05
  vacant_job_spaces: -0.001284675470239055
  year_built: 0.012621199478380779
  zones_acres: 7.258587362503287e-05
  zones_empden: -0.0002601626150823456
  zones_logsum_job_high_income: 1.3517493847369932e-07
  zones_logsum_job_low_income: -1.1400632792181462e-08
  zones_logsum_pop_high_income: -2.270664123946607e-07
  zones_logsum_pop_low_income: -3.351419970059145e-08
  zones_population: 7.93968243313537e-06
  zones_transit_jobs_30min: 2.2174760902846135e-06
  zones_transit_jobs_50min: -2.349891226176273e-07
sample_size: 1514
score: 0.37891558598640973
