fit_filters:
- non_residential_sqft > 0
- sqft_price_nonres > 1
- sqft_price_nonres < 650
- hedonic_id == 91
model_type: regression
name: RegressionModel
predict_filters: hedonic_id == 91
target_variable: np.log1p(sqft_price_nonres)
ytransform: np.exp
fit_parameters:
  Coefficient:
    Intercept: 5.287620414124461
    building_age: -0.0011047673162953788
    building_sqft: 1.9854841212602546e-05
    crime_other_rate: -0.0007341428242434426
    crime_ucr_rate: 0.0003285417862793004
    jobs_within_30_min: -2.0844269149828736e-06
    land_area: -5.0687414867067865e-06
    nodes_walk_ave_unit_sqft: -0.0005714813077181466
    nodes_walk_households: 0.0007122760553897969
    nodes_walk_housing_cost: 4.384965134040375e-06
    nodes_walk_jobs: 0.00017536082637027305
    nodes_walk_node_r1500_sqft: -3.2389097198233656e-07
    nodes_walk_office: 0.004690390101169754
    nodes_walk_race_2_hhs: -0.002059748131868478
    nodes_walk_retail: 0.0040149735334320405
    nodes_walk_retail_jobs: 1.19964575962053e-06
    parcel_sqft: 8.705038814647765e-07
    parcels_ave_unit_size: -0.0005930637304048654
    parcels_parcel_size: -1.6222116239443986e-06
    parcels_total_job_spaces: -0.0006122345105603913
    parcels_total_sqft: -2.8345126512278963e-06
    parcels_zones_jobs_within_30_min: 3.464924753319859e-07
    year_built: 0.0003866549201195694
    zones_acres: -0.00034927076503705367
    zones_employment: 0.00011500240997032937
    zones_households: 5.682895823415305e-06
    zones_logsum_job_high_income: 7.549763500687951e-06
    zones_logsum_job_low_income: -2.812738336878163e-06
    zones_logsum_job_mid_income: 2.6469806402271996e-07
    zones_logsum_pop_high_income: -3.4601275485638615e-06
    zones_logsum_pop_low_income: 3.462272208333504e-06
    zones_logsum_pop_mid_income: -7.350451010981711e-07
    zones_population: -0.00024863918197771755
    zones_retail_jobs: -0.00037372393686102296
    zones_transit_jobs_30min: 2.9456627059350212e-05
    zones_transit_jobs_50min: -2.5574096448924195e-05
    zones_z_total_jobs: 0.0002529298458739327
fit_rsquared: 0.9291592447804473
fitted: true
sample_size: 37
