fit_filters:
- non_residential_sqft > 0
- sqft_price_nonres > 1
- sqft_price_nonres < 650
- hedonic_id == 14751
model_expression:
  left_side: np.log1p(sqft_price_nonres)
model_type: Regression
name: RegressionModel
predict_filters: hedonic_id == 14751
ytransform: np.exp
coef:
  building_age: -0.00024886374783045483
  building_sqft: -6.108606976718064e-06
  crime_other_rate: 8.215088673174394e-05
  crime_ucr_rate: 0.00017126718819882448
  job_spaces: -0.0008842512035548109
  jobs_within_30_min: -6.388222397698897e-06
  land_area: 1.401084209375006e-07
  nodes_walk_ave_unit_sqft: -5.1454076050767515e-09
  nodes_walk_households: -0.002614827830987416
  nodes_walk_housing_cost: 7.539007624333824e-06
  nodes_walk_jobs: 0.00012110973506302421
  nodes_walk_medical: 0.005951289845596755
  nodes_walk_midinc_hhs: -0.0006904186942985485
  nodes_walk_node_r1500_sqft: 1.1392710497275896e-08
  nodes_walk_population: 0.0011725662037952677
  nodes_walk_retail_jobs: 0.0007406262474423765
  non_residential_units: -2.176606482259858e-19
  parcel_sqft: 4.282111777151939e-06
  parcels_ave_unit_size: -5.085650496096258e-05
  parcels_total_job_spaces: -0.0011070153575387714
  parcels_total_sqft: -1.3022093908619814e-05
  parcels_zones_employment: -7.817137755978404e-05
  parcels_zones_households: 5.143490669944196e-05
  parcels_zones_jobs_within_30_min: -3.5822012239005397e-06
  parcels_zones_logsum_job_high_income: -2.2613855602130332e-06
  parcels_zones_logsum_job_low_income: -4.304050490277324e-06
  parcels_zones_logsum_pop_high_income: 1.5891231892355532e-06
  parcels_zones_logsum_pop_low_income: 2.3119158217358814e-06
  parcels_zones_population: -0.00018643118021937507
  parcels_zones_retail_jobs: -4.539208270325696e-05
  parcels_zones_transit_jobs_30min: 1.3417175916584168e-05
  parcels_zones_transit_jobs_50min: 3.5076809889052478e-06
  parcels_zones_z_total_jobs: -3.158163432848242e-05
  vacant_job_spaces: -0.008155989037272297
  year_built: 0.00249235848359365
  zones_acres: -1.443750645198225e-05
  zones_employment: -1.80570061988652e-05
  zones_households: 0.0002826928198990409
  zones_logsum_job_high_income: -2.193332240077442e-06
  zones_logsum_job_low_income: -4.264813944489693e-06
  zones_logsum_pop_high_income: 1.1770203720698109e-06
  zones_logsum_pop_low_income: 2.2059259867312875e-06
  zones_population: -4.9715128130613644e-05
  zones_retail_jobs: -1.9507736722649987e-07
  zones_transit_jobs_30min: 1.0707471222753517e-05
  zones_transit_jobs_50min: 2.6150402918960144e-06
  zones_z_total_jobs: -3.9879200329492024e-05
sample_size: 109
score: 0.6098836745462362
