fit_filters:
- non_residential_sqft > 0
- sqft_price_nonres > 1
- sqft_price_nonres < 650
- hedonic_id == 12565
model_type: regression
name: RegressionModel
predict_filters: hedonic_id == 12565
target_variable: np.log1p(sqft_price_nonres)
ytransform: np.exp
fit_parameters:
  Coefficient:
    Intercept: -6.370550537012288
    b_total_jobs: 0.00048761426271360373
    building_age: -0.00017215109646572237
    building_sqft: -4.173757342816991e-05
    crime_other_rate: 2.6466936443681442e-05
    crime_ucr_rate: -8.521945570982122e-05
    jobs_within_30_min: 8.022086913115609e-09
    land_area: 2.1904610910091607e-05
    nodes_walk_ave_nonres_sqft_price: 0.007612440551693674
    nodes_walk_ave_unit_sqft: -3.8718641563557696e-05
    nodes_walk_highinc_hhs: 0.0006418151229830046
    nodes_walk_housing_cost: 1.5673266571204045e-06
    nodes_walk_industrial: 0.0009522893818367215
    nodes_walk_jobs: -1.312490563489377e-05
    nodes_walk_midinc_hhs: -0.0002531759755310245
    nodes_walk_node_r1500_sqft: 1.0787866095275913e-08
    nodes_walk_office: 0.00018794225339692502
    nodes_walk_population: -9.294199563855765e-05
    nodes_walk_race_2_hhs: 0.0001566741975059996
    nodes_walk_retail_jobs: 0.00018826346021207272
    parcel_sqft: -1.1025619337036877e-07
    parcels_ave_unit_size: -4.6546936805865796e-05
    parcels_parcel_size: -2.933534208593309e-07
    parcels_pct_undev: -0.0012845024541622001
    parcels_total_job_spaces: 0.0014894179277398598
    parcels_total_sqft: -6.106047470051432e-06
    parcels_zones_jobs_within_30_min: -2.3491765587931886e-08
    vacant_job_spaces: -0.0004619088238564354
    year_built: 0.005502106459298404
    zones_acres: -6.149009619531005e-05
    zones_employment: -1.4281107533420901e-05
    zones_households: 0.00017334167641254285
    zones_logsum_job_high_income: 8.506484348428755e-07
    zones_logsum_job_low_income: 5.124382099936296e-07
    zones_logsum_job_mid_income: -4.0447014418899366e-07
    zones_logsum_pop_high_income: -8.242547589403745e-07
    zones_logsum_pop_low_income: -4.51712610470671e-07
    zones_logsum_pop_mid_income: 5.57138720003928e-07
    zones_population: -7.788780175392931e-05
    zones_transit_jobs_30min: -4.582817193092339e-06
    zones_transit_jobs_50min: 7.070469931096161e-08
    zones_z_total_jobs: -4.976253294488877e-06
  Std. Error: {}
  T-Score: {}
fit_rsquared: 0.38212827425110485
fit_rsquared_adj: 0.38212827425110485
fitted: true
model_expression:
  left_side: np.log1p(sqft_price_nonres)
  right_side:
  - year_built
  - land_area
  - building_sqft
  - jobs_within_30_min
  - vacant_job_spaces
  - parcel_sqft
  - crime_ucr_rate
  - crime_other_rate
  - building_age
  - b_total_jobs
  - parcels_pct_undev
  - parcels_parcel_size
  - parcels_ave_unit_size
  - parcels_total_job_spaces
  - parcels_total_sqft
  - parcels_zones_jobs_within_30_min
  - zones_acres
  - zones_households
  - zones_population
  - zones_employment
  - zones_logsum_pop_high_income
  - zones_logsum_pop_mid_income
  - zones_logsum_pop_low_income
  - zones_logsum_job_high_income
  - zones_logsum_job_mid_income
  - zones_logsum_job_low_income
  - zones_z_total_jobs
  - zones_transit_jobs_50min
  - zones_transit_jobs_30min
  - nodes_walk_population
  - nodes_walk_midinc_hhs
  - nodes_walk_highinc_hhs
  - nodes_walk_race_2_hhs
  - nodes_walk_jobs
  - nodes_walk_retail_jobs
  - nodes_walk_node_r1500_sqft
  - nodes_walk_ave_nonres_sqft_price
  - nodes_walk_office
  - nodes_walk_industrial
  - nodes_walk_ave_unit_sqft
  - nodes_walk_housing_cost
sample_size: 1189
