fit_filters:
- non_residential_sqft > 0
- sqft_price_nonres > 1
- sqft_price_nonres < 650
- hedonic_id == 53
model_expression:
  left_side: np.log1p(sqft_price_nonres)
model_type: Regression
name: RegressionModel
predict_filters: hedonic_id == 53
ytransform: np.exp
coef:
  Intercept: -6.364640797468705
  b_total_jobs: 0.001360176360385802
  building_age: -0.003790071694841678
  building_sqft: 3.0247016579904105e-08
  crime_other_rate: -2.871356310774303e-05
  crime_ucr_rate: 0.0001580299567349672
  jobs_non_home_based: 9.486110241569493e-17
  jobs_within_30_min: 3.089375648100697e-07
  land_area: 1.8673389424054286e-06
  nodes_walk_ave_nonres_sqft_price: 0.0015361515281060356
  nodes_walk_highinc_hhs: 0.001665582972791028
  nodes_walk_households: 0.00029861417020591235
  nodes_walk_housing_cost: 3.3297092703371755e-07
  nodes_walk_industrial: 0.001331017014348703
  nodes_walk_jobs: 0.00020758309579071662
  nodes_walk_lowinc_hhs: -0.0003057813039385149
  nodes_walk_max_office_far: 0.001070349089139951
  nodes_walk_medical: 0.008072675067346961
  nodes_walk_midinc_hhs: 0.00016644591726021265
  nodes_walk_node_r1500_sqft: 2.577086727167445e-09
  nodes_walk_office: 0.00015698249898787802
  nodes_walk_population: -0.00011478543639223492
  nodes_walk_race_1_hhs: 8.454538859923428e-05
  nodes_walk_retail: -0.001010120534389293
  nodes_walk_retail_jobs: 0.0001749144355226827
  parcel_sqft: -7.974956062411929e-10
  parcels_ave_unit_size: -4.1673930179507826e-05
  parcels_pptytax: 0.003875007409568633
  parcels_total_sqft: -2.144134682267733e-06
  parcels_total_units: 0.0004328871537192555
  parcels_zones_jobs_within_30_min: -7.206971018016713e-08
  residential_sqft: -1.9809769411671584e-06
  sqft_per_unit: 0.0002405644333673448
  vacant_job_spaces: -0.0009724667880566702
  year_built: 0.004972224562881229
  zones_acres: 1.9648286555013437e-05
  zones_employment: -0.00011699191676051438
  zones_households: 3.0083076092914887e-05
  zones_logsum_job_high_income: -2.428479802943294e-06
  zones_logsum_job_low_income: 1.622505105313186e-08
  zones_logsum_pop_high_income: 1.3302944212492506e-06
  zones_logsum_pop_low_income: -5.6063140693083844e-08
  zones_population: -2.1163056542777856e-05
  zones_retail_jobs: 0.00024545024357813393
  zones_transit_jobs_30min: -8.159548261917764e-06
  zones_transit_jobs_50min: 5.018620290561172e-07
  zones_z_total_jobs: -2.3942757121778062e-05
sample_size: 416
score: 0.6765486290556497
