fit_filters:
- non_residential_sqft > 0
- sqft_price_nonres > 1
- sqft_price_nonres < 650
- hedonic_id == 63
model_type: regression
name: RegressionModel
predict_filters: hedonic_id == 63
target_variable: np.log1p(sqft_price_nonres)
ytransform: np.exp
fit_parameters:
  Coefficient:
    Intercept: -6.538825158090063
    building_age: -2.941491516567195e-06
    building_sqft: 8.279993921098469e-07
    crime_other_rate: 8.37774983503159e-05
    crime_ucr_rate: 0.00021837504851215093
    jobs_within_30_min: 5.398250552304815e-07
    land_area: 5.720555833263912e-07
    nodes_walk_ave_nonres_sqft_price: 0.014014690925435547
    nodes_walk_ave_unit_sqft: 3.0705597793756335e-05
    nodes_walk_housing_cost: -2.463769723729026e-06
    nodes_walk_industrial: 0.002146584827685946
    nodes_walk_jobs: 2.8759119921425953e-05
    nodes_walk_lowinc_hhs: 0.000307124938002533
    nodes_walk_medical: -0.0008179991448803046
    nodes_walk_midinc_hhs: -0.0010616783113882643
    nodes_walk_node_r1500_sqft: -8.665845202115857e-09
    nodes_walk_office: -0.000611339991530153
    nodes_walk_population: 0.00045736576187379907
    nodes_walk_race_1_hhs: -0.0004409689433176051
    nodes_walk_retail: -0.0023520533186949014
    nodes_walk_retail_jobs: -0.0002102628686960772
    parcel_sqft: 1.8088445940162593e-07
    parcels_parcel_size: -5.394269778835708e-07
    parcels_pct_undev: -0.005620384379528089
    parcels_pptytax: 0.0009201525729807484
    parcels_total_job_spaces: 0.001059629686658017
    parcels_total_sqft: -3.978532957540645e-06
    parcels_zones_jobs_within_30_min: -6.501974531682673e-08
    residential_sqft: -0.00011767537821319868
    school_district_achievement: 0.00905188429375633
    sqft_per_unit: 0.0009987180480060282
    vacant_job_spaces: -0.0005792569637231817
    year_built: 0.004808940707368725
    zones_acres: 3.192852053898717e-06
    zones_employment: 1.6915014343021995e-06
    zones_households: 0.0008094848321883544
    zones_logsum_job_high_income: 9.741689413922109e-08
    zones_logsum_job_low_income: -2.2271771143340387e-07
    zones_logsum_job_mid_income: 1.384601554198594e-07
    zones_logsum_pop_high_income: -1.8244585752286502e-07
    zones_logsum_pop_low_income: -3.01982550504055e-08
    zones_logsum_pop_mid_income: -1.1894401515733074e-07
    zones_population: -0.000330144244529897
    zones_retail_jobs: 0.00010902121726255198
    zones_transit_jobs_30min: 1.2623755609733339e-06
    zones_transit_jobs_50min: 6.3039963381941e-07
    zones_z_total_jobs: 1.6193027984734012e-05
  Std. Error: {}
  T-Score: {}
fit_rsquared: 0.6947967343038077
fit_rsquared_adj: 0.6947967343038077
fitted: true
model_expression:
  left_side: np.log1p(sqft_price_nonres)
  right_side:
  - year_built
  - sqft_per_unit
  - land_area
  - residential_sqft
  - building_sqft
  - jobs_within_30_min
  - vacant_job_spaces
  - parcel_sqft
  - school_district_achievement
  - crime_ucr_rate
  - crime_other_rate
  - building_age
  - parcels_pptytax
  - parcels_pct_undev
  - parcels_parcel_size
  - parcels_total_job_spaces
  - parcels_total_sqft
  - parcels_zones_jobs_within_30_min
  - zones_acres
  - zones_households
  - zones_population
  - zones_employment
  - zones_retail_jobs
  - zones_logsum_pop_high_income
  - zones_logsum_pop_mid_income
  - zones_logsum_pop_low_income
  - zones_logsum_job_high_income
  - zones_logsum_job_mid_income
  - zones_logsum_job_low_income
  - zones_z_total_jobs
  - zones_transit_jobs_50min
  - zones_transit_jobs_30min
  - nodes_walk_population
  - nodes_walk_midinc_hhs
  - nodes_walk_lowinc_hhs
  - nodes_walk_race_1_hhs
  - nodes_walk_jobs
  - nodes_walk_retail_jobs
  - nodes_walk_node_r1500_sqft
  - nodes_walk_ave_nonres_sqft_price
  - nodes_walk_retail
  - nodes_walk_office
  - nodes_walk_industrial
  - nodes_walk_medical
  - nodes_walk_ave_unit_sqft
  - nodes_walk_housing_cost
sample_size: 1475
