fit_filters:
- non_residential_sqft > 0
- sqft_price_nonres > 1
- sqft_price_nonres < 650
- hedonic_id == 11551
model_expression:
  left_side: np.log1p(sqft_price_nonres)
model_type: Regression
name: RegressionModel
predict_filters: hedonic_id == 11551
ytransform: np.exp
coef:
  Intercept: -0.39095534600489756
  b_total_jobs: 0.0026963961834637973
  building_age: -0.0011407748957503873
  building_sqft: -4.402288698372104e-05
  crime_other_rate: 1.8300882085558578e-05
  crime_ucr_rate: -0.0003474670208989916
  jobs_non_home_based: 3.7408839227614886e-16
  jobs_within_30_min: -3.269021583658969e-06
  land_area: 5.938071503093113e-05
  nodes_walk_ave_unit_sqft: -5.07101539162273e-05
  nodes_walk_housing_cost: 3.1217281346495712e-06
  nodes_walk_jobs: 0.0005444334539621969
  nodes_walk_medical: 0.006632222447420272
  nodes_walk_node_r1500_sqft: 1.8527105772193194e-08
  nodes_walk_office: -0.0007730022201739813
  nodes_walk_population: -9.452915348378005e-05
  nodes_walk_retail: 0.0010055602548122208
  nodes_walk_retail_jobs: -0.00046384734415679305
  parcel_sqft: 8.200964468298288e-07
  parcels_ave_unit_size: -4.781025532115207e-05
  parcels_total_sqft: -3.203579671866865e-05
  parcels_zones_employment: -0.0001223262064249611
  parcels_zones_households: -0.0001439435123954522
  parcels_zones_jobs_within_30_min: 6.029262111573095e-07
  parcels_zones_logsum_job_high_income: 2.7006520810346982e-06
  parcels_zones_logsum_job_low_income: 1.999178937170484e-05
  parcels_zones_logsum_pop_high_income: -1.5307459681937938e-06
  parcels_zones_logsum_pop_low_income: -8.132280015003307e-06
  parcels_zones_population: 2.9941188364100844e-05
  parcels_zones_transit_jobs_30min: -0.00019492173222384693
  parcels_zones_transit_jobs_50min: -1.3814476734444395e-05
  year_built: 0.002431512150246221
  zones_acres: -3.135729724536311e-05
  zones_households: -2.6924106204363146e-05
  zones_logsum_job_high_income: 2.224549091361239e-06
  zones_logsum_job_low_income: 2.086887735137138e-05
  zones_logsum_pop_high_income: -1.7393245107326469e-06
  zones_logsum_pop_low_income: -7.276417119496989e-06
  zones_population: 3.2951195124637744e-05
  zones_transit_jobs_30min: -0.0001663803037668125
  zones_transit_jobs_50min: -8.274817524750284e-06
  zones_z_total_jobs: -8.414737344459335e-06
sample_size: 99
score: 0.7887773916424282
