fit_filters:
- non_residential_sqft > 0
- sqft_price_nonres > 1
- sqft_price_nonres < 650
- hedonic_id == 16123
model_type: regression
name: RegressionModel
predict_filters: hedonic_id == 16123
target_variable: np.log1p(sqft_price_nonres)
ytransform: np.exp
fit_parameters:
  Coefficient:
    Intercept: 0.4255234692579659
    b_total_jobs: 7.516217867656414e-05
    building_age: -1.602129314126849e-05
    building_sqft: 1.4787636064828328e-06
    crime_other_rate: 4.732346790115494e-05
    crime_ucr_rate: 0.00012725086597192072
    jobs_within_30_min: 2.227859131504111e-07
    land_area: -3.6974985450920584e-06
    nodes_walk_ave_unit_sqft: 3.005949341908789e-06
    nodes_walk_highinc_hhs: -0.0012548143676617799
    nodes_walk_households: -0.0006143254572280569
    nodes_walk_housing_cost: 1.8554911935980967e-06
    nodes_walk_industrial: -0.0014075018242262574
    nodes_walk_jobs: 0.00012879493167081613
    nodes_walk_lowinc_hhs: -0.0009610154498374446
    nodes_walk_midinc_hhs: 0.0007380960146225079
    nodes_walk_node_r1500_sqft: 1.2997159091598092e-08
    nodes_walk_office: 0.00841055219561262
    nodes_walk_population: 0.00040678669446213777
    nodes_walk_race_2_hhs: 0.00020806004188383018
    nodes_walk_race_3_hhs: -0.00028802124707396503
    nodes_walk_retail: -7.79115755501033e-05
    nodes_walk_retail_jobs: -0.0007811686601059399
    parcel_sqft: 7.760250354619706e-07
    parcels_parcel_size: -1.3114904871169532e-06
    parcels_total_sqft: -1.7778409040236662e-06
    parcels_zones_jobs_within_30_min: -2.3020020220413648e-07
    residential_sqft: -7.881820002224394e-05
    sqft_per_unit: 0.0002683432413307256
    vacant_job_spaces: -0.0007042150541466972
    year_built: 0.0015348903097018392
    zones_acres: -3.0672950345957054e-05
    zones_employment: 6.82367390534305e-05
    zones_households: -0.00013643553749952453
    zones_logsum_job_high_income: 3.469928084620402e-08
    zones_logsum_job_low_income: 2.9475479113886754e-07
    zones_logsum_job_mid_income: -2.160316204553612e-07
    zones_logsum_pop_high_income: -2.495222067836191e-07
    zones_logsum_pop_low_income: -4.1124898413115056e-07
    zones_logsum_pop_mid_income: 2.665976673688689e-07
    zones_population: 5.074507661524664e-05
    zones_retail_jobs: 0.00026655560819694834
    zones_transit_jobs_30min: -2.652806089063109e-06
    zones_transit_jobs_50min: 1.8069561966866675e-06
    zones_z_total_jobs: 6.692370789768393e-06
fit_rsquared: 0.5371165167502701
fit_rsquared_adj: 0.5371165167502701
fitted: true
model_expression:
  left_side: np.log1p(sqft_price_nonres)
  right_side:
  - year_built
  - sqft_per_unit
  - land_area
  - residential_sqft
  - building_sqft
  - jobs_within_30_min
  - vacant_job_spaces
  - parcel_sqft
  - crime_ucr_rate
  - crime_other_rate
  - building_age
  - b_total_jobs
  - parcels_parcel_size
  - parcels_total_sqft
  - parcels_zones_jobs_within_30_min
  - zones_acres
  - zones_households
  - zones_population
  - zones_employment
  - zones_retail_jobs
  - zones_logsum_pop_high_income
  - zones_logsum_pop_mid_income
  - zones_logsum_pop_low_income
  - zones_logsum_job_high_income
  - zones_logsum_job_mid_income
  - zones_logsum_job_low_income
  - zones_z_total_jobs
  - zones_transit_jobs_50min
  - zones_transit_jobs_30min
  - nodes_walk_population
  - nodes_walk_households
  - nodes_walk_midinc_hhs
  - nodes_walk_lowinc_hhs
  - nodes_walk_highinc_hhs
  - nodes_walk_race_2_hhs
  - nodes_walk_race_3_hhs
  - nodes_walk_jobs
  - nodes_walk_retail_jobs
  - nodes_walk_node_r1500_sqft
  - nodes_walk_retail
  - nodes_walk_office
  - nodes_walk_industrial
  - nodes_walk_ave_unit_sqft
  - nodes_walk_housing_cost
sample_size: 1107
