fit_filters:
- non_residential_sqft > 0
- sqft_price_nonres > 1
- sqft_price_nonres < 650
- hedonic_id == 331
model_type: regression
name: RegressionModel
predict_filters: hedonic_id == 331
target_variable: np.log1p(sqft_price_nonres)
ytransform: np.exp
fit_parameters:
  Coefficient:
    Intercept: 2.3177692263839607
    b_total_jobs: 2.2807529105119825e-05
    building_age: -0.004437355335690438
    building_sqft: -1.633200085936753e-06
    crime_other_rate: 0.00015823620220813145
    crime_ucr_rate: -0.0003320348853143221
    job_spaces: 0.0008093557976592106
    jobs_within_30_min: -9.937874376398047e-08
    land_area: 3.210565550904207e-07
    nodes_walk_ave_unit_sqft: 2.8518905981040637e-06
    nodes_walk_housing_cost: 1.5096043070549294e-08
    nodes_walk_industrial: 0.011274260889127488
    nodes_walk_jobs: 5.1702152152246694e-05
    nodes_walk_lowinc_hhs: -0.0003732147405780872
    nodes_walk_medical: -0.0008352194538280317
    nodes_walk_midinc_hhs: 0.0001566926292984613
    nodes_walk_node_r1500_sqft: 1.666881511125289e-08
    nodes_walk_office: 0.0001639023552555852
    nodes_walk_population: 6.440889491689211e-05
    nodes_walk_race_1_hhs: 0.00036252522336895033
    nodes_walk_residential: 0.00033087172996181
    nodes_walk_retail: 0.0006290613989974897
    nodes_walk_retail_jobs: 8.866968664756227e-05
    non_residential_units: 1.1881730861962387e-16
    parcel_sqft: 1.4491473040005826e-07
    parcels_ave_unit_size: 0.00010563891805824396
    parcels_parcel_size: -2.1330789642815542e-07
    parcels_pct_undev: 0.00111603624966948
    parcels_total_job_spaces: 0.00018837291411079982
    parcels_total_sqft: -9.098354707167822e-07
    parcels_zones_jobs_within_30_min: 2.611912516333052e-08
    year_built: 0.0001384638320032321
    zone_mean_age_of_head: 1.55876661669277e-19
    zones_acres: -0.00011003239938411276
    zones_employment: 1.574944115128778e-05
    zones_households: 0.00017934838050752706
    zones_logsum_job_high_income: -5.981694555919593e-07
    zones_logsum_job_low_income: -5.185812448854743e-07
    zones_logsum_job_mid_income: 1.7201780135796064e-07
    zones_logsum_pop_high_income: 3.6592128396478935e-07
    zones_logsum_pop_low_income: 3.8594788803878553e-07
    zones_logsum_pop_mid_income: -5.230816138929659e-08
    zones_mean_age_of_head: 0.0004971514935786142
    zones_population: -5.546776690636029e-05
    zones_retail_jobs: 0.00017031568623166458
    zones_transit_jobs_30min: -2.06285222565302e-05
    zones_transit_jobs_50min: -1.6699486234664894e-07
    zones_z_total_jobs: 2.6264430153740313e-05
fit_rsquared: 0.5122940776398095
fitted: true
model_expression:
  left_side: np.log1p(sqft_price_nonres)
  right_side:
  - year_built
  - land_area
  - building_sqft
  - job_spaces
  - non_residential_units
  - jobs_within_30_min
  - parcel_sqft
  - crime_ucr_rate
  - crime_other_rate
  - building_age
  - b_total_jobs
  - parcels_pct_undev
  - parcels_parcel_size
  - parcels_ave_unit_size
  - parcels_total_job_spaces
  - parcels_total_sqft
  - parcels_zones_jobs_within_30_min
  - zones_acres
  - zones_households
  - zones_population
  - zones_employment
  - zones_retail_jobs
  - zones_logsum_pop_high_income
  - zones_logsum_pop_mid_income
  - zones_logsum_pop_low_income
  - zones_logsum_job_high_income
  - zones_logsum_job_mid_income
  - zones_logsum_job_low_income
  - zones_z_total_jobs
  - zones_transit_jobs_50min
  - zones_transit_jobs_30min
  - zones_mean_age_of_head
  - zone_mean_age_of_head
  - nodes_walk_population
  - nodes_walk_midinc_hhs
  - nodes_walk_lowinc_hhs
  - nodes_walk_race_1_hhs
  - nodes_walk_jobs
  - nodes_walk_retail_jobs
  - nodes_walk_node_r1500_sqft
  - nodes_walk_residential
  - nodes_walk_retail
  - nodes_walk_office
  - nodes_walk_industrial
  - nodes_walk_medical
  - nodes_walk_ave_unit_sqft
  - nodes_walk_housing_cost
sample_size: 2047
