fit_filters:
- non_residential_sqft > 0
- sqft_price_nonres > 1
- sqft_price_nonres < 650
- hedonic_id == 94
model_type: regression
name: RegressionModel
predict_filters: hedonic_id == 94
target_variable: np.log1p(sqft_price_nonres)
ytransform: np.exp
fit_parameters:
  Coefficient:
    Intercept: -2.0404696729562346
    b_total_jobs: 0.0024658948045289245
    building_age: -0.0007070935999201393
    building_sqft: 2.3404101721644083e-05
    crime_other_rate: 4.894402524761078e-05
    crime_ucr_rate: -0.00012162873668124886
    jobs_non_home_based: 1.5742194072798604e-17
    jobs_within_30_min: -3.1203493899690493e-07
    land_area: 1.14843477896784e-06
    nodes_walk_ave_nonres_sqft_price: 0.001656710313663638
    nodes_walk_ave_unit_sqft: -4.8575343275972296e-06
    nodes_walk_highinc_hhs: -0.0010747160677706906
    nodes_walk_housing_cost: 4.327968088040846e-06
    nodes_walk_industrial: 0.00011242513014646863
    nodes_walk_jobs: 0.00013955234807301817
    nodes_walk_lowinc_hhs: 6.56703541116118e-05
    nodes_walk_medical: 0.0006580033602308523
    nodes_walk_node_r1500_sqft: 8.099482201174767e-09
    nodes_walk_office: -0.00044851319428684854
    nodes_walk_population: 0.00017539544209064126
    nodes_walk_race_2_hhs: 0.0005753264365534164
    nodes_walk_race_3_hhs: -0.0007121544689127599
    nodes_walk_race_4_hhs: -0.0008574822873434993
    nodes_walk_retail: 0.00521221125350275
    nodes_walk_retail_jobs: 0.00014236717479653883
    parcel_sqft: -1.8163381884331365e-07
    parcels_ave_unit_size: -0.00020740042574895367
    parcels_parcel_size: -2.515001885973404e-07
    parcels_pptytax: -0.0018207435526883765
    parcels_total_sqft: -2.5999679733155206e-05
    parcels_zones_jobs_within_30_min: 2.0505774977520523e-08
    residential_sqft: 1.285331120321237e-06
    school_district_achievement: 0.0004145131134903525
    sqft_per_unit: 0.00021724718222844065
    year_built: 0.0030924891186704987
    zones_acres: 2.977352255216087e-05
    zones_employment: -3.435104673606845e-06
    zones_households: 0.0001156531093643862
    zones_logsum_job_high_income: -9.229004112666073e-08
    zones_logsum_job_low_income: -3.9334409686194553e-07
    zones_logsum_job_mid_income: 2.3714339996783558e-07
    zones_logsum_pop_high_income: 1.3777466464234863e-07
    zones_logsum_pop_low_income: 1.2645426768635248e-07
    zones_logsum_pop_mid_income: -1.4315176982801972e-07
    zones_population: -7.216413676569608e-05
    zones_retail_jobs: 0.000450020996553561
    zones_transit_jobs_30min: -3.8088582870499674e-06
    zones_transit_jobs_50min: 1.5425343860330805e-06
    zones_z_total_jobs: -4.818079341550756e-05
fit_rsquared: 0.6078658984350148
fitted: true
model_expression:
  left_side: np.log1p(sqft_price_nonres)
  right_side:
  - year_built
  - sqft_per_unit
  - land_area
  - residential_sqft
  - building_sqft
  - jobs_within_30_min
  - parcel_sqft
  - school_district_achievement
  - crime_ucr_rate
  - crime_other_rate
  - building_age
  - b_total_jobs
  - jobs_non_home_based
  - parcels_pptytax
  - parcels_parcel_size
  - parcels_ave_unit_size
  - parcels_total_sqft
  - parcels_zones_jobs_within_30_min
  - zones_acres
  - zones_households
  - zones_population
  - zones_employment
  - zones_retail_jobs
  - zones_logsum_pop_high_income
  - zones_logsum_pop_mid_income
  - zones_logsum_pop_low_income
  - zones_logsum_job_high_income
  - zones_logsum_job_mid_income
  - zones_logsum_job_low_income
  - zones_z_total_jobs
  - zones_transit_jobs_50min
  - zones_transit_jobs_30min
  - nodes_walk_population
  - nodes_walk_lowinc_hhs
  - nodes_walk_highinc_hhs
  - nodes_walk_race_2_hhs
  - nodes_walk_race_3_hhs
  - nodes_walk_race_4_hhs
  - nodes_walk_jobs
  - nodes_walk_retail_jobs
  - nodes_walk_node_r1500_sqft
  - nodes_walk_ave_nonres_sqft_price
  - nodes_walk_retail
  - nodes_walk_office
  - nodes_walk_industrial
  - nodes_walk_medical
  - nodes_walk_ave_unit_sqft
  - nodes_walk_housing_cost
sample_size: 236
