fit_filters:
- non_residential_sqft > 0
- sqft_price_nonres > 1
- sqft_price_nonres < 650
- hedonic_id == 323
model_expression:
  left_side: np.log1p(sqft_price_nonres)
model_type: Regression
name: RegressionModel
predict_filters: hedonic_id == 323
ytransform: np.exp
coef:
  b_total_jobs: 5.555766099761516e-05
  building_age: -0.0006587035643428393
  building_sqft: -1.2865253345960891e-06
  crime_other_rate: 4.8466948698887184e-06
  crime_ucr_rate: -6.801429068650726e-05
  jobs_non_home_based: 7.74038852054784e-20
  jobs_within_30_min: -2.0537001514471528e-07
  land_area: -1.6859728184534537e-06
  nodes_walk_ave_nonres_sqft_price: 0.0019447626897546256
  nodes_walk_ave_unit_sqft: 4.166365201813259e-06
  nodes_walk_highinc_hhs: 8.977031007332206e-05
  nodes_walk_households: 0.00012685218390277782
  nodes_walk_housing_cost: -1.340541844301577e-06
  nodes_walk_jobs: 8.195818319421708e-05
  nodes_walk_lowinc_hhs: -0.0002918783184742084
  nodes_walk_medical: 2.828520944524855e-05
  nodes_walk_midinc_hhs: 0.0001141757538277735
  nodes_walk_node_r1500_sqft: -7.774148405257297e-09
  nodes_walk_office: 0.006815437271028947
  nodes_walk_race_1_hhs: 0.000181825895587069
  nodes_walk_residential: 0.000315524173343491
  nodes_walk_retail_jobs: 8.401683448380052e-05
  parcel_sqft: 9.060570274630977e-08
  parcels_ave_unit_size: 7.371811180457825e-05
  parcels_total_sqft: 2.7135372219714385e-07
  parcels_zones_employment: -2.6526640601488972e-05
  parcels_zones_households: -4.427606147213912e-06
  parcels_zones_jobs_within_30_min: 3.172721573185922e-08
  parcels_zones_logsum_job_high_income: 2.3039519621544462e-07
  parcels_zones_logsum_job_low_income: -1.3230387424762522e-07
  parcels_zones_logsum_pop_high_income: -1.8199128628253063e-07
  parcels_zones_logsum_pop_low_income: 9.659354783272898e-08
  parcels_zones_population: 1.7316661265055098e-05
  parcels_zones_retail_jobs: 0.00018821740810957024
  parcels_zones_transit_jobs_30min: 4.009947782898616e-06
  parcels_zones_transit_jobs_50min: -7.676152554238467e-09
  parcels_zones_z_total_jobs: -1.2808034950633947e-05
  residential_sqft: 0.0001174784125445597
  sqft_per_unit: 9.317868028631257e-05
  vacant_job_spaces: -0.0005346893088528064
  year_built: 0.004409391448840437
  zones_acres: -0.00015468600929543412
  zones_employment: -1.1626248889946631e-06
  zones_households: -1.2754086901446575e-05
  zones_logsum_job_high_income: 2.389756348504021e-07
  zones_logsum_job_low_income: -1.3326384091176797e-07
  zones_logsum_pop_high_income: -1.7194613655278518e-07
  zones_logsum_pop_low_income: 6.303226113870069e-08
  zones_population: 2.9442527873358175e-06
  zones_retail_jobs: 2.6111019067585606e-05
  zones_transit_jobs_30min: 6.194045030250833e-07
  zones_transit_jobs_50min: -6.79814131694631e-08
  zones_z_total_jobs: -3.4609022434252596e-06
sample_size: 3647
score: 0.4441400085918016
