fit_filters:
- non_residential_sqft > 0
- sqft_price_nonres > 1
- sqft_price_nonres < 650
- hedonic_id == 14723
model_expression:
  left_side: np.log1p(sqft_price_nonres)
model_type: Regression
name: RegressionModel
predict_filters: hedonic_id == 14723
ytransform: np.exp
coef:
  b_total_jobs: 0.009063540946909395
  building_age: -4.5236007698578915e-05
  building_sqft: -1.9400582421416604e-05
  crime_other_rate: 0.00014519392031918217
  crime_ucr_rate: -3.2540403247092805e-05
  jobs_within_30_min: 2.5757884002693944e-06
  land_area: 4.8532459819071005e-06
  nodes_walk_ave_nonres_sqft_price: 0.001957128833767586
  nodes_walk_ave_unit_sqft: 1.1147465301582688e-05
  nodes_walk_housing_cost: -1.2704391556969635e-06
  nodes_walk_jobs: -4.082289409292308e-05
  nodes_walk_lowinc_hhs: -0.0007308460452017568
  nodes_walk_medical: 0.0004108710092796379
  nodes_walk_node_r1500_sqft: 4.536313063606658e-09
  nodes_walk_office: 0.008056589193257213
  nodes_walk_population: 0.00018862234080338727
  nodes_walk_residential: 0.0018347600643539234
  nodes_walk_retail: 0.00015878133450072672
  nodes_walk_retail_jobs: 0.0005666061981437242
  parcel_sqft: 2.0709394915156063e-07
  parcels_ave_unit_size: 0.00012454518891899126
  parcels_total_sqft: -1.1461180553658065e-05
  parcels_zones_employment: 0.00013587499649545995
  parcels_zones_households: -4.9695455327125604e-05
  parcels_zones_jobs_within_30_min: -1.5232824670361574e-06
  parcels_zones_logsum_job_high_income: 1.0149977333873672e-05
  parcels_zones_logsum_job_low_income: -2.2203523340147206e-06
  parcels_zones_logsum_pop_high_income: -5.3917505155088855e-06
  parcels_zones_logsum_pop_low_income: 1.1911366460962942e-06
  parcels_zones_population: 9.460808783123806e-05
  parcels_zones_transit_jobs_30min: 3.853317814006999e-05
  parcels_zones_transit_jobs_50min: -1.866322561323326e-05
  parcels_zones_z_total_jobs: 2.109511494597547e-06
  residential_sqft: -2.530255578651234e-05
  sqft_per_unit: 0.0002850626495110816
  year_built: 0.0034493257615827956
  zones_acres: -6.531418845032058e-06
  zones_employment: 1.83501668177832e-05
  zones_households: -0.00019656881289918307
  zones_logsum_job_high_income: 9.988275861090657e-06
  zones_logsum_job_low_income: -2.172256606005056e-06
  zones_logsum_pop_high_income: -5.706975893475115e-06
  zones_logsum_pop_low_income: 1.433799642169656e-06
  zones_population: 5.304372816736371e-05
  zones_transit_jobs_30min: 2.751141865363767e-05
  zones_transit_jobs_50min: -1.7404801598466242e-05
  zones_z_total_jobs: 9.485680603594555e-08
sample_size: 400
score: 0.4573999013591685
