fit_filters:
- non_residential_sqft > 0
- sqft_price_nonres > 1
- sqft_price_nonres < 650
- hedonic_id == 9321
model_expression:
  left_side: np.log1p(sqft_price_nonres)
model_type: Regression
name: RegressionModel
predict_filters: hedonic_id == 9321
ytransform: np.exp
coef:
  Intercept: 1.78182835868621
  b_total_jobs: 0.0009257071071556674
  building_age: -0.0008496566115567492
  building_sqft: -4.98630549928637e-06
  crime_other_rate: 4.73084689077523e-05
  crime_ucr_rate: 0.0005119298117015561
  jobs_non_home_based: 1.2262553896506397e-16
  jobs_within_30_min: -2.0926184538115245e-06
  land_area: 1.3785758599216102e-06
  nodes_walk_ave_nonres_sqft_price: 0.00043316635373549485
  nodes_walk_ave_unit_sqft: -1.3032951860699005e-05
  nodes_walk_housing_cost: 2.9347047105536457e-06
  nodes_walk_jobs: 0.0001569610496464022
  nodes_walk_medical: -0.00017802941948192637
  nodes_walk_node_r1500_sqft: -1.0428248663106074e-08
  nodes_walk_population: -7.787781453225709e-05
  nodes_walk_residential: -0.0005924057898505864
  nodes_walk_retail: 0.009087291178384827
  nodes_walk_retail_jobs: 0.00017595828314662446
  parcel_sqft: -1.6597629672506856e-07
  parcels_ave_unit_size: -5.707369323720345e-05
  parcels_total_job_spaces: 0.0018420723569888314
  parcels_total_sqft: -4.791749390592553e-06
  parcels_zones_employment: -1.5209865089813806e-07
  parcels_zones_households: 8.29684724501742e-05
  parcels_zones_jobs_within_30_min: 4.8633058551411204e-08
  parcels_zones_logsum_job_high_income: -1.5936540750164003e-06
  parcels_zones_logsum_job_low_income: -8.517467207980142e-08
  parcels_zones_logsum_pop_high_income: 1.6765188035802306e-06
  parcels_zones_logsum_pop_low_income: 5.345278243094746e-07
  parcels_zones_population: -2.3800554109793828e-05
  parcels_zones_retail_jobs: 0.0001907226228088831
  parcels_zones_z_total_jobs: -1.8628686695689337e-05
  residential_sqft: 0.0005037735050217854
  vacant_job_spaces: -0.00014154367169890182
  year_built: 0.0005293671811758863
  zones_acres: 1.9859485643977304e-05
  zones_employment: -1.554678222554493e-08
  zones_households: 5.3305758119484614e-05
  zones_logsum_job_high_income: -1.5765220437636812e-06
  zones_logsum_job_low_income: -1.1437074223774254e-07
  zones_logsum_pop_high_income: 9.81400528046983e-07
  zones_logsum_pop_low_income: 5.043352074232733e-07
  zones_population: -3.0814699314915824e-05
  zones_retail_jobs: 1.594589131879385e-05
sample_size: 893
score: 0.4090635049568736
