fit_filters:
- non_residential_sqft > 0
- sqft_price_nonres > 1
- sqft_price_nonres < 650
- hedonic_id == 9914
model_expression:
  left_side: np.log1p(sqft_price_nonres)
model_type: Regression
name: RegressionModel
predict_filters: hedonic_id == 9914
ytransform: np.exp
coef:
  building_sqft: -1.916540039248492e-08
  crime_other_rate: 0.00019037369631877489
  jobs_within_30_min: -7.826100994697879e-07
  land_area: -8.972896313819985e-06
  nodes_walk_housing_cost: 1.147505828526613e-06
  nodes_walk_jobs: 0.00037508273390987796
  nodes_walk_node_r1500_sqft: -6.938946391059571e-08
  parcel_sqft: 6.081551998082432e-06
  parcels_landvalue: 3.3803184932340823e-06
  parcels_total_sqft: -2.065768355755842e-05
  parcels_zones_jobs_within_30_min: -1.876234348120986e-07
  parcels_zones_logsum_job_high_income: -7.746087734094325e-08
  parcels_zones_logsum_job_low_income: 1.1230427784628737e-07
  parcels_zones_logsum_pop_high_income: 5.897405806627571e-07
  parcels_zones_logsum_pop_low_income: 2.0435437720256417e-07
  parcels_zones_population: -0.00042951306543242816
  parcels_zones_transit_jobs_50min: 1.5591020169499253e-05
  zones_employment: -0.00014182239940808557
  zones_logsum_job_high_income: 2.3440526653962028e-07
  zones_logsum_job_low_income: 3.804522834152931e-08
  zones_logsum_pop_high_income: 2.5841556107652043e-08
  zones_logsum_pop_low_income: -3.847537259085451e-07
  zones_population: -1.9709641727980116e-05
  zones_transit_jobs_50min: 5.1696719670065885e-06
sample_size: 11
score: 0.9999987020471721
