fit_filters:
- non_residential_sqft > 0
- sqft_price_nonres > 1
- sqft_price_nonres < 650
- hedonic_id == 9365
model_expression:
  left_side: np.log1p(sqft_price_nonres)
model_type: Regression
name: RegressionModel
predict_filters: hedonic_id == 9365
ytransform: np.exp
coef:
  b_total_jobs: 0.00028059445952531185
  building_age: -0.0004364461486524324
  building_sqft: -6.43243148711395e-06
  crime_other_rate: 0.00011600353049510431
  crime_ucr_rate: -0.0006980948687180232
  jobs_within_30_min: -9.134090433828185e-07
  land_area: -3.206731009952435e-05
  nodes_walk_ave_nonres_sqft_price: 0.0035534697891546852
  nodes_walk_ave_unit_sqft: -3.732516005071996e-05
  nodes_walk_housing_cost: 1.0417879282203094e-06
  nodes_walk_jobs: 1.444919160474757e-05
  nodes_walk_medical: 0.0002731171918594443
  nodes_walk_node_r1500_sqft: 2.950898658992268e-09
  nodes_walk_office: 8.733647754384754e-05
  nodes_walk_population: -0.0002957034134198372
  nodes_walk_residential: -0.0008732322001959712
  nodes_walk_retail_jobs: 0.0005360268498027938
  parcel_sqft: -5.239210487010101e-08
  parcels_ave_unit_size: -0.00019404036209547595
  parcels_total_sqft: -1.1911838574806661e-06
  parcels_zones_employment: 4.466875537474341e-05
  parcels_zones_households: 0.000521967291965581
  parcels_zones_jobs_within_30_min: -6.486752051188203e-07
  parcels_zones_logsum_job_high_income: -2.402206902151902e-06
  parcels_zones_logsum_job_low_income: 8.166776748673456e-10
  parcels_zones_logsum_pop_high_income: 2.483564326770956e-06
  parcels_zones_logsum_pop_low_income: -1.0453003408418291e-06
  parcels_zones_population: -0.00018651609963078015
  parcels_zones_retail_jobs: -0.00024232710011306467
  parcels_zones_z_total_jobs: 1.8470251509378338e-05
  year_built: 0.004847299948818562
  zones_acres: -3.474986981340289e-05
  zones_households: 0.000569395116655326
  zones_logsum_job_high_income: -2.3890414495295203e-06
  zones_logsum_job_low_income: -7.127222675127965e-08
  zones_logsum_pop_high_income: 1.713320077013135e-06
  zones_logsum_pop_low_income: -1.0864736894042198e-06
  zones_population: -0.00017612029050461083
  zones_retail_jobs: -0.00018286577496783626
  zones_z_total_jobs: 3.1068953589334707e-06
sample_size: 142
score: 0.5962428164741838
