fit_filters:
- non_residential_sqft > 0
- sqft_price_nonres > 1
- sqft_price_nonres < 650
- hedonic_id == 13
model_expression:
  left_side: np.log1p(sqft_price_nonres)
model_type: Regression
name: RegressionModel
predict_filters: hedonic_id == 13
ytransform: np.exp
coef:
  b_total_jobs: 0.00012670143582312252
  building_sqft: 4.726164687390336e-05
  crime_other_rate: 2.777252293232136e-05
  crime_ucr_rate: -0.0002465582338413385
  jobs_non_home_based: 0.0004703605302214693
  jobs_within_30_min: -5.939026449472098e-07
  land_area: -3.993791637454685e-05
  nodes_walk_ave_nonres_sqft_price: 0.0002802773180070585
  nodes_walk_ave_unit_sqft: 4.200268602350422e-05
  nodes_walk_hhs_with_children: 0.004176073543812316
  nodes_walk_highinc_hhs: 7.827891285162038e-05
  nodes_walk_households: 2.617593475646037e-06
  nodes_walk_housing_cost: 1.186753442869403e-06
  nodes_walk_industrial: 0.0016521389877843101
  nodes_walk_jobs: 8.292813411927598e-05
  nodes_walk_lowinc_hhs: -0.0011754626627236947
  nodes_walk_medical: -0.0004778708755408068
  nodes_walk_midinc_hhs: 0.00047223331385299634
  nodes_walk_node_r1500_sqft: -4.44868055482927e-08
  nodes_walk_office: 0.0002449550030957028
  nodes_walk_population: -0.00027296806241518934
  nodes_walk_race_2_hhs: 0.00045335935805512474
  nodes_walk_race_3_hhs: 0.0007028624848562701
  nodes_walk_race_4_hhs: -0.0009755282383365059
  nodes_walk_residential: 0.0030259570826544333
  nodes_walk_retail: 0.0010033808335074522
  parcel_sqft: 4.3690224216087737e-07
  parcels_parcel_size: 3.2583614543118214e-06
  parcels_pptytax: -0.000821612952541153
  parcels_total_job_spaces: 0.0076955676281001625
  parcels_total_sqft: -4.789291962924403e-05
  parcels_zones_employment: 5.061114708837245e-05
  parcels_zones_households: -0.000153360983927882
  parcels_zones_jobs_within_30_min: 2.784082709343315e-07
  parcels_zones_logsum_job_high_income: -3.590034264522471e-07
  parcels_zones_logsum_job_low_income: -1.0041706834059917e-08
  parcels_zones_logsum_pop_high_income: 4.861057140501547e-07
  parcels_zones_logsum_pop_low_income: -9.183810147597386e-09
  parcels_zones_population: 5.833842202438087e-05
  parcels_zones_retail_jobs: -6.419219028462678e-05
  parcels_zones_transit_jobs_30min: 3.016896813911366e-06
  parcels_zones_transit_jobs_50min: -5.49133348468235e-07
  parcels_zones_z_total_jobs: 2.7345891750202567e-05
  residential_sqft: 1.8019743804693874e-05
  sqft_per_unit: 0.00010264206282902811
  year_built: 0.00558759658364474
  zones_acres: 3.98889027418745e-05
  zones_employment: 8.514962749785876e-06
  zones_households: -0.0002020191131706722
  zones_logsum_job_high_income: -3.582710927633946e-07
  zones_logsum_job_low_income: -9.927848379078694e-09
  zones_logsum_pop_high_income: 4.7146506210950564e-07
  zones_logsum_pop_low_income: -4.703526692533548e-09
  zones_population: 5.3363091771150606e-05
  zones_transit_jobs_30min: 2.022341644860943e-06
  zones_transit_jobs_50min: -5.887411637986186e-07
sample_size: 536
score: 0.44394135539874235
