fit_filters:
- non_residential_sqft > 0
- sqft_price_nonres > 1
- sqft_price_nonres < 650
- hedonic_id == 12531
model_type: regression
name: RegressionModel
predict_filters: hedonic_id == 12531
target_variable: np.log1p(sqft_price_nonres)
ytransform: np.exp
fit_parameters:
  Coefficient:
    Intercept: -5.758802620366776
    building_age: -0.0008461743884497822
    building_sqft: 1.9070151843851382e-06
    crime_ucr_rate: -0.00012602731256005585
    job_spaces: -0.0006223067971000578
    jobs_within_30_min: 1.0384997825588411e-07
    land_area: -5.900483176683922e-07
    nodes_walk_ave_nonres_sqft_price: 0.0003758745805933103
    nodes_walk_ave_unit_sqft: -2.8066434786056434e-05
    nodes_walk_housing_cost: 5.6651466642494235e-08
    nodes_walk_industrial: 0.014894066636869884
    nodes_walk_jobs: 2.5991159575866812e-05
    nodes_walk_medical: -4.8287920673679534e-05
    nodes_walk_node_r1500_sqft: 5.524330062630764e-09
    nodes_walk_office: 0.00025697297437102544
    nodes_walk_population: 4.9262837696771166e-05
    non_residential_units: -8.380313525934383e-17
    parcel_sqft: 1.8327915156026023e-07
    parcels_ave_unit_size: -3.661856506235669e-06
    parcels_parcel_size: -2.8357758158721466e-07
    parcels_total_job_spaces: 0.00048421537507069924
    parcels_total_sqft: -1.4576834417975967e-06
    parcels_zones_jobs_within_30_min: 3.680008234202277e-09
    vacant_job_spaces: -0.000323806754298867
    year_built: 0.004470968334829822
    zones_acres: -9.379378566026105e-06
    zones_employment: -6.190614404648881e-07
    zones_households: 5.0074466535499254e-05
    zones_logsum_job_high_income: 6.390267783942222e-08
    zones_logsum_job_low_income: 3.522418192846461e-09
    zones_logsum_job_mid_income: 3.6521556486799726e-08
    zones_logsum_pop_high_income: -8.688504038337162e-08
    zones_logsum_pop_low_income: -5.619245115251165e-09
    zones_logsum_pop_mid_income: -2.5558504932851693e-08
    zones_population: -2.7002496612596952e-05
    zones_retail_jobs: 1.5906144831535802e-05
    zones_transit_jobs_30min: -3.5470359269023267e-07
    zones_transit_jobs_50min: -1.4857340722500264e-07
fit_rsquared: 0.48173027777771715
fitted: true
sample_size: 3482
