fit_filters:
- non_residential_sqft > 0
- sqft_price_nonres > 1
- sqft_price_nonres < 650
- hedonic_id == 12523
model_type: regression
name: RegressionModel
predict_filters: hedonic_id == 12523
target_variable: np.log1p(sqft_price_nonres)
ytransform: np.exp
fit_parameters:
  Coefficient:
    Intercept: -1.9357464559942965
    b_total_jobs: 0.0007222913802852325
    building_age: -0.0002838681213930756
    building_sqft: -9.462251632180765e-08
    crime_other_rate: -4.8622500861420667e-05
    crime_ucr_rate: 1.975275740715967e-05
    jobs_non_home_based: 6.266404846874422e-20
    jobs_within_30_min: -1.702947637776251e-08
    land_area: -1.4877664691405668e-06
    nodes_walk_ave_unit_sqft: -2.816510054168168e-08
    nodes_walk_housing_cost: -1.0707508276667658e-07
    nodes_walk_industrial: 0.0005365420290199274
    nodes_walk_jobs: 4.128969436148623e-05
    nodes_walk_medical: 0.00032150205791037017
    nodes_walk_node_r1500_sqft: -1.5556872041154168e-08
    nodes_walk_office: 0.010123519224004916
    nodes_walk_population: -5.878857522224619e-05
    nodes_walk_race_1_hhs: 0.0004901252377243971
    nodes_walk_race_3_hhs: -0.0001452557554678917
    nodes_walk_retail: -0.00016538746444693807
    nodes_walk_retail_jobs: -7.273712836775538e-06
    parcel_sqft: 2.9090496476105285e-07
    parcels_ave_unit_size: -4.102269235676423e-07
    parcels_parcel_size: -4.4261356474248063e-07
    parcels_total_job_spaces: -0.0009444747153023557
    parcels_total_sqft: 1.0271410337273215e-06
    parcels_zones_jobs_within_30_min: 5.2031283319577946e-08
    residential_sqft: -0.00015281333143684153
    school_district_achievement: -5.5129235834778864e-05
    sqft_per_unit: 0.0007510932437922699
    year_built: 0.002787807818275989
    zones_acres: -3.541380949890522e-05
    zones_households: 5.8035067770977865e-06
    zones_logsum_job_high_income: 2.0545977061839076e-08
    zones_logsum_job_low_income: 7.87501514501256e-07
    zones_logsum_job_mid_income: -2.1977161602817544e-07
    zones_logsum_pop_high_income: -3.455975798076146e-08
    zones_logsum_pop_low_income: -9.32936214532837e-07
    zones_logsum_pop_mid_income: 2.6670564928138183e-07
    zones_population: 3.967962866507822e-06
    zones_retail_jobs: 1.38746076590233e-05
    zones_transit_jobs_30min: -2.038387717068931e-06
    zones_transit_jobs_50min: -2.7871078592115386e-07
    zones_z_total_jobs: -2.4702502482585037e-06
fit_rsquared: 0.4415628255389834
fit_rsquared_adj: 0.4415628255389834
fitted: true
model_expression:
  left_side: np.log1p(sqft_price_nonres)
  right_side:
  - year_built
  - sqft_per_unit
  - land_area
  - residential_sqft
  - building_sqft
  - jobs_within_30_min
  - parcel_sqft
  - school_district_achievement
  - crime_ucr_rate
  - crime_other_rate
  - building_age
  - b_total_jobs
  - jobs_non_home_based
  - parcels_parcel_size
  - parcels_ave_unit_size
  - parcels_total_job_spaces
  - parcels_total_sqft
  - parcels_zones_jobs_within_30_min
  - zones_acres
  - zones_households
  - zones_population
  - zones_retail_jobs
  - zones_logsum_pop_high_income
  - zones_logsum_pop_mid_income
  - zones_logsum_pop_low_income
  - zones_logsum_job_high_income
  - zones_logsum_job_mid_income
  - zones_logsum_job_low_income
  - zones_z_total_jobs
  - zones_transit_jobs_50min
  - zones_transit_jobs_30min
  - nodes_walk_population
  - nodes_walk_race_1_hhs
  - nodes_walk_race_3_hhs
  - nodes_walk_jobs
  - nodes_walk_retail_jobs
  - nodes_walk_node_r1500_sqft
  - nodes_walk_retail
  - nodes_walk_office
  - nodes_walk_industrial
  - nodes_walk_medical
  - nodes_walk_ave_unit_sqft
  - nodes_walk_housing_cost
sample_size: 4448
