fit_filters:
- non_residential_sqft > 0
- sqft_price_nonres > 1
- sqft_price_nonres < 650
- hedonic_id == 16165
model_type: regression
name: RegressionModel
predict_filters: hedonic_id == 16165
target_variable: np.log1p(sqft_price_nonres)
ytransform: np.exp
fit_parameters:
  Coefficient:
    Intercept: 1.4697964419135046
    building_sqft: -1.4303903592335614e-05
    crime_other_rate: 3.952611463454704e-05
    crime_ucr_rate: 2.434400870798689e-05
    jobs_within_30_min: 1.2319872455658087e-06
    land_area: -9.8526319766133e-06
    nodes_walk_ave_nonres_sqft_price: 0.005033605016661666
    nodes_walk_ave_unit_sqft: 2.3348872934993767e-05
    nodes_walk_hhs_with_children: -0.00011063546500325758
    nodes_walk_housing_cost: -2.24106084463421e-06
    nodes_walk_industrial: 0.0007548522318864971
    nodes_walk_jobs: -6.417420876560648e-06
    nodes_walk_medical: -0.0003243912290262976
    nodes_walk_node_r1500_sqft: -2.8949328135282767e-08
    nodes_walk_office: 0.0005047485266509934
    nodes_walk_population: 0.00045548812301906877
    nodes_walk_race_1_hhs: -0.0013271019911526391
    nodes_walk_race_3_hhs: 0.000852946201343387
    nodes_walk_retail: 0.0007894379526183874
    nodes_walk_retail_jobs: -0.00010200025391748632
    parcel_sqft: 1.1030362425531072e-07
    parcels_ave_unit_size: 4.3098319837313345e-05
    parcels_parcel_size: 5.546440907560712e-08
    parcels_total_job_spaces: 0.0018959232636529197
    parcels_total_sqft: -7.990042268460743e-06
    parcels_zones_jobs_within_30_min: 2.126513956326466e-07
    residential_sqft: 5.9444866668098644e-05
    school_district_achievement: 0.001145780270745774
    sqft_per_unit: 0.00018618129205992014
    vacant_job_spaces: -0.0047321655129599054
    year_built: 0.0016923286159282757
    zones_acres: -3.815919305237812e-05
    zones_empden: -0.00018859674990270175
    zones_logsum_job_high_income: 1.5896875617520476e-06
    zones_logsum_job_low_income: -1.1928735736666005e-07
    zones_logsum_job_mid_income: 3.5804069512400934e-08
    zones_logsum_pop_high_income: -1.8788613083413532e-06
    zones_logsum_pop_low_income: 1.1553321209880412e-07
    zones_logsum_pop_mid_income: -2.7873170817824884e-08
    zones_population: -3.2808130263692765e-05
    zones_retail_jobs: 0.0005832881569550366
    zones_transit_jobs_30min: -2.535469501765557e-06
    zones_transit_jobs_50min: 1.2284440820390167e-06
fit_rsquared: 0.636784510703829
fitted: true
sample_size: 366
