fit_filters:
- non_residential_sqft > 0
- sqft_price_nonres > 1
- sqft_price_nonres < 650
- hedonic_id == 11521
model_expression:
  left_side: np.log1p(sqft_price_nonres)
model_type: Regression
name: RegressionModel
predict_filters: hedonic_id == 11521
ytransform: np.exp
coef:
  Intercept: 1.2813669628973705
  b_total_jobs: 0.0019752306819827642
  building_age: -2.2887054247153506e-06
  building_sqft: -3.63110285784865e-06
  crime_other_rate: 0.0001395655315262658
  crime_ucr_rate: -0.0004710136431608843
  jobs_non_home_based: 2.5837304292844277e-16
  jobs_within_30_min: 1.8931258426310992e-07
  land_area: 4.897010199720975e-06
  nodes_walk_ave_nonres_sqft_price: 0.00041695173428961255
  nodes_walk_housing_cost: -6.143043121049957e-07
  nodes_walk_industrial: 0.0012109481607950638
  nodes_walk_jobs: -4.307425813932676e-05
  nodes_walk_medical: 0.0006472569151209425
  nodes_walk_node_r1500_sqft: -4.230095446184503e-09
  nodes_walk_population: 0.0002949089971566258
  nodes_walk_retail: 0.01316652872817016
  nodes_walk_retail_jobs: 0.0008588381009020076
  parcel_sqft: 1.812238428105312e-07
  parcels_total_sqft: -5.774599073515534e-06
  residential_sqft: 0.0003227318167246195
  sqft_per_unit: 7.510410013723675e-05
  year_built: 0.0008456526839846049
  zones_acres: -9.454761507296483e-07
  zones_employment: 0.00010153106568877445
  zones_households: -0.00012535385758358122
  zones_logsum_job_high_income: -6.97871082588574e-07
  zones_logsum_job_low_income: -1.2494559239111062e-05
  zones_logsum_pop_high_income: 2.4349533454864806e-07
  zones_logsum_pop_low_income: 6.590563715540491e-06
  zones_population: 1.1414405689127235e-05
  zones_retail_jobs: 8.384074055158256e-05
  zones_transit_jobs_30min: -3.062093250486015e-05
  zones_transit_jobs_50min: -6.995077657224409e-06
  zones_z_total_jobs: 1.2198733758428113e-05
sample_size: 958
score: 0.4270500966799107
