fit_filters:
- non_residential_sqft > 0
- sqft_price_nonres > 1
- sqft_price_nonres < 650
- hedonic_id == 94
model_expression:
  left_side: np.log1p(sqft_price_nonres)
model_type: Regression
name: RegressionModel
predict_filters: hedonic_id == 94
ytransform: np.exp
coef:
  b_total_jobs: 0.0010683822239960913
  building_age: -0.0014242993770766414
  building_sqft: -2.68789453307456e-06
  crime_other_rate: 1.858984511030775e-05
  crime_ucr_rate: 2.1626595032419963e-05
  jobs_within_30_min: -1.1500433267398248e-07
  land_area: 2.499886831617276e-06
  large_area_id: -0.0005955694970077922
  nodes_walk_ave_nonres_sqft_price: 1.4798143270529813e-05
  nodes_walk_ave_unit_sqft: -0.00011832514798131656
  nodes_walk_hhs_with_children: -0.00028886482449873193
  nodes_walk_highinc_hhs: -0.00011235375497617964
  nodes_walk_households: -0.0007787746951701544
  nodes_walk_housing_cost: 4.761433075338649e-06
  nodes_walk_industrial: 0.0002440292478613466
  nodes_walk_jobs: 0.00018518732409145437
  nodes_walk_lowinc_hhs: 9.479216618284253e-05
  nodes_walk_medical: 0.0003473647611299967
  nodes_walk_midinc_hhs: -4.846656976252582e-05
  nodes_walk_node_r1500_sqft: 7.661312445619297e-09
  nodes_walk_population: 0.000511153628699831
  nodes_walk_race_2_hhs: 0.0001880414591265612
  nodes_walk_race_3_hhs: -0.0005741243533622435
  nodes_walk_race_4_hhs: -0.003026985763470883
  nodes_walk_retail: 0.0050412920559701644
  nodes_walk_retail_jobs: 8.17658948226878e-05
  parcel_sqft: 9.635373070686334e-08
  parcels_ave_unit_size: -0.00013773767839689449
  parcels_pptytax: -0.0006670236217743867
  parcels_total_sqft: -1.3050159705272805e-07
  parcels_zones_employment: -5.796052033110792e-07
  parcels_zones_households: 0.00015455849283588837
  parcels_zones_jobs_within_30_min: -9.476121532372163e-08
  parcels_zones_logsum_job_high_income: -1.0141409112537012e-07
  parcels_zones_logsum_job_low_income: -2.7125281114808733e-09
  parcels_zones_logsum_pop_high_income: 1.4120612659483874e-07
  parcels_zones_logsum_pop_low_income: -1.4513309925772795e-07
  parcels_zones_population: -0.00010996050767772932
  parcels_zones_retail_jobs: 0.0004608960505221747
  parcels_zones_transit_jobs_30min: 3.8967646445566483e-07
  parcels_zones_transit_jobs_50min: 6.39756042573579e-07
  parcels_zones_z_total_jobs: -4.981124584778125e-05
  residential_sqft: 2.1664399935796647e-06
  sqft_per_unit: 0.00018504629775203916
  vacant_job_spaces: -5.6609652977496746e-05
  year_built: 0.0020600059055416522
  zones_acres: 2.0937028367292415e-05
  zones_employment: -6.317058008120523e-06
  zones_households: 0.00019809290828965735
  zones_logsum_job_high_income: -1.060387767378128e-07
  zones_logsum_job_low_income: -6.0200963296218775e-09
  zones_logsum_pop_high_income: 1.3845428137840158e-07
  zones_logsum_pop_low_income: -2.1412574712671563e-08
  zones_population: -8.700718369634775e-05
  zones_retail_jobs: 2.4708333873165898e-05
  zones_transit_jobs_30min: 5.76862050235499e-07
  zones_transit_jobs_50min: 4.5930759724354253e-07
  zones_z_total_jobs: -8.490314007360036e-06
sample_size: 211
score: 0.6078896117236903
