fit_filters:
- non_residential_sqft > 0
- sqft_price_nonres > 1
- sqft_price_nonres < 650
- hedonic_id == 16123
model_expression:
  left_side: np.log1p(sqft_price_nonres)
model_type: Regression
name: RegressionModel
predict_filters: hedonic_id == 16123
ytransform: np.exp
coef:
  Intercept: 1.7407246651960548
  b_total_jobs: 8.542772242474262e-05
  building_age: -0.0006270418996430346
  building_sqft: 4.581648757458485e-07
  crime_other_rate: 5.857555419896739e-05
  crime_ucr_rate: 9.633458890013446e-05
  jobs_within_30_min: 1.2765423921123554e-07
  land_area: -2.60309109587469e-06
  nodes_walk_ave_unit_sqft: 3.3035844668448817e-06
  nodes_walk_highinc_hhs: -0.0013547071349758765
  nodes_walk_households: -0.0005755972247523155
  nodes_walk_housing_cost: 1.6502728147669025e-06
  nodes_walk_industrial: -0.001471931279578869
  nodes_walk_jobs: 0.00012989842401183718
  nodes_walk_lowinc_hhs: -0.000995169603305827
  nodes_walk_midinc_hhs: 0.000761350425696091
  nodes_walk_node_r1500_sqft: 1.2362764153483542e-08
  nodes_walk_office: 0.008483523692530682
  nodes_walk_population: 0.00038815922087008585
  nodes_walk_race_3_hhs: -0.00013853863590540636
  nodes_walk_retail: -0.0001012243002294176
  nodes_walk_retail_jobs: -0.0008031095023008152
  parcel_sqft: 5.781598411546426e-09
  parcels_total_sqft: -6.321847002638526e-07
  parcels_zones_jobs_within_30_min: -2.1805959571453584e-07
  residential_sqft: -5.5040966158843124e-05
  sqft_per_unit: 0.0002419399065038583
  vacant_job_spaces: -0.0008236515381813435
  year_built: 0.0008835547236775007
  zones_acres: -3.5370373686020484e-05
  zones_employment: 6.693558720930207e-05
  zones_households: -0.0001711055602950283
  zones_logsum_job_high_income: -7.890775515211706e-08
  zones_logsum_job_low_income: 6.618879337815322e-08
  zones_logsum_pop_high_income: -1.0065994808391799e-07
  zones_logsum_pop_low_income: -1.5751768421696083e-07
  zones_population: 6.822214098090066e-05
  zones_retail_jobs: 0.00026370126013012103
  zones_transit_jobs_30min: -2.651797224846619e-06
  zones_transit_jobs_50min: 2.085827564225281e-06
  zones_z_total_jobs: 9.747807938426626e-06
sample_size: 1107
score: 0.5320558711478394
