fit_filters:
- non_residential_sqft > 0
- sqft_price_nonres > 1
- sqft_price_nonres < 650
- hedonic_id == 523
model_expression:
  left_side: np.log1p(sqft_price_nonres)
model_type: Regression
name: RegressionModel
predict_filters: hedonic_id == 523
ytransform: np.exp
coef:
  building_age: -0.00010747972388923292
  building_sqft: -2.6077722373775153e-07
  crime_other_rate: -1.3158024047609553e-06
  crime_ucr_rate: -7.607222906493182e-05
  jobs_within_30_min: -1.7977970502342888e-07
  land_area: -1.5828081789070594e-05
  nodes_walk_ave_nonres_sqft_price: 0.00341090337634719
  nodes_walk_ave_unit_sqft: 1.3074599547875814e-06
  nodes_walk_highinc_hhs: -0.0009402094478428357
  nodes_walk_households: -6.980604581548217e-05
  nodes_walk_housing_cost: -4.006155712902406e-06
  nodes_walk_jobs: -1.142193310328408e-05
  nodes_walk_medical: 0.0015200763884739917
  nodes_walk_node_r1500_sqft: -4.480754432734676e-09
  nodes_walk_office: 0.012499867057328034
  nodes_walk_population: 0.00011749136404245969
  nodes_walk_race_1_hhs: -6.599048200334773e-05
  nodes_walk_residential: 0.0015003674173551058
  parcel_sqft: 3.98300595072618e-06
  parcels_ave_unit_size: 7.678292458855991e-05
  parcels_total_sqft: 1.0657144007923614e-06
  parcels_zones_employment: 5.349461818363555e-05
  parcels_zones_jobs_within_30_min: -5.3239443063948946e-08
  parcels_zones_logsum_job_high_income: 1.6017847719746906e-07
  parcels_zones_logsum_job_low_income: 6.294660041029769e-09
  parcels_zones_logsum_pop_high_income: -1.2468455251043634e-07
  parcels_zones_logsum_pop_low_income: 1.7411159258092316e-08
  parcels_zones_population: 4.7478521018139864e-07
  parcels_zones_transit_jobs_30min: 3.5952592330963105e-06
  parcels_zones_transit_jobs_50min: 6.748296635767923e-07
  residential_sqft: 6.853832183532339e-06
  sqft_per_unit: 1.3641099748084343e-05
  vacant_job_spaces: -0.0012845215968130845
  year_built: 0.01262003160290697
  zones_acres: 7.33715946736699e-05
  zones_empden: -0.000260255862117954
  zones_logsum_job_high_income: 1.351435291187236e-07
  zones_logsum_job_low_income: -1.1422479588917655e-08
  zones_logsum_pop_high_income: -2.2709120321889155e-07
  zones_logsum_pop_low_income: -3.353040583367703e-08
  zones_population: 7.797666953377094e-06
  zones_transit_jobs_30min: 2.218106077522604e-06
  zones_transit_jobs_50min: -2.3517858860986987e-07
sample_size: 1514
score: 0.37892814228648974
