fit_filters:
- non_residential_sqft > 0
- sqft_price_nonres > 1
- sqft_price_nonres < 650
- hedonic_id == 14721
model_expression:
  left_side: np.log1p(sqft_price_nonres)
model_type: Regression
name: RegressionModel
predict_filters: hedonic_id == 14721
ytransform: np.exp
coef:
  Intercept: -0.9715404088105744
  b_total_jobs: 0.0026109929468492586
  building_age: -7.259678249816085e-05
  building_sqft: -1.0365986179809711e-05
  crime_other_rate: 2.579828985382137e-06
  crime_ucr_rate: -7.167551805824239e-05
  jobs_non_home_based: 2.1431230588708339e-16
  jobs_within_30_min: 1.6667882648422166e-06
  land_area: 1.14938473724319e-05
  nodes_walk_housing_cost: 2.9667296302485597e-06
  nodes_walk_jobs: 0.00023030455230499465
  nodes_walk_medical: 0.0004991873834606299
  nodes_walk_node_r1500_sqft: 1.2735065382972183e-09
  nodes_walk_population: 0.00011610394738646654
  nodes_walk_retail: 0.012338846481962725
  parcel_sqft: -7.999117230602793e-08
  parcels_total_sqft: -5.630798021679883e-06
  parcels_zones_households: -5.265367830895457e-05
  parcels_zones_logsum_job_high_income: 9.703482245575187e-08
  parcels_zones_logsum_job_low_income: -1.2101137146227226e-06
  parcels_zones_logsum_pop_high_income: 9.91592619904909e-08
  parcels_zones_logsum_pop_low_income: 4.923959172559107e-07
  parcels_zones_population: 7.625666080018441e-05
  parcels_zones_transit_jobs_30min: -2.8363280468537656e-05
  parcels_zones_transit_jobs_50min: -1.8744123994403777e-06
  residential_sqft: -6.186403869847383e-05
  school_district_achievement: -0.0010397227722524474
  sqft_per_unit: 0.00040037469910312305
  year_built: 0.0019633154332451366
  zones_acres: -9.380634721765634e-06
  zones_employment: 1.472024572452196e-05
  zones_households: -0.00014039518484598626
  zones_logsum_job_high_income: -1.4746085604426312e-07
  zones_logsum_job_low_income: -1.1081093088741203e-06
  zones_logsum_pop_high_income: -3.479560270022674e-08
  zones_logsum_pop_low_income: 8.467224645852351e-07
  zones_population: 6.968190482522625e-05
  zones_transit_jobs_30min: -1.2951967941294528e-05
  zones_transit_jobs_50min: -5.839841466599169e-07
  zones_z_total_jobs: 5.652989304520282e-08
sample_size: 1185
score: 0.3784113937199124
