fit_filters:
- non_residential_sqft > 0
- sqft_price_nonres > 1
- sqft_price_nonres < 650
- hedonic_id == 91
model_expression:
  left_side: np.log1p(sqft_price_nonres)
model_type: Regression
name: RegressionModel
predict_filters: hedonic_id == 91
ytransform: np.exp
coef:
  building_age: -0.00028496839845995505
  building_sqft: 8.781761615854372e-06
  crime_other_rate: -0.00017194972806167376
  crime_ucr_rate: -0.0003437555963729352
  job_spaces: -0.0017318494393090535
  jobs_within_30_min: -2.062974333412373e-06
  land_area: -3.208545036722695e-06
  large_area_id: 0.014081616029027865
  nodes_walk_ave_nonres_sqft_price: 0.00518295574243889
  nodes_walk_ave_unit_sqft: -0.0009579909240399694
  nodes_walk_housing_cost: -1.1453625409346136e-05
  nodes_walk_jobs: 0.00045594394523340847
  nodes_walk_medical: -6.110825239639388e-05
  nodes_walk_node_r1500_sqft: -4.3941788295910736e-07
  nodes_walk_population: 0.002393863016425644
  nodes_walk_race_2_hhs: -0.005287119303928029
  nodes_walk_race_3_hhs: 0.010041816494872857
  nodes_walk_race_4_hhs: 0.0068996299351181505
  nodes_walk_residential: 0.0023666559270461855
  nodes_walk_retail: 0.0031196687877708402
  nodes_walk_retail_jobs: -0.0006437271741269845
  parcel_sqft: 1.9965993098502165e-06
  parcels_ave_unit_size: -0.0004601919148147209
  parcels_landvalue: -1.9545113000412718e-07
  parcels_total_sqft: -4.975936244099955e-07
  parcels_zones_employment: 1.0666755071838327e-06
  parcels_zones_households: -0.0015264984764902956
  parcels_zones_jobs_within_30_min: -1.1460598562612644e-07
  parcels_zones_logsum_job_high_income: 2.0382705038535257e-06
  parcels_zones_logsum_job_low_income: -1.0505017174233394e-06
  parcels_zones_logsum_pop_high_income: 1.99715636222969e-06
  parcels_zones_logsum_pop_low_income: 2.724692969180731e-07
  parcels_zones_population: 0.00032727872084829075
  parcels_zones_transit_jobs_30min: -5.5173155774108465e-05
  parcels_zones_transit_jobs_50min: -2.1360538137960356e-05
  parcels_zones_z_total_jobs: -8.45810104461338e-05
  year_built: 0.00702612958656314
  zones_acres: 0.0026922693779186805
  zones_employment: 0.00012161589935327617
  zones_households: -0.0013204450631333546
  zones_logsum_job_high_income: -1.9542891339990302e-07
  zones_logsum_job_low_income: -6.183444367883476e-07
  zones_logsum_pop_high_income: -1.3839019580354305e-08
  zones_logsum_pop_low_income: 1.3221495304759026e-06
  zones_population: 0.00016125606577323194
  zones_retail_jobs: -0.00025884734946973726
  zones_transit_jobs_30min: -1.1274231269902527e-05
  zones_transit_jobs_50min: 3.82515151919497e-06
  zones_z_total_jobs: 7.241426284737334e-05
sample_size: 31
score: 0.9954001608653394
