fit_filters:
- non_residential_sqft > 0
- sqft_price_nonres > 1
- sqft_price_nonres < 650
- hedonic_id == 351
model_expression:
  left_side: np.log1p(sqft_price_nonres)
model_type: Regression
name: RegressionModel
predict_filters: hedonic_id == 351
ytransform: np.exp
coef:
  building_age: -0.0021348691913722698
  building_sqft: -2.1197525397464147e-06
  crime_other_rate: 3.438710027887353e-05
  crime_ucr_rate: -0.00026034955998266565
  job_spaces: -0.00033021216573238233
  jobs_within_30_min: -3.806250884545037e-07
  land_area: 1.0499247609229802e-06
  nodes_walk_households: -7.179578284514834e-05
  nodes_walk_housing_cost: 3.1073296677433803e-07
  nodes_walk_jobs: 3.69478390082997e-05
  nodes_walk_medical: 0.00535582149622137
  nodes_walk_node_r1500_sqft: 4.290499891315624e-09
  nodes_walk_office: 0.0003360840414615217
  nodes_walk_race_1_hhs: -6.51623259369277e-06
  nodes_walk_race_2_hhs: -0.0001442182041327973
  nodes_walk_residential: 0.0005761984733757429
  nodes_walk_retail: 0.00045689663403941975
  nodes_walk_retail_jobs: -4.797506351621934e-05
  non_residential_units: -8.522907507619764e-17
  parcel_sqft: -1.3480055469077208e-06
  parcels_ave_unit_size: -1.1081943893493755e-05
  parcels_total_sqft: 4.623844774563246e-06
  parcels_zones_employment: 2.1581620031032426e-05
  parcels_zones_households: -8.80451275777826e-05
  parcels_zones_jobs_within_30_min: 1.0197092316334635e-07
  parcels_zones_logsum_job_high_income: -1.2916362938674252e-07
  parcels_zones_logsum_job_low_income: -4.465762521813871e-08
  parcels_zones_logsum_pop_high_income: 3.3966824051629897e-07
  parcels_zones_logsum_pop_low_income: 5.2392219514542926e-08
  parcels_zones_population: 3.251887883680313e-05
  parcels_zones_transit_jobs_30min: 1.127667092972829e-06
  parcels_zones_transit_jobs_50min: 5.684246346313052e-08
  residential_sqft: 0.0002655927478097086
  vacant_job_spaces: -0.0007247341009707548
  year_built: 0.0013505510282622677
  zones_acres: -1.1006589482020154e-05
  zones_employment: 9.75617357903345e-07
  zones_households: -7.575832148110063e-05
  zones_logsum_job_high_income: -8.396056632171045e-08
  zones_logsum_job_low_income: -4.7525637088321705e-08
  zones_logsum_pop_high_income: 8.035762883397612e-08
  zones_logsum_pop_low_income: 1.3848512782354375e-08
  zones_population: 2.2734752220046664e-05
  zones_retail_jobs: -2.821694352792834e-05
  zones_transit_jobs_50min: 3.0929614102370406e-08
  zones_z_total_jobs: 2.6448500505721565e-06
sample_size: 718
score: 0.48926279389300986
