fit_filters:
- non_residential_sqft > 0
- sqft_price_nonres > 1
- sqft_price_nonres < 650
- hedonic_id == 16131
model_expression:
  left_side: np.log1p(sqft_price_nonres)
model_type: Regression
name: RegressionModel
predict_filters: hedonic_id == 16131
ytransform: np.exp
coef:
  Intercept: -2.406084928246437
  b_total_jobs: 0.0003633385232022327
  building_age: -0.0011694625064267842
  building_sqft: 7.445915416745378e-08
  crime_other_rate: 0.00010046328073215366
  crime_ucr_rate: -0.00032298495320283156
  job_spaces: 0.0003497087030519675
  jobs_within_30_min: 3.0699916621974432e-06
  land_area: -1.0352930477887613e-06
  nodes_walk_ave_nonres_sqft_price: -0.0005644421507701923
  nodes_walk_ave_unit_sqft: -9.467389128572516e-05
  nodes_walk_housing_cost: 1.778531543970651e-07
  nodes_walk_industrial: 0.010691190497312071
  nodes_walk_jobs: 5.499867310125118e-05
  nodes_walk_lowinc_hhs: -0.0008528682602320547
  nodes_walk_max_office_far: -0.0013562232829413712
  nodes_walk_medical: -0.0006957464184848835
  nodes_walk_midinc_hhs: 0.001095529826895449
  nodes_walk_node_r1500_sqft: 1.2760429102797458e-08
  nodes_walk_office: 5.9860680258087754e-05
  nodes_walk_population: -0.0005923411882340696
  nodes_walk_retail: 0.0004522343629135866
  nodes_walk_retail_jobs: -0.00040853172338587503
  non_residential_units: 3.461237317198671e-17
  parcel_sqft: -2.3901417751747535e-08
  parcels_ave_unit_size: -9.160530524500239e-07
  parcels_total_sqft: -4.1563787048856827e-07
  parcels_zones_empden: 0.0022956307717927134
  parcels_zones_employment: 7.72428520615689e-05
  parcels_zones_jobs_within_30_min: -2.1280647347412637e-06
  parcels_zones_logsum_job_high_income: -9.773470635678789e-08
  parcels_zones_logsum_job_low_income: 1.3962012991069398e-07
  parcels_zones_logsum_pop_high_income: 7.820018660110983e-08
  parcels_zones_logsum_pop_low_income: -7.42975370369553e-08
  parcels_zones_mean_age_of_head: 0.0010821912842976721
  parcels_zones_population: 2.742544912584527e-05
  parcels_zones_retail_jobs: 0.00026075905068269475
  parcels_zones_transit_jobs_30min: 4.348349632297536e-06
  parcels_zones_transit_jobs_50min: -4.350464367652724e-07
  year_built: 0.0026474220597830058
  zones_acres: 5.7519603924592406e-06
  zones_logsum_job_high_income: -8.352486255782112e-08
  zones_logsum_job_low_income: 1.2305083778050756e-07
  zones_logsum_pop_high_income: 1.1026214825093738e-07
  zones_logsum_pop_low_income: -1.4577319171051474e-07
  zones_mean_age_of_head: 6.295709754416774e-05
  zones_population: 1.5130928768811668e-05
  zones_transit_jobs_30min: 3.0264744093889033e-06
  zones_transit_jobs_50min: -5.824048610596557e-07
sample_size: 536
score: 0.7556293059696292
