fit_filters:
- non_residential_sqft > 0
- sqft_price_nonres > 1
- sqft_price_nonres < 650
- hedonic_id == 12521
model_expression:
  left_side: np.log1p(sqft_price_nonres)
model_type: Regression
name: RegressionModel
predict_filters: hedonic_id == 12521
ytransform: np.exp
coef:
  building_age: -0.0003560256186028361
  building_sqft: 1.693427332689434e-06
  crime_other_rate: 4.5825524491415816e-05
  crime_ucr_rate: -0.0002548509738064256
  jobs_within_30_min: -7.356290141701046e-08
  land_area: -5.376885760077626e-06
  nodes_walk_ave_nonres_sqft_price: 0.001316418008254362
  nodes_walk_ave_unit_sqft: -4.078588744056388e-05
  nodes_walk_housing_cost: 9.104706945256083e-07
  nodes_walk_jobs: 4.017145968916348e-05
  nodes_walk_medical: 0.00027840468517890553
  nodes_walk_node_r1500_sqft: 1.4193394761768829e-08
  nodes_walk_race_1_hhs: -8.778926703093058e-05
  nodes_walk_race_2_hhs: 3.3699323129351574e-05
  nodes_walk_residential: 6.458627477386705e-05
  nodes_walk_retail: 0.005203501452091483
  nodes_walk_retail_jobs: 0.0002862995697401241
  parcel_sqft: 4.920868712848214e-07
  parcels_ave_unit_size: -1.803749055648804e-05
  parcels_landvalue: 2.759938315889973e-08
  parcels_total_sqft: 2.3288075170971136e-07
  parcels_zones_employment: -1.4200815836379677e-05
  parcels_zones_jobs_within_30_min: -1.7189992924815438e-08
  parcels_zones_logsum_job_high_income: -4.026505489957283e-08
  parcels_zones_logsum_job_low_income: 2.3419934588799295e-07
  parcels_zones_logsum_pop_high_income: 5.1339829377473626e-08
  parcels_zones_logsum_pop_low_income: -1.185356103611417e-07
  parcels_zones_population: -4.828263973410911e-07
  parcels_zones_retail_jobs: -7.704508965113532e-05
  parcels_zones_transit_jobs_30min: 1.7332333151631168e-06
  parcels_zones_transit_jobs_50min: -1.6110487906237225e-07
  parcels_zones_z_total_jobs: -6.696805051950554e-06
  residential_sqft: 2.1505650509152104e-05
  sqft_per_unit: 0.00023903737299565576
  vacant_job_spaces: -0.0035058905248503166
  year_built: 0.004272276177697384
  zones_acres: -3.308742565933762e-05
  zones_employment: -1.1430369560010932e-06
  zones_logsum_job_high_income: -2.1777864902068855e-08
  zones_logsum_job_low_income: 2.0910614013852456e-07
  zones_logsum_pop_high_income: 2.240481787704154e-08
  zones_logsum_pop_low_income: -2.1337407092453866e-07
  zones_population: -1.7130948456303548e-07
  zones_retail_jobs: -2.3010503455715487e-05
  zones_transit_jobs_30min: 3.518853506689001e-08
  zones_transit_jobs_50min: -2.010108890295056e-07
  zones_z_total_jobs: -1.4510349820041392e-06
sample_size: 5012
score: 0.3230585433586133
