fit_filters:
- non_residential_sqft > 0
- sqft_price_nonres > 1
- sqft_price_nonres < 650
- hedonic_id == 14731
model_expression:
  left_side: np.log1p(sqft_price_nonres)
model_type: Regression
name: RegressionModel
predict_filters: hedonic_id == 14731
ytransform: np.exp
coef:
  Intercept: -4.841930800246884
  b_total_jobs: 0.0009870977143250934
  building_age: -2.123189539130573e-06
  building_sqft: -2.1497072844669974e-05
  crime_other_rate: -7.73718247675238e-06
  crime_ucr_rate: 5.11510512131122e-06
  jobs_non_home_based: 1.365150637765846e-16
  jobs_within_30_min: 1.4596478225514017e-06
  land_area: 1.9414271852761254e-05
  nodes_walk_housing_cost: -5.364979478389818e-06
  nodes_walk_industrial: 0.024042983987205856
  nodes_walk_jobs: -0.000338754001649185
  nodes_walk_medical: 0.00030136728585221183
  nodes_walk_node_r1500_sqft: -5.495333907870514e-09
  nodes_walk_office: -0.00033773374879582905
  nodes_walk_population: -7.327403986409396e-05
  nodes_walk_retail: 0.00044566133508029535
  nodes_walk_retail_jobs: 3.102780631751477e-05
  parcel_sqft: -2.2523385942263402e-08
  parcels_ave_unit_size: 0.00030880869952074557
  parcels_total_sqft: -2.9068559245664755e-07
  parcels_zones_jobs_within_30_min: 1.0278858757955954e-06
  year_built: 0.0034911993448234475
  zones_acres: 2.2513100121434444e-06
  zones_households: 0.0007235294164067663
  zones_logsum_job_high_income: 1.6516704882844778e-06
  zones_logsum_job_low_income: 2.641582888628396e-06
  zones_logsum_pop_high_income: -3.204769292562991e-07
  zones_logsum_pop_low_income: -7.549137663662815e-07
  zones_population: -0.0002830645451203178
  zones_retail_jobs: -2.7028152544234026e-05
  zones_transit_jobs_30min: -8.067274755935795e-05
  zones_transit_jobs_50min: -1.4029140128999423e-05
  zones_z_total_jobs: -1.8389840844895894e-06
sample_size: 385
score: 0.5431923414371828
