fit_filters:
- non_residential_sqft > 0
- sqft_price_nonres > 1
- sqft_price_nonres < 650
- hedonic_id == 9931
model_expression:
  left_side: np.log1p(sqft_price_nonres)
model_type: Regression
name: RegressionModel
predict_filters: hedonic_id == 9931
ytransform: np.exp
coef:
  b_total_jobs: 0.0006920604750900664
  building_age: -0.0006893043782277425
  building_sqft: 1.0665218802399003e-06
  crime_other_rate: 6.914014506687582e-06
  crime_ucr_rate: 0.00016910413695276152
  jobs_non_home_based: 1.739214791804886e-17
  jobs_within_30_min: -1.4691267212627545e-07
  land_area: -9.406000549764943e-07
  nodes_walk_ave_nonres_sqft_price: 0.001398460528122427
  nodes_walk_households: -0.00019665970071447864
  nodes_walk_housing_cost: -1.1628148273585116e-07
  nodes_walk_industrial: 0.012833083046035244
  nodes_walk_jobs: 2.1804488013733177e-05
  nodes_walk_medical: -0.0001466033402727275
  nodes_walk_node_r1500_sqft: 1.0139674855401225e-08
  nodes_walk_residential: 3.693081284270657e-05
  nodes_walk_retail: 0.0001817681671784584
  nodes_walk_retail_jobs: -2.3064931117230473e-05
  parcel_sqft: -1.6623536229359202e-07
  parcels_total_sqft: -1.026513845197854e-06
  parcels_zones_employment: -1.1555697899176677e-05
  parcels_zones_households: 0.00012997714050292974
  parcels_zones_jobs_within_30_min: -4.991440694164625e-08
  parcels_zones_logsum_job_high_income: -3.3618955958003676e-07
  parcels_zones_logsum_job_low_income: 8.586519939458075e-08
  parcels_zones_logsum_pop_high_income: 3.0365687559715786e-07
  parcels_zones_logsum_pop_low_income: -4.568458350718711e-08
  parcels_zones_mean_age_of_head: 0.0019082477336057702
  parcels_zones_population: -2.7381307766654678e-05
  parcels_zones_retail_jobs: 1.1589050534073405e-05
  parcels_zones_transit_jobs_30min: -6.898757414266743e-07
  parcels_zones_transit_jobs_50min: 1.3723455450709022e-07
  parcels_zones_z_total_jobs: -1.778208966804114e-08
  year_built: 0.006139068209434927
  zones_acres: -4.534131728701236e-06
  zones_employment: -7.96127281358551e-09
  zones_households: 3.945174495877568e-05
  zones_logsum_job_high_income: -2.9123248359538364e-07
  zones_logsum_job_low_income: 7.448467129604138e-08
  zones_logsum_pop_high_income: 3.027020840873608e-07
  zones_logsum_pop_low_income: -9.004492539240441e-08
  zones_mean_age_of_head: 0.0004922687506129177
  zones_population: -2.924225989004936e-05
  zones_retail_jobs: 2.341982626675205e-05
  zones_transit_jobs_30min: -5.5597317337153355e-08
  zones_transit_jobs_50min: 1.3356204623519444e-07
  zones_z_total_jobs: -6.89675563262259e-08
sample_size: 2595
score: 0.5136854566697193
