fit_filters:
- non_residential_sqft > 0
- sqft_price_nonres > 1
- sqft_price_nonres < 650
- hedonic_id == 14713
model_expression:
  left_side: np.log1p(sqft_price_nonres)
model_type: Regression
name: RegressionModel
predict_filters: hedonic_id == 14713
ytransform: np.exp
coef:
  building_sqft: 3.2398057549155935e-05
  crime_other_rate: -0.00013602137684360805
  jobs_within_30_min: -3.643679247685206e-05
  land_area: -0.00012885425002795935
  nodes_walk_housing_cost: -3.8374758274867195e-05
  nodes_walk_jobs: -0.002969552356866894
  nodes_walk_node_r1500_sqft: -7.161915477602368e-08
  parcel_sqft: -3.7379604082706923e-07
  parcels_landvalue: 1.5423182007599213e-06
  parcels_total_sqft: 1.1139247966742803e-05
  parcels_zones_employment: 2.8959283657003846e-05
  parcels_zones_jobs_within_30_min: 6.278368621632346e-06
  parcels_zones_logsum_job_high_income: -1.9938892264453447e-06
  parcels_zones_logsum_job_low_income: 2.2706277507157297e-06
  parcels_zones_logsum_pop_high_income: 3.051284121914733e-06
  parcels_zones_logsum_pop_low_income: 2.1380796237206054e-06
  parcels_zones_population: -0.001765300873525902
  parcels_zones_transit_jobs_30min: 0.00043691197922318556
  parcels_zones_transit_jobs_50min: -0.00016757536031154971
  zones_acres: 3.784461418922643e-06
  zones_logsum_job_high_income: -7.236505094554677e-07
  zones_logsum_job_low_income: 2.1230659656336287e-06
  zones_logsum_pop_high_income: 1.7227804794810498e-06
  zones_logsum_pop_low_income: 1.234899299233201e-06
  zones_population: -9.879976567776882e-05
  zones_transit_jobs_30min: 0.00032270305014276833
  zones_transit_jobs_50min: -0.00015423551901428786
sample_size: 15
score: 0.9995457945450088
