fit_filters:
- non_residential_sqft > 0
- sqft_price_nonres > 1
- sqft_price_nonres < 650
- hedonic_id == 12531
model_expression:
  left_side: np.log1p(sqft_price_nonres)
model_type: Regression
name: RegressionModel
predict_filters: hedonic_id == 12531
ytransform: np.exp
coef:
  Intercept: -6.019921126220835
  building_age: -0.0005958568605955337
  building_sqft: 1.5824935068765195e-06
  crime_ucr_rate: -0.00011733892927107503
  job_spaces: -0.0005290872847535177
  jobs_within_30_min: 1.0401442758960575e-07
  land_area: -3.4728038250583164e-07
  nodes_walk_ave_nonres_sqft_price: 0.00036388093223752407
  nodes_walk_ave_unit_sqft: -3.435912685200727e-05
  nodes_walk_housing_cost: 1.0423091585124691e-07
  nodes_walk_industrial: 0.014988226195596617
  nodes_walk_jobs: 2.3313519638888998e-05
  nodes_walk_medical: -4.8016191730787465e-05
  nodes_walk_node_r1500_sqft: 5.860274382245703e-09
  nodes_walk_office: 0.00023492105424222437
  nodes_walk_population: 4.904292930798535e-05
  non_residential_units: -7.389493388022763e-17
  parcel_sqft: 5.826024529921364e-10
  parcels_total_job_spaces: 0.0004218917617815462
  parcels_total_sqft: -1.0348714191610013e-06
  parcels_zones_jobs_within_30_min: 1.2688096958155485e-10
  vacant_job_spaces: -0.00046596958254290486
  year_built: 0.004599540297299267
  zones_acres: -1.3612735376036623e-05
  zones_households: 5.8760418400301296e-05
  zones_logsum_job_high_income: 5.451932354670306e-08
  zones_logsum_job_low_income: 8.57125076093791e-08
  zones_logsum_pop_high_income: -7.565144797065905e-08
  zones_logsum_pop_low_income: -7.468224134035849e-08
  zones_population: -2.989542789988434e-05
  zones_retail_jobs: 1.2435251433020599e-05
  zones_transit_jobs_30min: -1.9338692596684674e-07
  zones_transit_jobs_50min: -1.3711965072584003e-07
sample_size: 3482
score: 0.47968720107744156
