fit_filters:
- non_residential_sqft > 0
- sqft_price_nonres > 1
- sqft_price_nonres < 650
- hedonic_id == 11561
model_expression:
  left_side: np.log1p(sqft_price_nonres)
model_type: Regression
name: RegressionModel
predict_filters: hedonic_id == 11561
ytransform: np.exp
coef:
  b_total_jobs: 0.0033150841904503606
  building_age: 0.0022468765953637736
  building_sqft: -0.00011145657581040229
  crime_other_rate: 0.00011711898353138162
  jobs_non_home_based: 6.305298934578411e-19
  jobs_within_30_min: -1.764708976530986e-05
  land_area: 8.676054528188691e-05
  nodes_walk_ave_nonres_sqft_price: 0.002969175376924986
  nodes_walk_ave_unit_sqft: 0.00016144704606129486
  nodes_walk_housing_cost: -7.350206120616659e-05
  nodes_walk_jobs: 0.0013976666514284748
  nodes_walk_medical: -0.002967223396580833
  nodes_walk_node_r1500_sqft: -2.0349974283748045e-08
  nodes_walk_office: 0.011374378356101788
  nodes_walk_population: -0.004182901743711778
  nodes_walk_residential: 0.029690598037997232
  nodes_walk_retail: 0.016010172371699032
  nodes_walk_retail_jobs: -0.0025702288545027393
  parcel_sqft: 1.4706002676540818e-07
  parcels_ave_unit_size: 0.0027387020638053555
  parcels_total_sqft: -1.1515872635858622e-05
  parcels_zones_employment: -0.002000750475150264
  parcels_zones_households: 0.0039054952823977256
  parcels_zones_jobs_within_30_min: 6.632375942530188e-06
  parcels_zones_logsum_job_high_income: -3.496152216547199e-06
  parcels_zones_logsum_job_low_income: -3.582947817323265e-05
  parcels_zones_logsum_pop_high_income: 3.924778890221957e-06
  parcels_zones_logsum_pop_low_income: 9.506551438411727e-06
  parcels_zones_population: -0.0014220845232230468
  parcels_zones_retail_jobs: 0.0014223089696123853
  parcels_zones_transit_jobs_30min: -0.0010051815920450438
  parcels_zones_transit_jobs_50min: 0.00018614258087451947
  year_built: -0.003914545414445553
  zones_acres: 0.00011131804277222215
  zones_employment: -0.0007831547023885559
  zones_households: 0.0046297530760438035
  zones_logsum_job_high_income: -4.5068085909124635e-06
  zones_logsum_job_low_income: -3.3119649858799707e-05
  zones_logsum_pop_high_income: 4.894377748996699e-06
  zones_logsum_pop_low_income: 1.1900522889701362e-05
  zones_population: -0.0014951455049547853
  zones_transit_jobs_30min: -0.0006923552479806684
  zones_transit_jobs_50min: 0.00018288388261509253
  zones_z_total_jobs: -1.890719084499614e-06
sample_size: 30
score: 0.9567522584217715
