fit_filters:
- non_residential_sqft > 0
- sqft_price_nonres > 1
- sqft_price_nonres < 650
- hedonic_id == 9921
model_expression:
  left_side: np.log1p(sqft_price_nonres)
model_type: Regression
name: RegressionModel
predict_filters: hedonic_id == 9921
ytransform: np.exp
coef:
  b_total_jobs: 0.0005533340843024477
  building_age: -0.0017780380807916783
  building_sqft: 3.1574256377682625e-06
  crime_other_rate: 2.4586870899729253e-05
  crime_ucr_rate: 0.00026844443026203917
  jobs_non_home_based: 2.9445020990982896e-19
  jobs_within_30_min: 5.247416924951672e-08
  land_area: -7.710033028935532e-06
  nodes_walk_ave_nonres_sqft_price: 0.0002968629304698604
  nodes_walk_ave_unit_sqft: -6.678001051169233e-05
  nodes_walk_housing_cost: 4.691925237345123e-06
  nodes_walk_jobs: 8.507487906022799e-05
  nodes_walk_lowinc_hhs: 0.0003281530487511184
  nodes_walk_node_r1500_sqft: 7.328943722214587e-09
  nodes_walk_office: 0.0001579866873984028
  nodes_walk_population: -2.0325129356591705e-05
  nodes_walk_retail: 0.007234677145170615
  nodes_walk_retail_jobs: 0.000352139674760936
  parcel_sqft: -1.2283511132383582e-07
  parcels_ave_unit_size: -6.369044637414326e-05
  parcels_total_sqft: -3.418278081398783e-08
  parcels_zones_households: 5.6875481933046896e-05
  parcels_zones_jobs_within_30_min: -1.6537833156778826e-07
  parcels_zones_logsum_job_high_income: 2.600725747442828e-07
  parcels_zones_logsum_job_low_income: -1.0240745383492784e-07
  parcels_zones_logsum_pop_high_income: -4.98800106708916e-07
  parcels_zones_logsum_pop_low_income: 5.142810963561496e-08
  parcels_zones_population: -3.0301146659626758e-05
  parcels_zones_retail_jobs: -1.860145832927146e-05
  parcels_zones_transit_jobs_30min: -4.800241926762914e-06
  parcels_zones_transit_jobs_50min: 7.139388612943666e-07
  residential_sqft: 9.034756403507716e-05
  sqft_per_unit: 0.0002760672176260002
  year_built: 0.006209887561626151
  zones_acres: -4.346172640353231e-06
  zones_households: 6.183082757310436e-05
  zones_logsum_job_high_income: 2.2941149503377646e-07
  zones_logsum_job_low_income: -9.052268208412937e-08
  zones_logsum_pop_high_income: -1.893633814939268e-07
  zones_logsum_pop_low_income: 6.528737270672954e-08
  zones_population: -2.4771956195700304e-05
  zones_retail_jobs: -8.285647563587292e-07
  zones_transit_jobs_30min: -2.7817369129313123e-06
  zones_transit_jobs_50min: 7.003145348739483e-07
sample_size: 3355
score: 0.27821197134451114
