fit_filters:
- non_residential_sqft > 0
- sqft_price_nonres > 1
- sqft_price_nonres < 650
- hedonic_id == 12533
model_expression:
  left_side: np.log1p(sqft_price_nonres)
model_type: Regression
name: RegressionModel
predict_filters: hedonic_id == 12533
ytransform: np.exp
coef:
  Intercept: -6.54097203125794
  b_total_jobs: 0.0005832907172060651
  building_age: -0.0006452462399813135
  building_sqft: -1.54838005953031e-06
  crime_other_rate: 0.00014829391194602266
  crime_ucr_rate: -0.00045620735122640373
  job_spaces: 0.00032743667683213907
  jobs_within_30_min: 1.1067952009550678e-07
  land_area: 2.4186719587264866e-06
  nodes_walk_ave_nonres_sqft_price: 0.008374795322391168
  nodes_walk_ave_unit_sqft: 4.735170735885018e-07
  nodes_walk_households: 0.0005788858549171575
  nodes_walk_housing_cost: -9.620791455529195e-07
  nodes_walk_industrial: 0.001006788816312075
  nodes_walk_jobs: 6.198326299818117e-05
  nodes_walk_medical: -0.00043775977137644256
  nodes_walk_node_r1500_sqft: 3.4894460466766044e-09
  nodes_walk_office: -0.0006378005270397149
  nodes_walk_population: -0.00032392454326497837
  nodes_walk_race_1_hhs: 5.5659666913806207e-05
  nodes_walk_race_2_hhs: -3.555146855083177e-07
  nodes_walk_residential: 4.015826912270802e-05
  nodes_walk_retail: -0.0003232572884845262
  nodes_walk_retail_jobs: -0.00010344887448998173
  parcel_sqft: 1.0772267844976104e-07
  parcels_ave_unit_size: 5.617260677924006e-05
  parcels_total_job_spaces: 0.0001371049014009524
  parcels_total_sqft: -1.973877857213928e-06
  parcels_zones_households: -0.0002152815141462332
  parcels_zones_jobs_within_30_min: -3.257606692543359e-08
  parcels_zones_logsum_job_high_income: 1.0316140999020966e-07
  parcels_zones_logsum_job_low_income: 3.782633770937739e-07
  parcels_zones_logsum_pop_high_income: -1.4858046775665824e-07
  parcels_zones_logsum_pop_low_income: -1.9526640789618687e-07
  parcels_zones_mean_age_of_head: -0.0009418229775417593
  parcels_zones_population: 6.78156988637837e-05
  parcels_zones_retail_jobs: -0.00021133003689973164
  parcels_zones_transit_jobs_30min: 4.81401105625328e-06
  parcels_zones_transit_jobs_50min: -9.64246731538611e-07
  parcels_zones_z_total_jobs: 7.070122240202812e-07
  school_district_achievement: -0.0003096269544614516
  year_built: 0.004952445660436827
  zones_acres: -3.6534316581141164e-05
  zones_employment: 3.821902258017528e-06
  zones_households: -0.00014867805935416044
  zones_logsum_job_high_income: 1.0389361903634311e-07
  zones_logsum_job_low_income: 3.626289640371067e-07
  zones_logsum_pop_high_income: -1.443528171100552e-07
  zones_logsum_pop_low_income: -2.102535818836887e-07
  zones_mean_age_of_head: -0.0003390558213093169
  zones_population: 6.792700219438579e-05
  zones_retail_jobs: -9.842305227374484e-06
  zones_transit_jobs_30min: 3.259704638936274e-06
  zones_transit_jobs_50min: -6.474063091418821e-07
  zones_z_total_jobs: 2.1430596307891126e-06
sample_size: 1681
score: 0.3339830525565811
