fit_filters:
- non_residential_sqft > 0
- sqft_price_nonres > 1
- sqft_price_nonres < 650
- hedonic_id == 9371
model_expression:
  left_side: np.log1p(sqft_price_nonres)
model_type: Regression
name: RegressionModel
predict_filters: hedonic_id == 9371
ytransform: np.exp
coef:
  building_age: 0.0024723860746006993
  crime_other_rate: 0.0017826055917865556
  crime_ucr_rate: -0.009663971901731603
  jobs_within_30_min: 3.10126643665807e-05
  land_area: -5.815104322410184e-05
  nodes_walk_housing_cost: -2.0177037592244415e-05
  nodes_walk_jobs: -0.003113665879938676
  nodes_walk_node_r1500_sqft: -9.114865007693907e-08
  nodes_walk_office: -0.02378140880180164
  parcel_sqft: -8.107070111870707e-07
  parcels_ave_unit_size: 0.0020214842993434364
  parcels_landvalue: 6.758863864218259e-06
  parcels_total_sqft: -4.056207314607369e-07
  parcels_zones_employment: 1.5988294228848595e-05
  parcels_zones_households: -0.0010225579681799617
  parcels_zones_jobs_within_30_min: -4.507312808314644e-06
  parcels_zones_logsum_job_high_income: 1.0706881669090831e-05
  parcels_zones_logsum_job_low_income: -3.546136124340748e-06
  parcels_zones_logsum_pop_high_income: -9.266048652364019e-06
  parcels_zones_logsum_pop_low_income: -2.0539733836332583e-05
  parcels_zones_population: 0.0006279049128916089
  parcels_zones_retail_jobs: 0.0003098520742736104
  parcels_zones_z_total_jobs: 0.0003833336544235033
  zones_acres: -0.00027678220051595203
  zones_employment: 1.826612181237292e-05
  zones_households: -0.0008264856926985489
  zones_logsum_job_high_income: 1.0368007610320307e-05
  zones_logsum_job_low_income: -3.074742343087183e-06
  zones_logsum_pop_high_income: -6.038254203198418e-06
  zones_logsum_pop_low_income: -1.9931256568966118e-05
  zones_population: 0.0006922175993291984
  zones_retail_jobs: 0.001398924646928102
sample_size: 33
score: 0.9373537600407049
