fit_filters:
- non_residential_sqft > 0
- sqft_price_nonres > 1
- sqft_price_nonres < 650
- hedonic_id == 551
model_type: regression
name: RegressionModel
predict_filters: hedonic_id == 551
target_variable: np.log1p(sqft_price_nonres)
ytransform: np.exp
fit_parameters:
  Coefficient:
    Intercept: -11.225568362893057
    b_total_jobs: -0.0008956729690040787
    building_sqft: 8.77820522256849e-06
    crime_other_rate: 5.703674747120267e-05
    crime_ucr_rate: -5.694714796385597e-05
    jobs_non_home_based: -1.4112086804063922e-19
    jobs_within_30_min: -1.1297265529344397e-07
    land_area: -5.0365689510346995e-05
    nodes_walk_ave_unit_sqft: -5.274437810137465e-09
    nodes_walk_households: 0.0003437171378826277
    nodes_walk_housing_cost: -4.2658284865117765e-06
    nodes_walk_jobs: -1.7021688048836397e-05
    nodes_walk_medical: 0.011994844256006217
    nodes_walk_midinc_hhs: 5.112043867707465e-07
    nodes_walk_node_r1500_sqft: -7.99841607501599e-08
    nodes_walk_office: 0.002086648507385506
    nodes_walk_population: -6.0351404559354955e-05
    nodes_walk_race_1_hhs: 0.00018452974104810228
    nodes_walk_race_2_hhs: 3.0069521599061306e-05
    nodes_walk_race_3_hhs: -0.0021202730476157787
    nodes_walk_retail: 0.0008839301773863395
    parcel_sqft: 1.0877972365145043e-05
    parcels_ave_unit_size: -4.932694721578326e-06
    parcels_parcel_size: -1.95585702173367e-05
    parcels_total_job_spaces: 0.0005227804133049493
    parcels_total_sqft: -6.5427511737269864e-06
    parcels_zones_jobs_within_30_min: 1.2357803029683326e-08
    residential_sqft: 2.3561927698592025e-05
    sqft_per_unit: 0.00013404326834222006
    year_built: 0.007407120919293523
    zones_acres: 0.0004253186770410297
    zones_households: 1.4461568743482307e-05
    zones_logsum_job_high_income: 1.5273683775954243e-07
    zones_logsum_job_low_income: -2.54918115047357e-08
    zones_logsum_job_mid_income: -6.89263185703463e-09
    zones_logsum_pop_high_income: -4.5517411382938154e-08
    zones_logsum_pop_low_income: -1.520048691531667e-08
    zones_logsum_pop_mid_income: -6.982362845471798e-09
    zones_population: -2.629355939870095e-06
    zones_retail_jobs: -0.0006559340229951299
    zones_transit_jobs_30min: 2.7074908455590647e-06
    zones_transit_jobs_50min: 1.640951463793761e-08
    zones_z_total_jobs: -7.376516019387401e-06
fit_rsquared: 0.45944364113333636
fitted: true
sample_size: 454
