fit_filters:
- non_residential_sqft > 0
- sqft_price_nonres > 1
- sqft_price_nonres < 650
- hedonic_id == 12521
model_expression:
  left_side: np.log1p(sqft_price_nonres)
model_type: Regression
name: RegressionModel
predict_filters: hedonic_id == 12521
ytransform: np.exp
coef:
  building_age: -0.00033552855056923346
  building_sqft: 1.488958570024505e-06
  crime_other_rate: 4.63776783867861e-05
  crime_ucr_rate: -0.0002590493453802468
  jobs_within_30_min: -7.478116451585173e-08
  land_area: -5.1496190520989215e-06
  nodes_walk_ave_nonres_sqft_price: 0.001332741471513543
  nodes_walk_ave_unit_sqft: -4.023507293149228e-05
  nodes_walk_housing_cost: 9.314916711965865e-07
  nodes_walk_jobs: 4.0662880258356594e-05
  nodes_walk_medical: 0.00027711212410317683
  nodes_walk_node_r1500_sqft: 1.3997089679606314e-08
  nodes_walk_race_1_hhs: -8.958184475647503e-05
  nodes_walk_race_2_hhs: 3.241610722964031e-05
  nodes_walk_residential: 5.689356472949987e-05
  nodes_walk_retail: 0.0051973748497695016
  nodes_walk_retail_jobs: 0.0002842495498392058
  parcel_sqft: 5.119304111423326e-07
  parcels_ave_unit_size: -1.7808520014913572e-05
  parcels_total_sqft: 5.937064204850991e-07
  parcels_zones_employment: -1.2942048663493505e-05
  parcels_zones_jobs_within_30_min: -1.5514283913403898e-08
  parcels_zones_logsum_job_high_income: -4.142976764117817e-08
  parcels_zones_logsum_job_low_income: 2.3939890058352557e-07
  parcels_zones_logsum_pop_high_income: 5.292871098636342e-08
  parcels_zones_logsum_pop_low_income: -1.2015868484485743e-07
  parcels_zones_population: -5.794931620843273e-07
  parcels_zones_retail_jobs: -6.98153264046361e-05
  parcels_zones_transit_jobs_30min: 1.9640658383820956e-06
  parcels_zones_transit_jobs_50min: -1.8432416508358454e-07
  parcels_zones_z_total_jobs: -7.681992006497214e-06
  residential_sqft: 2.187452797913617e-05
  sqft_per_unit: 0.0002364190014396537
  vacant_job_spaces: -0.003564863593778207
  year_built: 0.00434026354447119
  zones_acres: -3.356203455303137e-05
  zones_employment: -1.1063062513607899e-06
  zones_logsum_job_high_income: -2.2521643417097724e-08
  zones_logsum_job_low_income: 2.137125118932163e-07
  zones_logsum_pop_high_income: 2.3211203117349295e-08
  zones_logsum_pop_low_income: -2.1732848798079111e-07
  zones_population: -1.8386598262974057e-07
  zones_retail_jobs: -2.183411059692224e-05
  zones_transit_jobs_30min: 3.608884197283453e-08
  zones_transit_jobs_50min: -2.2694847656218348e-07
  zones_z_total_jobs: -1.456921919699964e-06
sample_size: 5012
score: 0.32302530532818674
