fit_filters:
- non_residential_sqft > 0
- sqft_price_nonres > 1
- sqft_price_nonres < 650
- hedonic_id == 9921
model_type: regression
name: RegressionModel
predict_filters: hedonic_id == 9921
target_variable: np.log1p(sqft_price_nonres)
ytransform: np.exp
fit_parameters:
  Coefficient:
    Intercept: -8.853320286362148
    b_total_jobs: 0.00010479628302784307
    building_age: -0.0006455145108013621
    building_sqft: 4.560360715165936e-06
    crime_other_rate: 3.8797147051883685e-05
    crime_ucr_rate: 0.0001809655345138079
    jobs_non_home_based: 2.8222650474938805e-20
    jobs_within_30_min: 1.1992188128601462e-07
    land_area: -6.064434481394753e-06
    nodes_walk_ave_nonres_sqft_price: 0.0008332495724596339
    nodes_walk_ave_unit_sqft: -4.705043406770712e-05
    nodes_walk_housing_cost: 3.0280390114646236e-06
    nodes_walk_industrial: -7.747697806708097e-05
    nodes_walk_jobs: 0.0001018107602389179
    nodes_walk_node_r1500_sqft: -2.9289220503579435e-09
    nodes_walk_office: -4.4780351455837775e-05
    nodes_walk_population: 4.057552085454213e-05
    nodes_walk_race_1_hhs: 0.00010519953545765175
    nodes_walk_retail: 0.008048077981092376
    nodes_walk_retail_jobs: 0.0003210103118338257
    parcel_sqft: 1.6004099460933173e-07
    parcels_ave_unit_size: -5.007470816592503e-05
    parcels_parcel_size: -2.7536354030745245e-07
    parcels_total_job_spaces: 0.00066829087982346
    parcels_total_sqft: -4.108637148557353e-06
    parcels_zones_jobs_within_30_min: -1.7449590624983243e-07
    residential_sqft: 9.691579290369821e-06
    sqft_per_unit: 0.00040882368453018926
    year_built: 0.006421363123986127
    zones_acres: -2.8133794281379587e-05
    zones_employment: -5.297756113028233e-07
    zones_households: 0.00014706619015590795
    zones_logsum_job_high_income: 4.369889327590959e-07
    zones_logsum_job_low_income: -8.619626020602515e-09
    zones_logsum_job_mid_income: -4.009489037399389e-08
    zones_logsum_pop_high_income: -5.939825815568576e-07
    zones_logsum_pop_low_income: -4.5484231615541724e-08
    zones_logsum_pop_mid_income: 4.5437091098112876e-08
    zones_population: -6.787676760625609e-05
    zones_transit_jobs_30min: -4.2243742237737e-06
    zones_transit_jobs_50min: 1.5580741375357668e-06
    zones_z_total_jobs: -7.80845609398462e-07
fit_rsquared: 0.3002671196287007
fitted: true
model_expression:
  left_side: np.log1p(sqft_price_nonres)
  right_side:
  - year_built
  - sqft_per_unit
  - land_area
  - residential_sqft
  - building_sqft
  - jobs_within_30_min
  - parcel_sqft
  - crime_ucr_rate
  - crime_other_rate
  - building_age
  - b_total_jobs
  - jobs_non_home_based
  - parcels_parcel_size
  - parcels_ave_unit_size
  - parcels_total_job_spaces
  - parcels_total_sqft
  - parcels_zones_jobs_within_30_min
  - zones_acres
  - zones_households
  - zones_population
  - zones_employment
  - zones_logsum_pop_high_income
  - zones_logsum_pop_mid_income
  - zones_logsum_pop_low_income
  - zones_logsum_job_high_income
  - zones_logsum_job_mid_income
  - zones_logsum_job_low_income
  - zones_z_total_jobs
  - zones_transit_jobs_50min
  - zones_transit_jobs_30min
  - nodes_walk_population
  - nodes_walk_race_1_hhs
  - nodes_walk_jobs
  - nodes_walk_retail_jobs
  - nodes_walk_node_r1500_sqft
  - nodes_walk_ave_nonres_sqft_price
  - nodes_walk_retail
  - nodes_walk_office
  - nodes_walk_industrial
  - nodes_walk_ave_unit_sqft
  - nodes_walk_housing_cost
sample_size: 4192
