fit_filters:
- non_residential_sqft > 0
- sqft_price_nonres > 1
- sqft_price_nonres < 650
- hedonic_id == 92
model_expression:
  left_side: np.log1p(sqft_price_nonres)
model_type: Regression
name: RegressionModel
predict_filters: hedonic_id == 92
ytransform: np.exp
coef:
  Intercept: 9.520679472466933
  building_sqft: -6.530550130429549e-05
  jobs_within_30_min: 3.751862899619436e-06
  land_area: 8.027187498137246e-07
  nodes_walk_housing_cost: 1.3939992087574696e-05
  nodes_walk_node_r1500_sqft: -1.5703771519521143e-07
  parcel_sqft: -7.066394572394996e-07
  parcels_ave_unit_size: -7.386294946727159e-05
  parcels_total_sqft: -4.4644094283648944e-05
  parcels_zones_jobs_within_30_min: 2.2024258440064116e-06
  zones_logsum_job_high_income: -6.782209790745307e-06
  zones_logsum_job_low_income: -8.612773224488841e-07
  zones_logsum_pop_high_income: -1.7208211555839431e-06
  zones_logsum_pop_low_income: 8.636323297832378e-07
  zones_transit_jobs_30min: -3.574729669550962e-05
  zones_transit_jobs_50min: 2.4536228995094974e-05
sample_size: 8
score: 0.9999645575403996
