fit_filters:
- non_residential_sqft > 0
- sqft_price_nonres > 1
- sqft_price_nonres < 650
- hedonic_id == 14751
model_expression:
  left_side: np.log1p(sqft_price_nonres)
model_type: Regression
name: RegressionModel
predict_filters: hedonic_id == 14751
ytransform: np.exp
coef:
  building_sqft: 4.760103670359134e-05
  crime_other_rate: 0.00016018582782884397
  crime_ucr_rate: 0.00010215630804912591
  jobs_within_30_min: -7.660163723530469e-06
  land_area: 2.6167097806047395e-05
  nodes_walk_ave_unit_sqft: 2.9195155480025624e-05
  nodes_walk_households: -6.783883136670728e-05
  nodes_walk_housing_cost: -1.087724127078692e-05
  nodes_walk_jobs: 8.82799749812632e-05
  nodes_walk_medical: 0.00694065327066837
  nodes_walk_node_r1500_sqft: 6.349371950707546e-09
  nodes_walk_population: 0.0014812002500661353
  nodes_walk_race_1_hhs: -0.004641265125113653
  nodes_walk_residential: 0.004211607420796181
  nodes_walk_retail: -0.00020260916034862711
  nodes_walk_retail_jobs: 0.0014902568049417933
  parcel_sqft: 1.2031476741892593e-05
  parcels_ave_unit_size: 0.000288115699204574
  parcels_parcel_size: -1.565701664406655e-05
  parcels_pct_undev: 0.0005581991352568697
  parcels_total_job_spaces: -0.004945725565204653
  parcels_total_sqft: -0.0001129687159421135
  parcels_zones_employment: -9.334247594966362e-07
  parcels_zones_jobs_within_30_min: -9.618929533242295e-08
  parcels_zones_logsum_job_high_income: -4.7672948871005266e-06
  parcels_zones_logsum_job_low_income: -5.2734348722856285e-06
  parcels_zones_logsum_pop_high_income: 3.6743566960702342e-06
  parcels_zones_logsum_pop_low_income: 2.888087138906446e-06
  parcels_zones_population: -4.405514877908753e-05
  parcels_zones_retail_jobs: -0.00029271930902200226
  parcels_zones_transit_jobs_30min: 3.263746159185944e-05
  parcels_zones_transit_jobs_50min: -6.787345988112213e-06
  parcels_zones_z_total_jobs: -1.0400529135634584e-05
  vacant_job_spaces: -0.004795859936749583
  year_built: 0.0014569610475164696
  zones_acres: -9.139381921488824e-06
  zones_employment: -1.0229521845200818e-05
  zones_logsum_job_high_income: -4.691812853853345e-06
  zones_logsum_job_low_income: -5.2059259323846e-06
  zones_logsum_pop_high_income: 2.7133263153517764e-06
  zones_logsum_pop_low_income: 2.7348305692643762e-06
  zones_population: -1.677240137127426e-08
  zones_transit_jobs_30min: 2.094765599468615e-05
  zones_transit_jobs_50min: -6.835293112935867e-06
  zones_z_total_jobs: -4.0450330476697624e-05
sample_size: 154
score: 0.6676010900765225
