fit_filters:
- non_residential_sqft > 0
- sqft_price_nonres > 1
- sqft_price_nonres < 650
- hedonic_id == 9941
model_expression:
  left_side: np.log1p(sqft_price_nonres)
model_type: Regression
name: RegressionModel
predict_filters: hedonic_id == 9941
ytransform: np.exp
coef:
  building_age: 0.000314443553394609
  building_sqft: 1.3203155882944886e-18
  crime_other_rate: -0.0008822153568659594
  crime_ucr_rate: 0.006343411754697974
  job_spaces: -0.0003542725392418968
  jobs_within_30_min: 7.965370647820699e-07
  land_area: 1.4972996686622564e-05
  nodes_walk_ave_nonres_sqft_price: -0.02092793577126694
  nodes_walk_hhs_with_children: -0.0076476372918895235
  nodes_walk_housing_cost: 3.0906236537264736e-05
  nodes_walk_industrial: -0.003821766422167943
  nodes_walk_jobs: -0.0004979345885228997
  nodes_walk_lowinc_hhs: -0.003457353952962417
  nodes_walk_medical: -0.003194954592685513
  nodes_walk_midinc_hhs: 0.005495283202515394
  nodes_walk_node_r1500_sqft: 1.1331514359140905e-07
  nodes_walk_office: 0.013295238392895002
  nodes_walk_population: -0.00413947016191521
  nodes_walk_race_1_hhs: 0.011274399164503682
  nodes_walk_residential: -0.006900774124340769
  nodes_walk_retail: 0.018431476084303927
  nodes_walk_retail_jobs: 0.0024369174158854192
  non_residential_units: -5.21001706819596e-17
  parcel_sqft: -1.9317441246350973e-06
  parcels_landvalue: -7.297600435319006e-08
  parcels_total_job_spaces: -0.000166548535456148
  parcels_total_sqft: -2.0808901849451298e-06
  parcels_zones_households: 0.0007840616263857579
  parcels_zones_jobs_within_30_min: -2.0472228846707604e-06
  parcels_zones_logsum_job_high_income: -1.9817614982307086e-06
  parcels_zones_logsum_job_low_income: 1.1984311280108127e-06
  parcels_zones_logsum_pop_high_income: 2.835119562965951e-06
  parcels_zones_logsum_pop_low_income: -3.363682393305217e-07
  parcels_zones_population: -0.0006247102878997944
  parcels_zones_retail_jobs: 0.0023563161362496966
  parcels_zones_transit_jobs_30min: -0.00011261848865514463
  parcels_zones_transit_jobs_50min: 6.343152523121744e-06
  parcels_zones_z_total_jobs: -0.00026370969013313585
  year_built: -0.003670210843233653
  zones_acres: 7.6154120732446e-05
  zones_employment: -1.3566085940648473e-05
  zones_households: 0.0014188360074734675
  zones_logsum_job_high_income: -1.4591039639121679e-06
  zones_logsum_job_low_income: 9.657892017918642e-07
  zones_logsum_pop_high_income: 2.0417315794733976e-06
  zones_logsum_pop_low_income: -7.980339470396811e-07
  zones_population: -0.0006098765095556471
  zones_retail_jobs: 0.00021611645077228877
  zones_transit_jobs_30min: -7.574560324573792e-05
  zones_transit_jobs_50min: 8.086920597213832e-06
  zones_z_total_jobs: -8.977104237045078e-05
sample_size: 41
score: 0.8330920823453436
