fit_filters:
- non_residential_sqft > 0
- sqft_price_nonres > 1
- sqft_price_nonres < 650
- hedonic_id == 521
model_expression:
  left_side: np.log1p(sqft_price_nonres)
model_type: Regression
name: RegressionModel
predict_filters: hedonic_id == 521
ytransform: np.exp
coef:
  Intercept: -33.79181159348963
  b_total_jobs: 0.00257341176619109
  building_age: -0.0009742993203741169
  building_sqft: -2.2693569640237843e-05
  crime_other_rate: 1.970445361121306e-05
  crime_ucr_rate: -2.9242404210678264e-05
  jobs_within_30_min: -6.801791903340688e-08
  land_area: 9.394334985528395e-06
  nodes_walk_ave_nonres_sqft_price: 0.0038677254062429206
  nodes_walk_ave_unit_sqft: -2.492124465648513e-05
  nodes_walk_households: -0.00010888651320391346
  nodes_walk_housing_cost: 1.6433329300649624e-06
  nodes_walk_jobs: 4.5466321318785904e-05
  nodes_walk_lowinc_hhs: -0.0005297694037836479
  nodes_walk_medical: 0.0011824929971499221
  nodes_walk_node_r1500_sqft: -2.156479177723015e-08
  nodes_walk_population: 0.00020928562328148152
  nodes_walk_race_2_hhs: -5.1443331461756244e-06
  nodes_walk_race_3_hhs: -0.00016783243711961777
  nodes_walk_race_4_hhs: 0.0001973085286744798
  nodes_walk_retail: 0.007700270233151199
  nodes_walk_retail_jobs: 0.0011257646462130714
  parcel_sqft: 1.7384657838815273e-06
  parcels_ave_unit_size: -5.622758595442888e-06
  parcels_total_sqft: -3.922562577556167e-06
  parcels_zones_employment: -2.0164744659359988e-05
  parcels_zones_households: 8.283882813758776e-05
  parcels_zones_jobs_within_30_min: -1.245168020728687e-08
  parcels_zones_logsum_job_high_income: -4.5659470264175226e-08
  parcels_zones_logsum_job_low_income: 2.2415528188985222e-08
  parcels_zones_logsum_pop_high_income: 3.256780802318526e-08
  parcels_zones_logsum_pop_low_income: 6.856797677572093e-09
  parcels_zones_population: -2.743273365343144e-05
  parcels_zones_transit_jobs_30min: 1.5564763161746855e-07
  parcels_zones_transit_jobs_50min: 2.2315967357259853e-07
  parcels_zones_z_total_jobs: -8.04860441865277e-07
  residential_sqft: 6.300608847738193e-05
  sqft_per_unit: 0.00011087130903427797
  year_built: 0.018721712947339934
  zones_acres: -5.262492437748604e-05
  zones_employment: -1.6280877213381405e-05
  zones_households: 0.00012693711324829484
  zones_logsum_job_high_income: -4.4595201690738896e-08
  zones_logsum_job_low_income: 1.4940511939657665e-08
  zones_logsum_pop_high_income: 5.0567069862251176e-08
  zones_logsum_pop_low_income: -2.610617965147401e-08
  zones_population: -2.0875389164626667e-05
  zones_transit_jobs_30min: 7.105732036076751e-11
  zones_transit_jobs_50min: 1.0567749559579267e-07
  zones_z_total_jobs: -5.478626204633079e-06
sample_size: 6730
score: 0.3682549154018666
