fit_filters:
- non_residential_sqft > 0
- sqft_price_nonres > 1
- sqft_price_nonres < 650
- hedonic_id == 14
model_expression:
  left_side: np.log1p(sqft_price_nonres)
model_type: Regression
name: RegressionModel
predict_filters: hedonic_id == 14
ytransform: np.exp
coef:
  b_total_jobs: 0.0006940066591268021
  building_age: -0.0005027147477583591
  building_sqft: -6.824932316168661e-05
  crime_other_rate: 0.000285448095695059
  crime_ucr_rate: -8.853976556869057e-05
  jobs_non_home_based: 1.363337960244408e-16
  jobs_within_30_min: -1.0656098892981763e-06
  land_area: 7.278777479900853e-05
  large_area_id: -0.00015014081687348045
  nodes_walk_ave_unit_sqft: 0.00015045482038527453
  nodes_walk_housing_cost: 7.004134425961037e-06
  nodes_walk_jobs: 0.0003682159420378158
  nodes_walk_lowinc_hhs: -0.00536782078210578
  nodes_walk_medical: 0.0019756671294658135
  nodes_walk_midinc_hhs: 0.0019220442658232134
  nodes_walk_node_r1500_sqft: -6.225286013283133e-08
  nodes_walk_office: -0.0013538648693103672
  nodes_walk_population: 0.0013326381582677554
  nodes_walk_race_1_hhs: -0.001962813506655617
  nodes_walk_race_2_hhs: 0.0003993788834174135
  nodes_walk_race_3_hhs: 0.009343758870065616
  nodes_walk_race_4_hhs: -0.011525393810505664
  nodes_walk_retail: 0.001979040741139053
  nodes_walk_retail_jobs: -0.0014112433261380597
  parcel_sqft: 1.0903670660548245e-07
  parcels_ave_unit_size: 0.00023295587451696456
  parcels_pptytax: -0.008343636744862097
  parcels_total_sqft: -5.254976360704357e-06
  parcels_zones_empden: -0.007174149374546488
  parcels_zones_employment: 5.976966005366372e-05
  parcels_zones_households: 0.0002627058748748201
  parcels_zones_jobs_within_30_min: -2.85515252624015e-07
  parcels_zones_logsum_job_high_income: -2.2076072484635064e-07
  parcels_zones_logsum_job_low_income: -1.501342065912354e-07
  parcels_zones_logsum_pop_high_income: 9.20386218905096e-07
  parcels_zones_logsum_pop_low_income: 1.88703262166926e-08
  parcels_zones_mean_age_of_head: 0.0038110848072935564
  parcels_zones_population: -0.00018441502879212342
  parcels_zones_retail_jobs: 9.10485016381387e-05
  parcels_zones_transit_jobs_30min: -1.4489078414191508e-05
  parcels_zones_transit_jobs_50min: 2.6724138902132077e-06
  vacant_job_spaces: -0.005843370443896774
  year_built: 0.00035741294412382934
  zone_mean_age_of_head: 2.039873476961985e-19
  zones_acres: 0.0003122486015723973
  zones_empden: -0.002324040834145537
  zones_households: 0.0003065009674337495
  zones_logsum_job_high_income: -2.462299748399958e-07
  zones_logsum_job_low_income: -1.2333100825215412e-07
  zones_logsum_pop_high_income: 4.964520566826441e-07
  zones_logsum_pop_low_income: 9.957405084525616e-08
  zones_mean_age_of_head: 0.005926437996953178
  zones_population: -0.00017689683829408628
  zones_retail_jobs: 9.423513303070714e-06
  zones_transit_jobs_30min: -4.060884861110641e-06
  zones_transit_jobs_50min: 3.7946653267288135e-06
  zones_z_total_jobs: 1.0531675906999507e-08
sample_size: 92
score: 0.7292691038682644
