fit_filters:
- non_residential_sqft > 0
- sqft_price_nonres > 1
- sqft_price_nonres < 650
- hedonic_id == 42
model_expression:
  left_side: np.log1p(sqft_price_nonres)
model_type: Regression
name: RegressionModel
predict_filters: hedonic_id == 42
ytransform: np.exp
coef:
  Intercept: 3.4796087317216076
  b_total_jobs: 0.0020033891893774065
  building_age: -0.00221445944258921
  building_sqft: -3.875577831063239e-06
  crime_other_rate: 1.9579043890720658e-05
  crime_ucr_rate: -0.00036804072678664853
  job_spaces: 0.0024641165440873946
  jobs_non_home_based: 4.370982698093401e-16
  jobs_within_30_min: -4.563023527045067e-07
  land_area: -1.903454953978336e-06
  nodes_walk_ave_nonres_sqft_price: 0.012499186449730961
  nodes_walk_ave_unit_sqft: 3.687579334057292e-05
  nodes_walk_hhs_with_children: -0.004469232887156074
  nodes_walk_highinc_hhs: 0.0028182201980185367
  nodes_walk_housing_cost: -2.7520000165122086e-06
  nodes_walk_industrial: -0.004750154364076083
  nodes_walk_jobs: -0.0001200689366573998
  nodes_walk_medical: 0.00032330228424962
  nodes_walk_midinc_hhs: -0.002353580694435199
  nodes_walk_node_r1500_sqft: 2.221071634041863e-08
  nodes_walk_office: -0.0006411593304715841
  nodes_walk_population: 0.001588014538409808
  nodes_walk_race_1_hhs: -0.001432011765397174
  nodes_walk_race_2_hhs: 0.0015804071167999085
  nodes_walk_residential: -0.00015928890970730587
  nodes_walk_retail: -0.0028243130265177834
  parcel_sqft: -7.011820941731766e-07
  parcels_ave_unit_size: 3.606690865592095e-05
  parcels_total_job_spaces: -0.003654618040096611
  parcels_total_sqft: 7.462438497218114e-06
  parcels_zones_jobs_within_30_min: 3.81524279579961e-07
  parcels_zones_popden: -0.00949013920943475
  residential_sqft: 2.5837266235845758e-05
  school_district_achievement: -0.00010550904711674835
  zone_mean_age_of_head: 1.0801202589396402e-15
  zones_acres: 1.2163424772156485e-05
  zones_households: 0.00044633575359682656
  zones_logsum_job_high_income: 1.4038769811216293e-06
  zones_logsum_job_low_income: -1.6679823845438828e-07
  zones_logsum_pop_high_income: -1.0346240320762704e-06
  zones_logsum_pop_low_income: 5.1182657379344356e-08
  zones_mean_age_of_head: 0.012006544567281355
  zones_population: -0.0002593906705030224
  zones_retail_jobs: 0.0011260797735439469
  zones_transit_jobs_30min: 4.8638605019102215e-06
  zones_transit_jobs_50min: 5.462111103949271e-07
  zones_z_total_jobs: 3.717008340316558e-05
sample_size: 106
score: 0.8061294873842901
