fit_filters:
- non_residential_sqft > 0
- sqft_price_nonres > 1
- sqft_price_nonres < 650
- hedonic_id == 9321
model_type: regression
name: RegressionModel
predict_filters: hedonic_id == 9321
target_variable: np.log1p(sqft_price_nonres)
ytransform: np.exp
fit_parameters:
  Coefficient:
    Intercept: 1.5620069121610958
    b_total_jobs: 0.0008859669195127136
    building_age: -0.0007018309041148851
    building_sqft: -4.271689507622138e-06
    crime_other_rate: 2.6269289227571342e-05
    crime_ucr_rate: 0.000465259172336795
    jobs_non_home_based: 1.1763758516251542e-16
    jobs_within_30_min: -1.7936124296316265e-06
    land_area: 4.097065914100432e-07
    nodes_walk_ave_nonres_sqft_price: 0.0003241643962479817
    nodes_walk_ave_unit_sqft: -5.681341425968623e-06
    nodes_walk_housing_cost: 3.62339901577131e-06
    nodes_walk_jobs: 0.00013212099949587824
    nodes_walk_medical: -0.0002640991300923242
    nodes_walk_node_r1500_sqft: -8.735896526279465e-09
    nodes_walk_population: -0.00010321982542290842
    nodes_walk_residential: -0.0007414982551467681
    nodes_walk_retail: 0.00905854837816892
    nodes_walk_retail_jobs: 0.00017932475857374922
    parcel_sqft: 2.2450731477008574e-07
    parcels_ave_unit_size: -7.662837991528944e-05
    parcels_parcel_size: -5.210195099384835e-07
    parcels_pct_undev: 0.0017757129310897336
    parcels_total_job_spaces: 0.0017648144840157213
    parcels_total_sqft: -5.887671968244546e-06
    parcels_zones_jobs_within_30_min: -8.908391864737427e-10
    residential_sqft: 0.0004965664315666325
    vacant_job_spaces: -0.0001916713396832825
    year_built: 0.0005768376782911915
    zones_acres: 1.8516587197375576e-05
    zones_households: 0.00011140314805346039
    zones_logsum_job_high_income: -1.2125890705257798e-06
    zones_logsum_job_low_income: 4.508524360542353e-06
    zones_logsum_job_mid_income: -5.497224997089585e-06
    zones_logsum_pop_high_income: 4.272307546332084e-06
    zones_logsum_pop_low_income: 6.086027090385745e-06
    zones_logsum_pop_mid_income: -3.266367073446199e-06
    zones_population: -5.0346782492613614e-05
    zones_retail_jobs: 0.00019965545520234053
    zones_z_total_jobs: -1.9317628230953392e-05
  Std. Error: {}
  T-Score: {}
fit_rsquared: 0.41564329166904257
fit_rsquared_adj: 0.41564329166904257
fitted: true
model_expression:
  left_side: np.log1p(sqft_price_nonres)
  right_side:
  - year_built
  - land_area
  - residential_sqft
  - building_sqft
  - jobs_within_30_min
  - vacant_job_spaces
  - parcel_sqft
  - crime_ucr_rate
  - crime_other_rate
  - building_age
  - b_total_jobs
  - jobs_non_home_based
  - parcels_pct_undev
  - parcels_parcel_size
  - parcels_ave_unit_size
  - parcels_total_job_spaces
  - parcels_total_sqft
  - parcels_zones_jobs_within_30_min
  - zones_acres
  - zones_households
  - zones_population
  - zones_retail_jobs
  - zones_logsum_pop_high_income
  - zones_logsum_pop_mid_income
  - zones_logsum_pop_low_income
  - zones_logsum_job_high_income
  - zones_logsum_job_mid_income
  - zones_logsum_job_low_income
  - zones_z_total_jobs
  - nodes_walk_population
  - nodes_walk_jobs
  - nodes_walk_retail_jobs
  - nodes_walk_node_r1500_sqft
  - nodes_walk_residential
  - nodes_walk_ave_nonres_sqft_price
  - nodes_walk_retail
  - nodes_walk_medical
  - nodes_walk_ave_unit_sqft
  - nodes_walk_housing_cost
sample_size: 893
