fit_filters:
- non_residential_sqft > 0
- sqft_price_nonres > 1
- sqft_price_nonres < 650
- hedonic_id == 12533
model_expression:
  left_side: np.log1p(sqft_price_nonres)
model_type: Regression
name: RegressionModel
predict_filters: hedonic_id == 12533
ytransform: np.exp
coef:
  Intercept: -6.5356205375057925
  b_total_jobs: 0.0006063130919329224
  building_age: -0.0006876359127236816
  building_sqft: -1.5345498845769497e-06
  crime_other_rate: 0.0001537437977588738
  crime_ucr_rate: -0.00046632612261114696
  job_spaces: 0.000292037451728795
  jobs_non_home_based: 2.4206175560079464e-19
  jobs_within_30_min: 9.187159194716401e-08
  land_area: 2.4245591384517835e-06
  nodes_walk_ave_nonres_sqft_price: 0.008433632727884704
  nodes_walk_ave_unit_sqft: 2.9457310809902056e-07
  nodes_walk_households: 0.000592031699525036
  nodes_walk_housing_cost: -9.539877696343733e-07
  nodes_walk_industrial: 0.0010620547839021491
  nodes_walk_jobs: 6.656952496604072e-05
  nodes_walk_medical: -0.000465015491610208
  nodes_walk_node_r1500_sqft: 3.2794032887317535e-09
  nodes_walk_office: -0.0006363741464123307
  nodes_walk_population: -0.0003314665082075698
  nodes_walk_race_1_hhs: 6.905962778436006e-05
  nodes_walk_retail: -0.00033261117869814105
  nodes_walk_retail_jobs: -9.775556551507761e-05
  non_residential_units: 1.5403138201272903e-19
  parcel_sqft: 1.0744967537202379e-07
  parcels_ave_unit_size: 5.653467261425859e-05
  parcels_total_job_spaces: 0.0001345689995237695
  parcels_total_sqft: -1.949446101811845e-06
  parcels_zones_jobs_within_30_min: -3.646877169175813e-08
  school_district_achievement: -0.00032059422216707093
  year_built: 0.004922366013802674
  zones_acres: -3.646164058133412e-05
  zones_households: -0.0003739324528420007
  zones_logsum_job_high_income: 1.7623181450687704e-07
  zones_logsum_job_low_income: 7.805257551264278e-07
  zones_logsum_pop_high_income: -2.524165905867173e-07
  zones_logsum_pop_low_income: -4.332315437483221e-07
  zones_mean_age_of_head: -0.0005101639588769243
  zones_population: 0.00013944990833275448
  zones_retail_jobs: -0.0002186465423869751
  zones_transit_jobs_30min: 7.667984947559402e-06
  zones_transit_jobs_50min: -1.5804370428692788e-06
  zones_z_total_jobs: 4.564429299097731e-06
sample_size: 1681
score: 0.3321660542043914
