fit_filters:
- non_residential_sqft > 0
- sqft_price_nonres > 1
- sqft_price_nonres < 650
- hedonic_id == 16121
model_expression:
  left_side: np.log1p(sqft_price_nonres)
model_type: Regression
name: RegressionModel
predict_filters: hedonic_id == 16121
ytransform: np.exp
coef:
  Intercept: 2.95240001552318
  b_total_jobs: 0.00017678640123473997
  building_age: -0.0012314568434768824
  building_sqft: 1.8162852385466127e-06
  crime_other_rate: 0.0001475704153825412
  crime_ucr_rate: -6.25737179595691e-05
  jobs_within_30_min: 1.1784932097944281e-07
  land_area: -4.206797780530511e-06
  nodes_walk_ave_nonres_sqft_price: 0.0007245260194957063
  nodes_walk_ave_unit_sqft: -7.454692738146794e-06
  nodes_walk_housing_cost: -1.2327596722145351e-06
  nodes_walk_industrial: -0.00031158729991608085
  nodes_walk_jobs: 3.2286592614319928e-06
  nodes_walk_lowinc_hhs: -0.0004007408780664627
  nodes_walk_max_office_far: -0.0013853497695958034
  nodes_walk_midinc_hhs: 0.0004150241187186272
  nodes_walk_node_r1500_sqft: 9.298061962197798e-09
  nodes_walk_office: 6.264947760159915e-05
  nodes_walk_retail: 0.007947618802349695
  nodes_walk_retail_jobs: -3.6203173170044804e-05
  parcel_sqft: -3.623524491231877e-08
  parcels_ave_unit_size: -3.834606978075325e-05
  parcels_total_job_spaces: 0.0020348449763870294
  parcels_total_sqft: -5.155644401778585e-06
  parcels_zones_employment: 2.569797341316499e-06
  parcels_zones_households: -0.00020733118430104792
  parcels_zones_jobs_within_30_min: -6.271826942802466e-07
  parcels_zones_logsum_job_high_income: 1.1574027173518696e-07
  parcels_zones_logsum_job_low_income: 4.328009160970361e-08
  parcels_zones_logsum_pop_high_income: -1.4470003432173155e-07
  parcels_zones_logsum_pop_low_income: -1.775063128968879e-08
  parcels_zones_population: 4.1413629766958124e-05
  parcels_zones_retail_jobs: 0.00028201348447866943
  parcels_zones_transit_jobs_30min: 3.662676441617491e-07
  parcels_zones_transit_jobs_50min: 8.721822975567285e-07
  residential_sqft: 4.9320538263528844e-05
  sqft_per_unit: 0.00022870705454616186
  vacant_job_spaces: -0.0014176758400414923
  year_built: 0.0004402220585991212
  zones_acres: -3.807473435059647e-05
  zones_households: -6.58136333867559e-05
  zones_logsum_job_high_income: 1.440405139885485e-07
  zones_logsum_job_low_income: 3.633459861711289e-08
  zones_logsum_pop_high_income: -2.263908256785414e-07
  zones_logsum_pop_low_income: -9.656768490464396e-08
  zones_population: 6.676365974029908e-05
  zones_retail_jobs: 2.244404504647001e-07
  zones_transit_jobs_30min: 5.250693482724122e-07
  zones_transit_jobs_50min: 2.9898846094548716e-07
sample_size: 1626
score: 0.554224577012645
