fit_filters:
- non_residential_sqft > 0
- sqft_price_nonres > 1
- sqft_price_nonres < 650
- hedonic_id == 14723
model_type: regression
name: RegressionModel
predict_filters: hedonic_id == 14723
target_variable: np.log1p(sqft_price_nonres)
ytransform: np.exp
fit_parameters:
  Coefficient:
    Intercept: -1.9976563786628816
    b_total_jobs: 0.008437978897363215
    building_age: -0.0001018370036508889
    building_sqft: -2.0267744546795935e-05
    crime_other_rate: 6.0638052641407005e-05
    jobs_non_home_based: 3.4512545841364176e-18
    jobs_within_30_min: 8.442449064228701e-07
    land_area: 7.239912614233629e-06
    nodes_walk_ave_nonres_sqft_price: 0.002702820380304983
    nodes_walk_ave_unit_sqft: 2.8503710945043516e-06
    nodes_walk_housing_cost: -2.9782695484214963e-06
    nodes_walk_industrial: -0.0007953343651205372
    nodes_walk_jobs: -1.802255765807449e-05
    nodes_walk_lowinc_hhs: -0.0008001741037894511
    nodes_walk_medical: 0.00039279718021728463
    nodes_walk_node_r1500_sqft: 1.9157514492068652e-10
    nodes_walk_office: 0.008718287796855398
    nodes_walk_population: 0.00025893676094639913
    nodes_walk_residential: 0.0015499422739498404
    nodes_walk_retail_jobs: 2.405204144384517e-05
    parcel_sqft: 2.2183215890024463e-07
    parcels_ave_unit_size: 0.0001377746704931891
    parcels_parcel_size: -4.3259076288360883e-07
    parcels_total_sqft: -9.572877891265684e-06
    parcels_zones_jobs_within_30_min: 1.541292065220101e-08
    sqft_per_unit: 0.00018503559477542797
    year_built: 0.0024936060111562367
    zones_acres: 2.992387252621695e-07
    zones_employment: 5.880496166568375e-05
    zones_households: -8.074464049907688e-05
    zones_logsum_job_high_income: 1.4715291034415006e-05
    zones_logsum_job_low_income: -3.861729700862255e-06
    zones_logsum_job_mid_income: -1.1921026786917868e-06
    zones_logsum_pop_high_income: -7.78610090147093e-06
    zones_logsum_pop_low_income: 2.3733536813517686e-06
    zones_logsum_pop_mid_income: 4.560957095655938e-07
    zones_population: 7.416385975130597e-05
    zones_retail_jobs: 8.98273421960286e-05
    zones_transit_jobs_30min: 4.5995800510058586e-05
    zones_transit_jobs_50min: -2.1523905918587186e-05
    zones_z_total_jobs: 4.926324784784777e-07
fit_rsquared: 0.45236660414361285
fitted: true
sample_size: 493
