fit_filters:
- non_residential_sqft > 0
- sqft_price_nonres > 1
- sqft_price_nonres < 650
- hedonic_id == 14723
model_expression:
  left_side: np.log1p(sqft_price_nonres)
model_type: Regression
name: RegressionModel
predict_filters: hedonic_id == 14723
ytransform: np.exp
coef:
  b_total_jobs: 0.009067633214169004
  building_age: -4.5633524311186395e-05
  building_sqft: -1.9409843476807588e-05
  crime_other_rate: 0.00014494034532853435
  crime_ucr_rate: -3.1773368242414753e-05
  jobs_within_30_min: 2.555101283627627e-06
  land_area: 4.863714695115132e-06
  nodes_walk_ave_nonres_sqft_price: 0.001953850216056124
  nodes_walk_ave_unit_sqft: 1.1129460556402426e-05
  nodes_walk_housing_cost: -1.268378268265241e-06
  nodes_walk_jobs: -4.063060058977167e-05
  nodes_walk_lowinc_hhs: -0.0007315649366078184
  nodes_walk_medical: 0.0004108128005014086
  nodes_walk_node_r1500_sqft: 4.538419110469429e-09
  nodes_walk_office: 0.008053372392027058
  nodes_walk_population: 0.00019047190889130456
  nodes_walk_residential: 0.0018320298953348848
  nodes_walk_retail: 0.00015785006257699978
  nodes_walk_retail_jobs: 0.0005665673116501844
  parcel_sqft: 2.0728971471488042e-07
  parcels_ave_unit_size: 0.00012440766096684277
  parcels_total_sqft: -1.1455268944875823e-05
  parcels_zones_employment: 0.0001357240750173056
  parcels_zones_households: -4.87837901333511e-05
  parcels_zones_jobs_within_30_min: -1.5237387251737653e-06
  parcels_zones_logsum_job_high_income: 1.0139148496528861e-05
  parcels_zones_logsum_job_low_income: -2.22542321994891e-06
  parcels_zones_logsum_pop_high_income: -5.383734526145145e-06
  parcels_zones_logsum_pop_low_income: 1.1924577767088966e-06
  parcels_zones_population: 9.39824945915669e-05
  parcels_zones_transit_jobs_30min: 3.849742436690504e-05
  parcels_zones_transit_jobs_50min: -1.866916755296732e-05
  parcels_zones_z_total_jobs: 2.305457937513235e-06
  residential_sqft: -2.5242622791289754e-05
  sqft_per_unit: 0.0002847431976382471
  year_built: 0.0034468443317198856
  zones_acres: -6.469554170354511e-06
  zones_employment: 1.7919556584629082e-05
  zones_households: -0.0001892456511414164
  zones_logsum_job_high_income: 9.976747364141064e-06
  zones_logsum_job_low_income: -2.177072508680088e-06
  zones_logsum_pop_high_income: -5.699070471628273e-06
  zones_logsum_pop_low_income: 1.436261159846683e-06
  zones_population: 4.959263630042652e-05
  zones_transit_jobs_30min: 2.7486762134490565e-05
  zones_transit_jobs_50min: -1.740363237117209e-05
  zones_z_total_jobs: 1.0496112721913902e-07
sample_size: 400
score: 0.45733259690061423
