fit_filters:
- non_residential_sqft > 0
- sqft_price_nonres > 1
- sqft_price_nonres < 650
- hedonic_id == 16133
model_expression:
  left_side: np.log1p(sqft_price_nonres)
model_type: Regression
name: RegressionModel
predict_filters: hedonic_id == 16133
ytransform: np.exp
coef:
  b_total_jobs: 0.003045079913458477
  building_age: -0.00015859869322682756
  building_sqft: 2.1188837720403765e-06
  crime_other_rate: 0.00045137595219414895
  crime_ucr_rate: -0.0014190795083606064
  jobs_non_home_based: 1.878915183834525e-16
  jobs_within_30_min: -2.7969969229416886e-06
  land_area: -4.357724298543915e-06
  nodes_walk_ave_nonres_sqft_price: 0.0029031217216377485
  nodes_walk_housing_cost: 7.137902234157529e-06
  nodes_walk_industrial: 0.0027254615165522036
  nodes_walk_jobs: -0.0002890361119532177
  nodes_walk_lowinc_hhs: 0.002879864621030909
  nodes_walk_max_office_far: -0.0005096364422119687
  nodes_walk_medical: -0.0010464053398631867
  nodes_walk_node_r1500_sqft: 1.497851509050991e-08
  nodes_walk_office: -0.00018818134606988346
  nodes_walk_population: -0.0006886359143033453
  nodes_walk_race_2_hhs: -0.002168091516552359
  nodes_walk_residential: -0.002522651310319838
  nodes_walk_retail: -7.171359993938578e-05
  nodes_walk_retail_jobs: 0.0014194856002115019
  parcel_sqft: -6.747765957195458e-07
  parcels_ave_unit_size: -0.0002059040984842881
  parcels_total_sqft: 2.1400133869366638e-06
  parcels_zones_employment: 4.321689590843775e-05
  parcels_zones_jobs_within_30_min: -2.2080613162020437e-09
  parcels_zones_logsum_job_high_income: -7.20226364374777e-07
  parcels_zones_logsum_job_low_income: 4.49118820226629e-07
  parcels_zones_logsum_pop_high_income: 1.000199545213196e-06
  parcels_zones_logsum_pop_low_income: 4.342625624443356e-07
  parcels_zones_population: 2.6509073289379045e-05
  parcels_zones_retail_jobs: 0.0012292662155469912
  parcels_zones_transit_jobs_30min: 2.3049007814559196e-05
  parcels_zones_transit_jobs_50min: -6.182042398156594e-06
  parcels_zones_z_total_jobs: 1.1082470696736965e-05
  school_district_achievement: -0.00316275339396694
  year_built: 0.005715858420227584
  zones_acres: -0.00016301760851092107
  zones_employment: 5.955307332806647e-06
  zones_logsum_job_high_income: -4.1787631740620075e-07
  zones_logsum_job_low_income: 3.6035484072437935e-07
  zones_logsum_pop_high_income: 3.0494607855990233e-07
  zones_logsum_pop_low_income: -5.286724120577907e-07
  zones_population: 1.4082966194569343e-06
  zones_transit_jobs_30min: 1.762112295906757e-05
  zones_transit_jobs_50min: -5.810680195350068e-06
  zones_z_total_jobs: 4.2548293515264206e-06
sample_size: 122
score: 0.7558774676366156
