fit_filters:
- non_residential_sqft > 0
- sqft_price_nonres > 1
- sqft_price_nonres < 650
- hedonic_id == 9965
model_expression:
  left_side: np.log1p(sqft_price_nonres)
model_type: Regression
name: RegressionModel
predict_filters: hedonic_id == 9965
ytransform: np.exp
coef:
  b_total_jobs: 0.004629374089081041
  building_age: -0.0011378913031850014
  building_sqft: 4.3311271696630215e-06
  crime_other_rate: -7.70736847896874e-06
  crime_ucr_rate: -0.00022656452205684522
  job_spaces: 0.00029680360861700743
  jobs_non_home_based: 1.78211858239838e-16
  jobs_within_30_min: -5.475251701115921e-07
  land_area: -3.3543865141495e-05
  nodes_walk_ave_nonres_sqft_price: 0.004234733079552139
  nodes_walk_ave_unit_sqft: -2.4283305788702276e-05
  nodes_walk_housing_cost: 2.369886138494681e-06
  nodes_walk_industrial: 0.0005683234730513509
  nodes_walk_jobs: 1.994362892220304e-05
  nodes_walk_lowinc_hhs: 0.00016333984096478972
  nodes_walk_node_r1500_sqft: 2.695840748728445e-08
  nodes_walk_race_1_hhs: -0.0005876273216798641
  nodes_walk_race_2_hhs: 0.0003097739460475764
  nodes_walk_retail: 0.00044588383356469427
  nodes_walk_retail_jobs: -0.0004290891700008975
  parcel_sqft: -2.382247832590324e-07
  parcels_ave_unit_size: -6.033918307679005e-06
  parcels_landvalue: -2.130975405677948e-07
  parcels_total_job_spaces: 5.885481656348019e-07
  parcels_total_sqft: 5.9092489530413856e-08
  parcels_zones_employment: -5.183149203767059e-07
  parcels_zones_households: 3.019162290324636e-05
  parcels_zones_jobs_within_30_min: 5.377653091273552e-08
  parcels_zones_logsum_job_high_income: 2.0451865713712254e-09
  parcels_zones_logsum_job_low_income: -2.644500706139656e-07
  parcels_zones_logsum_pop_high_income: 1.8502097333770558e-07
  parcels_zones_logsum_pop_low_income: 4.0226887668101964e-07
  parcels_zones_mean_age_of_head: 0.0049375496805002216
  parcels_zones_population: -3.0275607564110236e-05
  parcels_zones_retail_jobs: -2.5114306027455134e-05
  parcels_zones_transit_jobs_30min: -8.818043254896406e-07
  parcels_zones_transit_jobs_50min: -1.175228717027523e-06
  parcels_zones_z_total_jobs: -1.3744444470882347e-07
  residential_sqft: 6.207723676964661e-07
  sqft_per_unit: 0.00017401094162371728
  year_built: 0.00616130475444184
  zone_mean_age_of_head: 1.0281216332885114e-18
  zones_acres: -0.00016184054448024874
  zones_employment: -6.659497589808936e-07
  zones_households: 9.004160200185875e-05
  zones_logsum_job_high_income: 1.6233122281025672e-07
  zones_logsum_job_low_income: -2.996270667546509e-07
  zones_logsum_pop_high_income: -8.998689253689342e-08
  zones_logsum_pop_low_income: 2.5598477961792643e-07
  zones_mean_age_of_head: 0.001385466543197759
  zones_population: -2.397847002206936e-05
  zones_retail_jobs: -1.2880138123577606e-06
  zones_transit_jobs_30min: -2.337745836612606e-07
  zones_transit_jobs_50min: -7.731826135238854e-07
  zones_z_total_jobs: -3.920695420808926e-08
sample_size: 805
score: 0.3128588982941599
