fit_filters:
- non_residential_sqft > 0
- sqft_price_nonres > 1
- sqft_price_nonres < 650
- hedonic_id == 52
model_expression:
  left_side: np.log1p(sqft_price_nonres)
model_type: Regression
name: RegressionModel
predict_filters: hedonic_id == 52
ytransform: np.exp
coef:
  b_total_jobs: -0.00023449605084249937
  building_sqft: -6.629377113215517e-06
  crime_other_rate: -5.180045786698994e-05
  crime_ucr_rate: 0.00017722487668385862
  jobs_non_home_based: -6.708704362826991e-18
  jobs_within_30_min: -1.1246565970000125e-06
  land_area: -2.8255253265647085e-06
  large_area_id: 0.0005452529027458459
  nodes_walk_housing_cost: 5.195283158987782e-06
  nodes_walk_jobs: 0.00026394076669780555
  nodes_walk_medical: 0.008583012426487045
  nodes_walk_midinc_hhs: 0.001112629108221176
  nodes_walk_node_r1500_sqft: 8.274478410601536e-08
  nodes_walk_population: 3.410921369182251e-05
  nodes_walk_retail: 0.005234236129174653
  parcel_sqft: 8.000946610858993e-07
  parcels_ave_unit_size: -2.693411291102064e-05
  parcels_total_sqft: 1.1857259894964728e-06
  parcels_zones_employment: 0.0002381625736277642
  parcels_zones_households: -0.00026426073812039125
  parcels_zones_jobs_within_30_min: 2.8670554800004945e-07
  parcels_zones_logsum_job_high_income: 3.4559404974751185e-07
  parcels_zones_logsum_job_low_income: 1.0790619687670661e-06
  parcels_zones_logsum_pop_high_income: -2.0974380657383844e-07
  parcels_zones_logsum_pop_low_income: -1.0800069337133746e-06
  parcels_zones_population: 5.242647963930061e-05
  parcels_zones_transit_jobs_30min: 2.1069490431016857e-05
  parcels_zones_transit_jobs_50min: 1.5089422460191853e-06
  parcels_zones_z_total_jobs: 1.3072844170635987e-05
  zones_acres: -0.0004605767344124195
  zones_employment: 1.5329918613316313e-05
  zones_logsum_job_high_income: 3.9373046092656526e-07
  zones_logsum_job_low_income: 1.0441292160814536e-06
  zones_logsum_pop_high_income: -3.3110494861150384e-07
  zones_logsum_pop_low_income: -1.1714802371679094e-06
  zones_population: 0.0002641296961533829
  zones_transit_jobs_30min: 1.1623955156923993e-05
  zones_transit_jobs_50min: 8.082707199122366e-07
  zones_z_total_jobs: 4.774651592747628e-06
sample_size: 28
score: 0.9991187331361335
