fit_filters:
- non_residential_sqft > 0
- sqft_price_nonres > 1
- sqft_price_nonres < 650
- hedonic_id == 16133
model_expression:
  left_side: np.log1p(sqft_price_nonres)
model_type: Regression
name: RegressionModel
predict_filters: hedonic_id == 16133
ytransform: np.exp
coef:
  b_total_jobs: 0.0005272523829277228
  building_age: -0.00012547440821759608
  building_sqft: -4.291803791348419e-06
  crime_other_rate: -0.00016590077092666766
  crime_ucr_rate: 0.00023184676958771201
  jobs_non_home_based: 2.62810782936418e-19
  jobs_within_30_min: 1.1938333366096275e-06
  land_area: 5.232302485292863e-06
  nodes_walk_ave_nonres_sqft_price: 0.009728536706465672
  nodes_walk_ave_unit_sqft: -7.0074157301815125e-06
  nodes_walk_housing_cost: 3.3502346141427633e-06
  nodes_walk_industrial: -0.0019140325076541758
  nodes_walk_jobs: 0.0001584497852721072
  nodes_walk_lowinc_hhs: 0.00012929499099335683
  nodes_walk_medical: -0.0010481113512350853
  nodes_walk_node_r1500_sqft: -1.7411373092414816e-09
  nodes_walk_office: 0.0006929812376616052
  nodes_walk_population: -0.0002017099014599029
  nodes_walk_race_2_hhs: 0.0017586600415269798
  nodes_walk_residential: -0.0010734114275705552
  nodes_walk_retail: -0.0028957944470102996
  parcel_sqft: -9.462238774554527e-08
  parcels_ave_unit_size: -5.556236990495353e-05
  parcels_parcel_size: -1.7983736416726401e-07
  parcels_pct_undev: 0.001040380170784696
  parcels_total_job_spaces: 0.00030984292829196983
  parcels_total_sqft: -8.287639196191016e-07
  parcels_zones_employment: 5.918819134609972e-05
  parcels_zones_jobs_within_30_min: 1.7669132998344316e-07
  parcels_zones_logsum_job_high_income: 6.207240621593447e-08
  parcels_zones_logsum_job_low_income: 4.1376104005786043e-07
  parcels_zones_logsum_pop_high_income: -1.4503987686391003e-07
  parcels_zones_logsum_pop_low_income: -4.764742036286714e-08
  parcels_zones_population: 6.03356211537737e-05
  parcels_zones_retail_jobs: -2.7643696526908017e-06
  parcels_zones_transit_jobs_30min: 9.702300135820466e-06
  parcels_zones_transit_jobs_50min: -3.4665041195039554e-06
  parcels_zones_z_total_jobs: 4.192847062675336e-08
  school_district_achievement: 0.003356724743070904
  year_built: 0.004905673753526034
  zones_acres: -4.121724408485809e-05
  zones_employment: 1.2974303102505018e-07
  zones_logsum_job_high_income: 2.024388372639162e-07
  zones_logsum_job_low_income: 3.825791508917194e-07
  zones_logsum_pop_high_income: -2.767211945469875e-07
  zones_logsum_pop_low_income: -3.1659538352354116e-07
  zones_population: 1.869567899560596e-05
  zones_retail_jobs: -9.934498333219157e-05
  zones_transit_jobs_30min: 6.731726011091313e-06
  zones_transit_jobs_50min: -2.951039812690588e-06
  zones_z_total_jobs: 1.2517053530005443e-08
sample_size: 560
score: 0.6018770757266776
