fit_filters:
- non_residential_sqft > 0
- sqft_price_nonres > 1
- sqft_price_nonres < 650
- hedonic_id == 9965
model_expression:
  left_side: np.log1p(sqft_price_nonres)
model_type: Regression
name: RegressionModel
predict_filters: hedonic_id == 9965
ytransform: np.exp
coef:
  b_total_jobs: 0.004072379543892347
  building_age: -0.0011362825023337518
  building_sqft: 1.7129052831069696e-06
  crime_other_rate: 8.478517412367975e-06
  crime_ucr_rate: -0.00020454023876310704
  job_spaces: 0.0008290115249031126
  jobs_non_home_based: 1.3983697734213313e-16
  jobs_within_30_min: -5.045829234876793e-07
  land_area: -3.69340380387352e-05
  nodes_walk_ave_nonres_sqft_price: 0.00424786238779419
  nodes_walk_ave_unit_sqft: -2.7909079164888895e-05
  nodes_walk_housing_cost: 2.7276852147287275e-06
  nodes_walk_industrial: 0.0007050384111899394
  nodes_walk_jobs: 1.9461019995399314e-05
  nodes_walk_lowinc_hhs: 0.00017133945125784588
  nodes_walk_node_r1500_sqft: 3.0063502330225506e-08
  nodes_walk_population: -4.0906202896540187e-07
  nodes_walk_race_1_hhs: -0.0005207349483331386
  nodes_walk_race_2_hhs: 0.000255466841081072
  nodes_walk_retail: 0.0006581710552600389
  nodes_walk_retail_jobs: -0.0004396337299966813
  parcel_sqft: -2.8429603322676134e-07
  parcels_ave_unit_size: -1.8995920819453646e-05
  parcels_total_sqft: -4.302444017578641e-07
  parcels_zones_employment: -7.778490856939443e-06
  parcels_zones_households: 3.518367765074941e-05
  parcels_zones_jobs_within_30_min: 2.128279958214731e-08
  parcels_zones_logsum_job_high_income: -1.1555549865134431e-07
  parcels_zones_logsum_job_low_income: -2.612589774297694e-07
  parcels_zones_logsum_pop_high_income: 2.343937579290403e-07
  parcels_zones_logsum_pop_low_income: 4.0035434449916206e-07
  parcels_zones_mean_age_of_head: 0.0028271706953883983
  parcels_zones_population: -3.300774678274256e-05
  parcels_zones_retail_jobs: -6.150227605754424e-05
  parcels_zones_transit_jobs_30min: -3.233654713667633e-07
  parcels_zones_transit_jobs_50min: -1.2856054729577704e-06
  parcels_zones_z_total_jobs: -3.117161129025795e-07
  residential_sqft: 2.2281173659570982e-07
  sqft_per_unit: 0.00017000365977621929
  year_built: 0.00604128002305186
  zones_acres: -0.00015642970969617867
  zones_employment: -1.2483500719279458e-06
  zones_households: 0.00010037624824695122
  zones_logsum_job_high_income: 2.5035524440030874e-08
  zones_logsum_job_low_income: -2.9128393710999664e-07
  zones_logsum_pop_high_income: -3.527711432164111e-08
  zones_logsum_pop_low_income: 2.610229490462364e-07
  zones_mean_age_of_head: 0.0003042179307467259
  zones_population: -2.74423724530175e-05
  zones_retail_jobs: -6.275561735730152e-06
  zones_transit_jobs_30min: -1.7050725606825507e-08
  zones_transit_jobs_50min: -9.13740616708098e-07
sample_size: 805
score: 0.30262109913262103
