fit_filters:
- non_residential_sqft > 0
- sqft_price_nonres > 1
- sqft_price_nonres < 650
- hedonic_id == 93
model_expression:
  left_side: np.log1p(sqft_price_nonres)
model_type: Regression
name: RegressionModel
predict_filters: hedonic_id == 93
ytransform: np.exp
coef:
  building_age: -0.00011735093867785454
  building_sqft: -4.428706216074449e-06
  crime_other_rate: -0.00012197229054149984
  crime_ucr_rate: 0.0003353792186196548
  jobs_within_30_min: -3.4584425845944427e-06
  land_area: -2.249217248589079e-05
  nodes_walk_ave_unit_sqft: -0.00014167945736319655
  nodes_walk_hhs_with_children: -0.0003612721813113702
  nodes_walk_households: 0.0005426991323633099
  nodes_walk_housing_cost: 2.331453002732244e-06
  nodes_walk_industrial: -0.0008794119406803461
  nodes_walk_jobs: 9.553231927347546e-06
  nodes_walk_lowinc_hhs: 0.0001279648264065251
  nodes_walk_node_r1500_sqft: -6.903972604295333e-08
  nodes_walk_office: -1.333475751748328e-06
  nodes_walk_population: -0.0002394267476429283
  nodes_walk_race_3_hhs: 0.0008208620876484032
  nodes_walk_retail: -8.760919803632537e-05
  nodes_walk_retail_jobs: -0.00042998303748821516
  parcel_sqft: 7.239752715001499e-07
  parcels_ave_unit_size: -1.1773046836551106e-05
  parcels_zones_households: -1.4871831368779575e-05
  parcels_zones_jobs_within_30_min: -4.839339494347229e-08
  parcels_zones_logsum_job_high_income: 2.9433654339488483e-06
  parcels_zones_logsum_job_low_income: 3.00489734290942e-08
  parcels_zones_logsum_pop_high_income: 2.89310896354402e-07
  parcels_zones_logsum_pop_low_income: -1.4814786213231289e-08
  parcels_zones_population: 0.00010074522874468147
  parcels_zones_transit_jobs_30min: -3.775824241447701e-07
  parcels_zones_transit_jobs_50min: 3.8861888763321056e-06
  year_built: 0.0028126136282397344
  zones_employment: -3.1522667358621084e-05
  zones_households: -0.00011654898824374862
  zones_logsum_job_high_income: 3.159096380567417e-06
  zones_logsum_job_low_income: 1.6785236907974523e-08
  zones_logsum_pop_high_income: -1.7623386211620874e-06
  zones_logsum_pop_low_income: -5.8310701383468014e-08
  zones_transit_jobs_30min: -7.130003051694579e-07
  zones_transit_jobs_50min: -1.6468640406004775e-09
  zones_z_total_jobs: -1.943182093353641e-06
sample_size: 89
score: 0.9589022160750448
