fit_filters:
- non_residential_sqft > 0
- sqft_price_nonres > 1
- sqft_price_nonres < 650
- hedonic_id == 53
model_expression:
  left_side: np.log1p(sqft_price_nonres)
model_type: Regression
name: RegressionModel
predict_filters: hedonic_id == 53
ytransform: np.exp
coef:
  b_total_jobs: 0.001251727208384949
  building_age: -0.0037590588012879006
  building_sqft: 2.117187560592452e-08
  crime_other_rate: -2.702865866516273e-05
  crime_ucr_rate: 0.00016573382573008852
  jobs_non_home_based: 9.968431065794734e-17
  jobs_within_30_min: 3.6437953014718836e-07
  land_area: 1.6476173832728932e-06
  nodes_walk_ave_nonres_sqft_price: 0.0015106751537481192
  nodes_walk_ave_unit_sqft: -3.282248932447054e-09
  nodes_walk_highinc_hhs: 0.001521146465071609
  nodes_walk_households: 0.00036787760435172493
  nodes_walk_housing_cost: 3.229139386907047e-07
  nodes_walk_industrial: 0.001166005403774205
  nodes_walk_jobs: 0.000197211021642708
  nodes_walk_lowinc_hhs: -0.0003937560233836466
  nodes_walk_max_office_far: 0.0009294172153003303
  nodes_walk_medical: 0.008076382315170383
  nodes_walk_midinc_hhs: 0.000253305743997032
  nodes_walk_node_r1500_sqft: 2.9152681302907256e-09
  nodes_walk_office: 0.00013351048864713763
  nodes_walk_population: -0.00013038783404152257
  nodes_walk_race_1_hhs: 6.109074474608185e-05
  nodes_walk_retail: -0.0010816461520605722
  nodes_walk_retail_jobs: 0.00016845160671093696
  parcel_sqft: 2.2977766277435122e-07
  parcels_ave_unit_size: -5.002315184552511e-05
  parcels_parcel_size: -3.038926741292374e-07
  parcels_pct_undev: 0.0016205471578719876
  parcels_pptytax: 0.0032763110445108955
  parcels_total_sqft: -2.2748138572438858e-06
  parcels_total_units: 0.0001853199017773496
  parcels_zones_employment: -0.00010747907686348688
  parcels_zones_households: 3.2752511419683275e-05
  parcels_zones_jobs_within_30_min: -1.1325326372678392e-07
  parcels_zones_logsum_job_high_income: -1.1528430228093895e-06
  parcels_zones_logsum_job_low_income: 8.744268944050599e-09
  parcels_zones_logsum_pop_high_income: 3.623176892935378e-07
  parcels_zones_logsum_pop_low_income: -6.065885766628067e-08
  parcels_zones_population: -5.627278934642519e-06
  parcels_zones_retail_jobs: 0.00030223009373998725
  parcels_zones_transit_jobs_30min: -5.506745368675532e-06
  parcels_zones_transit_jobs_50min: 1.4961119112088246e-07
  parcels_zones_z_total_jobs: -2.931720352942381e-05
  residential_sqft: -4.5048591351385224e-06
  sqft_per_unit: 0.0002596286779765739
  vacant_job_spaces: -0.0010152893632384339
  year_built: 0.005128479584430268
  zones_acres: 2.8111686868757867e-05
  zones_employment: -5.378951243533619e-06
  zones_households: 7.342137024533565e-06
  zones_logsum_job_high_income: -1.348501523330174e-06
  zones_logsum_job_low_income: 2.8740951962958416e-08
  zones_logsum_pop_high_income: 9.966685517221827e-07
  zones_logsum_pop_low_income: -1.5049433679408204e-08
  zones_population: -1.9911337076065444e-05
  zones_transit_jobs_30min: -2.9047048627792834e-06
  zones_transit_jobs_50min: 1.9342205702463054e-07
sample_size: 416
score: 0.6803260040191075
