fit_filters:
- non_residential_sqft > 0
- sqft_price_nonres > 1
- sqft_price_nonres < 650
- hedonic_id == 521
model_type: regression
name: RegressionModel
predict_filters: hedonic_id == 521
target_variable: np.log1p(sqft_price_nonres)
ytransform: np.exp
fit_parameters:
  Coefficient:
    Intercept: -33.70046053972811
    b_total_jobs: 0.0025739634233829085
    building_age: -0.0009063041940010185
    building_sqft: -2.3228406931988362e-05
    crime_other_rate: 1.9879571468444117e-05
    crime_ucr_rate: -2.641742399506492e-05
    jobs_within_30_min: -9.18051497479155e-08
    land_area: 9.344826010344141e-06
    nodes_walk_ave_nonres_sqft_price: 0.003496355940157221
    nodes_walk_ave_unit_sqft: -1.977316269652365e-05
    nodes_walk_households: -0.000144589381479
    nodes_walk_housing_cost: 1.963369793236152e-06
    nodes_walk_jobs: 4.4397877508035394e-05
    nodes_walk_lowinc_hhs: -0.0004097112473224637
    nodes_walk_medical: 0.0010923590743889856
    nodes_walk_midinc_hhs: 6.026806525138789e-05
    nodes_walk_node_r1500_sqft: -2.106306106166356e-08
    nodes_walk_population: 0.0001944350857332287
    nodes_walk_race_2_hhs: -3.887894824177153e-05
    nodes_walk_race_3_hhs: -0.00010181839792247525
    nodes_walk_race_4_hhs: 0.00016384175418754146
    nodes_walk_retail: 0.007646212109957133
    nodes_walk_retail_jobs: 0.000969273868834729
    parcel_sqft: 1.963356483647381e-06
    parcels_ave_unit_size: -1.4455557379819458e-05
    parcels_parcel_size: 3.208692456863951e-09
    parcels_pct_undev: 0.003964085698080262
    parcels_total_sqft: -3.960655699302052e-06
    parcels_zones_jobs_within_30_min: -4.282458383986217e-09
    residential_sqft: 6.2859505737391e-05
    sqft_per_unit: 0.0001107272167579108
    year_built: 0.018500038437315347
    zones_acres: -5.3282215594993615e-05
    zones_employment: -3.548787169527729e-05
    zones_households: 0.00020342338618598767
    zones_logsum_job_high_income: -9.488355345268769e-08
    zones_logsum_job_low_income: 5.627130582011243e-08
    zones_logsum_job_mid_income: -1.3102201603428953e-08
    zones_logsum_pop_high_income: 9.431589299634875e-08
    zones_logsum_pop_low_income: -3.9026780184613516e-08
    zones_logsum_pop_mid_income: 1.348160534110188e-08
    zones_population: -4.7568710667878586e-05
    zones_transit_jobs_30min: 2.5265322791000835e-07
    zones_transit_jobs_50min: 2.9925710798495223e-07
    zones_z_total_jobs: -8.398430604211469e-06
fit_rsquared: 0.37390791783229305
fitted: true
sample_size: 6730
