fit_filters:
- non_residential_sqft > 0
- sqft_price_nonres > 1
- sqft_price_nonres < 650
- hedonic_id == 12523
model_type: regression
name: RegressionModel
predict_filters: hedonic_id == 12523
target_variable: np.log1p(sqft_price_nonres)
ytransform: np.exp
fit_parameters:
  Coefficient:
    Intercept: -1.9348860218020851
    b_total_jobs: 0.0007223225345008399
    building_age: -0.0002842596726797658
    building_sqft: -9.455443818061575e-08
    crime_other_rate: -4.85818466517394e-05
    crime_ucr_rate: 1.983026379952714e-05
    jobs_within_30_min: -1.6805289805938168e-08
    land_area: -1.4880374188635223e-06
    nodes_walk_ave_unit_sqft: -2.8160304856154387e-08
    nodes_walk_housing_cost: -1.0739657083123824e-07
    nodes_walk_industrial: 0.0005356706859514868
    nodes_walk_jobs: 4.131298653940745e-05
    nodes_walk_medical: 0.00032171077869269107
    nodes_walk_node_r1500_sqft: -1.55439784949487e-08
    nodes_walk_office: 0.010123168418984089
    nodes_walk_population: -6.005281391573667e-05
    nodes_walk_race_1_hhs: 0.0004927736421284939
    nodes_walk_race_3_hhs: -0.00014258405192716747
    nodes_walk_retail: -0.00016543476244327825
    nodes_walk_retail_jobs: -7.388780123251291e-06
    parcel_sqft: 2.9089959676899274e-07
    parcels_ave_unit_size: -3.990164618770278e-07
    parcels_parcel_size: -4.425975574351823e-07
    parcels_total_job_spaces: -0.000944454692630539
    parcels_total_sqft: 1.027062221024735e-06
    parcels_zones_jobs_within_30_min: 5.1968810251638605e-08
    residential_sqft: -0.0001528139605000732
    school_district_achievement: -5.74682142185548e-05
    sqft_per_unit: 0.0007511578499658611
    year_built: 0.0027874190144044383
    zones_acres: -3.545842625009446e-05
    zones_households: 4.870755820438787e-06
    zones_logsum_job_high_income: 2.0604211995729986e-08
    zones_logsum_job_low_income: 7.87416829765565e-07
    zones_logsum_job_mid_income: -2.1973292601243272e-07
    zones_logsum_pop_high_income: -3.464752381277169e-08
    zones_logsum_pop_low_income: -9.328895295182516e-07
    zones_logsum_pop_mid_income: 2.6668187391280704e-07
    zones_population: 4.400919568925003e-06
    zones_retail_jobs: 1.3872825314253025e-05
    zones_transit_jobs_30min: -2.0382034081793566e-06
    zones_transit_jobs_50min: -2.7856989071469407e-07
    zones_z_total_jobs: -2.4706480200082702e-06
  Std. Error: {}
  T-Score: {}
fit_rsquared: 0.44156664701433734
fit_rsquared_adj: 0.44156664701433734
fitted: true
model_expression:
  left_side: np.log1p(sqft_price_nonres)
  right_side:
  - year_built
  - sqft_per_unit
  - land_area
  - residential_sqft
  - building_sqft
  - jobs_within_30_min
  - parcel_sqft
  - school_district_achievement
  - crime_ucr_rate
  - crime_other_rate
  - building_age
  - b_total_jobs
  - parcels_parcel_size
  - parcels_ave_unit_size
  - parcels_total_job_spaces
  - parcels_total_sqft
  - parcels_zones_jobs_within_30_min
  - zones_acres
  - zones_households
  - zones_population
  - zones_retail_jobs
  - zones_logsum_pop_high_income
  - zones_logsum_pop_mid_income
  - zones_logsum_pop_low_income
  - zones_logsum_job_high_income
  - zones_logsum_job_mid_income
  - zones_logsum_job_low_income
  - zones_z_total_jobs
  - zones_transit_jobs_50min
  - zones_transit_jobs_30min
  - nodes_walk_population
  - nodes_walk_race_1_hhs
  - nodes_walk_race_3_hhs
  - nodes_walk_jobs
  - nodes_walk_retail_jobs
  - nodes_walk_node_r1500_sqft
  - nodes_walk_retail
  - nodes_walk_office
  - nodes_walk_industrial
  - nodes_walk_medical
  - nodes_walk_ave_unit_sqft
  - nodes_walk_housing_cost
sample_size: 4448
