fit_filters:
- non_residential_sqft > 0
- sqft_price_nonres > 1
- sqft_price_nonres < 650
- hedonic_id == 14721
model_expression:
  left_side: np.log1p(sqft_price_nonres)
model_type: Regression
name: RegressionModel
predict_filters: hedonic_id == 14721
ytransform: np.exp
coef:
  Intercept: -0.9753086065731194
  b_total_jobs: 0.00261139450887161
  building_age: -7.247817228231189e-05
  building_sqft: -1.0365896405770306e-05
  crime_other_rate: 2.6516262031694155e-06
  crime_ucr_rate: -7.21207107995013e-05
  jobs_non_home_based: 4.347983318776752e-16
  jobs_within_30_min: 1.66673683131677e-06
  land_area: 1.149243941648602e-05
  nodes_walk_housing_cost: 2.966662571879358e-06
  nodes_walk_jobs: 0.0002304628789823975
  nodes_walk_medical: 0.0004992413455809995
  nodes_walk_node_r1500_sqft: 1.275857496837044e-09
  nodes_walk_population: 0.00011657742030798336
  nodes_walk_retail: 0.012339298175892095
  parcel_sqft: -7.980804106055378e-08
  parcels_total_sqft: -5.6307955900402585e-06
  parcels_zones_households: -5.279115262687532e-05
  parcels_zones_logsum_job_high_income: 8.571581104429532e-08
  parcels_zones_logsum_job_low_income: -1.209480379670303e-06
  parcels_zones_logsum_pop_high_income: 1.0697111591210164e-07
  parcels_zones_logsum_pop_low_income: 4.914820570506694e-07
  parcels_zones_population: 7.647776191641916e-05
  parcels_zones_transit_jobs_30min: -2.8374602321380546e-05
  parcels_zones_transit_jobs_50min: -1.8729703279637273e-06
  residential_sqft: -6.18452546745137e-05
  school_district_achievement: -0.001041078149450398
  sqft_per_unit: 0.0004003403683064212
  year_built: 0.0019649133406484357
  zones_acres: -9.389666201193011e-06
  zones_employment: 1.4627239313597768e-05
  zones_households: -0.00014070916299584182
  zones_logsum_job_high_income: -1.6036011774114527e-07
  zones_logsum_job_low_income: -1.1070651083284908e-06
  zones_logsum_pop_high_income: -2.9086067491822367e-08
  zones_logsum_pop_low_income: 8.465193473692395e-07
  zones_population: 6.99180035654975e-05
  zones_transit_jobs_30min: -1.2953070447988192e-05
  zones_transit_jobs_50min: -5.842368882582571e-07
  zones_z_total_jobs: 5.5433179481836345e-08
sample_size: 1185
score: 0.3784412115763842
