fit_filters:
- non_residential_sqft > 0
- sqft_price_nonres > 1
- sqft_price_nonres < 650
- hedonic_id == 32
model_type: regression
name: RegressionModel
predict_filters: hedonic_id == 32
target_variable: np.log1p(sqft_price_nonres)
ytransform: np.exp
fit_parameters:
  Coefficient:
    Intercept: -2.8941638995895596
    building_age: -0.0028873603532765667
    building_sqft: -3.589197804351373e-06
    crime_ucr_rate: -8.528662884948272e-05
    job_spaces: 0.001515483037960021
    jobs_within_30_min: -9.057603831176004e-08
    land_area: 6.816237107539225e-07
    nodes_walk_housing_cost: -1.1666579101116912e-06
    nodes_walk_industrial: 0.009647296995205171
    nodes_walk_jobs: -1.625415151417714e-05
    nodes_walk_medical: 0.0004704774219044634
    nodes_walk_node_r1500_sqft: -5.502064540377176e-09
    nodes_walk_office: -6.466757329346718e-05
    nodes_walk_population: 7.107357020959437e-05
    nodes_walk_race_1_hhs: 0.0005814972522774712
    nodes_walk_race_2_hhs: -0.0007646711424399727
    nodes_walk_residential: 0.00022896890204492085
    nodes_walk_retail: -2.1834980986047722e-05
    non_residential_units: 1.0201185674041889e-16
    parcel_sqft: -1.3478143188363324e-07
    parcels_ave_unit_size: 9.278290489955788e-05
    parcels_parcel_size: -4.180654975112056e-08
    parcels_total_job_spaces: 0.00017833307505638377
    parcels_total_sqft: -2.524543629163745e-07
    parcels_zones_jobs_within_30_min: 1.0703623611861827e-07
    school_district_achievement: 0.0007727799470077632
    vacant_job_spaces: 0.0008898772047027395
    year_built: 0.003240740117089227
    zones_acres: -1.4554159015067522e-05
    zones_employment: 3.718777926186038e-06
    zones_households: -0.0008381720158584557
    zones_logsum_job_high_income: 1.1703107827866152e-07
    zones_logsum_job_low_income: 1.8483895337788768e-07
    zones_logsum_job_mid_income: 1.3054872326770824e-07
    zones_logsum_pop_high_income: -9.983587758323893e-08
    zones_logsum_pop_low_income: -3.267413518048605e-07
    zones_logsum_pop_mid_income: -5.406458138494848e-08
    zones_population: 0.00031667784961154335
    zones_retail_jobs: -9.129224152840163e-05
    zones_transit_jobs_30min: -2.791176825341882e-06
    zones_transit_jobs_50min: 5.42427138759498e-07
    zones_z_total_jobs: 2.140935957333143e-07
fit_rsquared: 0.7552107744242891
fitted: true
sample_size: 265
