fit_filters:
- non_residential_sqft > 0
- sqft_price_nonres > 1
- sqft_price_nonres < 650
- hedonic_id == 565
model_expression:
  left_side: np.log1p(sqft_price_nonres)
model_type: Regression
name: RegressionModel
predict_filters: hedonic_id == 565
ytransform: np.exp
coef:
  b_total_jobs: 0.007969550037800463
  building_age: -8.66807286465194e-05
  building_sqft: -4.1428966386163276e-05
  crime_other_rate: 1.2148723549544243e-05
  crime_ucr_rate: 2.6604698474803513e-05
  jobs_non_home_based: 8.773320451406192e-17
  jobs_within_30_min: -3.025799741421741e-09
  land_area: 2.272932091084518e-05
  nodes_walk_ave_nonres_sqft_price: 0.009798643752971688
  nodes_walk_ave_unit_sqft: 1.3226618311120405e-05
  nodes_walk_housing_cost: -9.551718660665876e-07
  nodes_walk_jobs: -5.6690352147061566e-05
  nodes_walk_medical: 0.001341564235020851
  nodes_walk_midinc_hhs: 0.001484709099476928
  nodes_walk_node_r1500_sqft: 4.592910413283091e-08
  nodes_walk_population: -0.00039000404981037967
  nodes_walk_race_1_hhs: -0.00010031646972465967
  nodes_walk_race_2_hhs: 0.00016310327855628324
  nodes_walk_race_4_hhs: 0.0016712758511061398
  nodes_walk_residential: -0.0006237143007224271
  nodes_walk_retail_jobs: 0.0022067923152055357
  parcel_sqft: 1.722099667658648e-05
  parcels_ave_unit_size: 2.9011801553454643e-05
  parcels_total_sqft: -1.8517965624427422e-05
  parcels_zones_empden: -1.2398327926429013e-05
  parcels_zones_households: -0.00023068552131085877
  parcels_zones_jobs_within_30_min: 7.195264467950141e-08
  parcels_zones_logsum_job_high_income: -7.823078113367582e-08
  parcels_zones_logsum_job_low_income: 1.6720764291077048e-08
  parcels_zones_logsum_pop_high_income: 1.1172570000375825e-07
  parcels_zones_logsum_pop_low_income: -7.540089249836077e-09
  parcels_zones_population: 6.709284098541099e-05
  parcels_zones_retail_jobs: 0.0003511276669074145
  parcels_zones_transit_jobs_30min: 2.5493854616948993e-06
  parcels_zones_transit_jobs_50min: 2.8722014586583416e-07
  residential_sqft: 0.00017397136342686608
  sqft_per_unit: -7.23065836485683e-05
  year_built: 0.018592999554087726
  zones_acres: -9.077882709991969e-05
  zones_empden: -0.0007468588395678489
  zones_households: -0.00011335910111051858
  zones_logsum_job_high_income: -8.409021507518952e-08
  zones_logsum_job_low_income: 1.037245520633081e-09
  zones_logsum_pop_high_income: 8.36460455250864e-08
  zones_logsum_pop_low_income: -2.326617572423635e-08
  zones_population: 7.936930790614953e-05
  zones_retail_jobs: 1.489931065856579e-11
  zones_transit_jobs_30min: 1.5209948332163717e-06
sample_size: 1044
score: 0.5397833326821689
