fit_filters:
- non_residential_sqft > 0
- sqft_price_nonres > 1
- sqft_price_nonres < 650
- hedonic_id == 14765
model_expression:
  left_side: np.log1p(sqft_price_nonres)
model_type: Regression
name: RegressionModel
predict_filters: hedonic_id == 14765
ytransform: np.exp
coef:
  b_total_jobs: 0.007475498845570942
  building_age: -2.5613550689034043e-05
  building_sqft: -7.536996419799639e-05
  crime_other_rate: 1.1360432295172057e-05
  crime_ucr_rate: -0.00024037142673729277
  jobs_non_home_based: 5.616296873365344e-16
  jobs_within_30_min: 7.095039768934424e-06
  land_area: 2.7644389891094513e-05
  nodes_walk_ave_nonres_sqft_price: 0.00814771745500762
  nodes_walk_ave_unit_sqft: -1.4317990035755221e-05
  nodes_walk_housing_cost: 4.808397292770107e-06
  nodes_walk_jobs: -4.154847129857991e-05
  nodes_walk_lowinc_hhs: -0.001102343976779012
  nodes_walk_node_r1500_sqft: -1.8288784607295432e-08
  nodes_walk_population: -0.0002227612690889164
  nodes_walk_residential: -0.003096913514681806
  nodes_walk_retail: 0.0009661878327372372
  nodes_walk_retail_jobs: 0.0031302812156466077
  parcel_sqft: 3.399523010126095e-08
  parcels_ave_unit_size: -0.000139503568884324
  parcels_parcel_size: -2.655210333895311e-07
  parcels_pct_undev: -0.0006849435560915812
  parcels_total_sqft: -7.928736891952559e-06
  parcels_zones_employment: -0.00012328277253408973
  parcels_zones_households: 0.0001909391411346896
  parcels_zones_logsum_job_high_income: 1.1119778304850468e-05
  parcels_zones_logsum_job_low_income: -1.8110544511618866e-06
  parcels_zones_logsum_pop_high_income: -5.8507435659243324e-06
  parcels_zones_logsum_pop_low_income: 8.881185544434849e-07
  parcels_zones_population: 1.2267848587306531e-05
  parcels_zones_retail_jobs: -0.000948321844843099
  parcels_zones_transit_jobs_30min: -2.9076625798613065e-05
  parcels_zones_transit_jobs_50min: 9.772167584324263e-06
  parcels_zones_z_total_jobs: -6.895517364230345e-06
  residential_sqft: 0.0001387332813031089
  sqft_per_unit: -6.463536367927328e-05
  year_built: 0.00275994656451953
  zones_acres: -4.003443854427107e-06
  zones_households: 1.6055566905465823e-05
  zones_logsum_job_high_income: 1.1082163827714227e-05
  zones_logsum_job_low_income: -1.772057885516219e-06
  zones_logsum_pop_high_income: -6.101152574277115e-06
  zones_logsum_pop_low_income: 9.333377635578542e-07
  zones_population: 8.782247882460396e-06
  zones_retail_jobs: -0.00010389166450342196
  zones_transit_jobs_30min: -1.9317428961513708e-05
  zones_transit_jobs_50min: 9.2226672957765e-06
  zones_z_total_jobs: -4.17740642242849e-06
sample_size: 273
score: 0.48788598368457914
