fit_filters:
- non_residential_sqft > 0
- sqft_price_nonres > 1
- sqft_price_nonres < 650
- hedonic_id == 13
model_expression:
  left_side: np.log1p(sqft_price_nonres)
model_type: Regression
name: RegressionModel
predict_filters: hedonic_id == 13
ytransform: np.exp
coef:
  Intercept: -8.18378900877499
  b_total_jobs: 0.0007757036071713439
  building_sqft: 4.581667721787279e-05
  crime_other_rate: 2.7345246660826692e-05
  crime_ucr_rate: -0.00023707246451530988
  jobs_non_home_based: 1.7696035635671262e-16
  jobs_within_30_min: -4.634145000136517e-07
  land_area: -3.994787173280347e-05
  nodes_walk_ave_nonres_sqft_price: 0.00037559848904946406
  nodes_walk_ave_unit_sqft: 2.8102203993864243e-05
  nodes_walk_hhs_with_children: 0.004146937084172139
  nodes_walk_highinc_hhs: 0.00020225792437786392
  nodes_walk_households: 7.736690250957837e-05
  nodes_walk_housing_cost: 1.737275700552933e-06
  nodes_walk_industrial: 0.0016272943154136035
  nodes_walk_jobs: 8.264852730709972e-05
  nodes_walk_lowinc_hhs: -0.00122841470836249
  nodes_walk_medical: -0.0004976465352387866
  nodes_walk_midinc_hhs: 0.00032535402423577493
  nodes_walk_node_r1500_sqft: -4.517873991662299e-08
  nodes_walk_office: 0.00023290405462810508
  nodes_walk_population: -0.0002742172914443519
  nodes_walk_race_2_hhs: 0.0004479255782546592
  nodes_walk_race_3_hhs: 0.0007070389738057051
  nodes_walk_race_4_hhs: -0.0009864355154432804
  nodes_walk_residential: 0.0026486384588809077
  nodes_walk_retail: 0.001009026826928626
  parcel_sqft: 4.791335462010866e-07
  parcels_pptytax: -0.0008053710669213498
  parcels_total_job_spaces: 0.007324574383088861
  parcels_total_sqft: -4.6297449417138785e-05
  parcels_zones_jobs_within_30_min: 2.689060951272169e-07
  residential_sqft: 1.7188903484056607e-05
  sqft_per_unit: 0.00010543745390251025
  year_built: 0.005803386755578784
  zones_acres: 3.545145629161271e-05
  zones_employment: 7.341204723644106e-05
  zones_households: -0.0003627004561574596
  zones_logsum_job_high_income: -5.08748290508696e-07
  zones_logsum_job_low_income: -1.3526407882656998e-08
  zones_logsum_pop_high_income: 6.820482173270573e-07
  zones_logsum_pop_low_income: -2.1867335983563906e-08
  zones_population: 0.00011665528772087489
  zones_transit_jobs_30min: 5.0025427456769135e-06
  zones_transit_jobs_50min: -1.2079652323995692e-06
  zones_z_total_jobs: 1.1407999142034019e-05
sample_size: 536
score: 0.4398427319746948
