fit_filters:
- non_residential_sqft > 0
- sqft_price_nonres > 1
- sqft_price_nonres < 650
- hedonic_id == 351
model_type: regression
name: RegressionModel
predict_filters: hedonic_id == 351
target_variable: np.log1p(sqft_price_nonres)
ytransform: np.exp
fit_parameters:
  Coefficient:
    Intercept: -2.0535087504455047
    building_age: -1.111023163615575e-05
    building_sqft: 1.4376497099146393e-05
    crime_other_rate: 1.382002186566535e-05
    crime_ucr_rate: -0.00025243766585070074
    jobs_within_30_min: -5.819590414917462e-07
    land_area: 4.3221779650317456e-07
    nodes_walk_ave_unit_sqft: -5.549552878487601e-07
    nodes_walk_hhs_with_children: 8.896933981926198e-05
    nodes_walk_households: -9.440197207798342e-05
    nodes_walk_housing_cost: 8.671625362001163e-07
    nodes_walk_jobs: 7.624485094772222e-05
    nodes_walk_medical: 0.00691807941844443
    nodes_walk_node_r1500_sqft: 4.94987649748978e-09
    nodes_walk_office: -0.00014739165937485444
    nodes_walk_race_2_hhs: -6.798692923369178e-05
    nodes_walk_retail: 9.077032685190405e-05
    parcel_sqft: 7.653135874997676e-08
    parcels_ave_unit_size: -2.7878772158163445e-05
    parcels_parcel_size: -3.2424049451743955e-07
    parcels_total_job_spaces: -0.0015525959886265122
    parcels_total_sqft: -9.352154364037546e-06
    parcels_total_units: -0.006025100649410737
    parcels_zones_jobs_within_30_min: 2.9734600793448674e-07
    residential_sqft: 0.0002235013512789085
    vacant_job_spaces: -0.0020750466499684646
    year_built: 0.00273589650938162
    zones_employment: 6.380922044655309e-06
    zones_households: -6.307504844494904e-05
    zones_logsum_job_high_income: -5.985329074811236e-07
    zones_logsum_job_low_income: -3.3183004427379543e-07
    zones_logsum_job_mid_income: 1.7716421411859916e-07
    zones_logsum_pop_high_income: 8.835248631872105e-07
    zones_logsum_pop_low_income: 1.9795192656961626e-07
    zones_logsum_pop_mid_income: -6.816469670543739e-08
    zones_population: 2.4248902092671506e-05
    zones_transit_jobs_30min: -1.2551663424604022e-06
    zones_transit_jobs_50min: -1.6272254447805376e-07
fit_rsquared: 0.5343119975265748
fitted: true
sample_size: 802
