fit_filters:
- non_residential_sqft > 0
- sqft_price_nonres > 1
- sqft_price_nonres < 650
- hedonic_id == 71
model_type: regression
name: RegressionModel
predict_filters: hedonic_id == 71
target_variable: np.log1p(sqft_price_nonres)
ytransform: np.exp
fit_parameters:
  Coefficient:
    Intercept: -0.8298773283373344
    b_total_jobs: 0.0013334906562478682
    building_age: -9.453870180697756e-05
    building_sqft: 2.510271246431268e-06
    crime_other_rate: 3.402504110625766e-05
    crime_ucr_rate: -0.000169405451611531
    jobs_within_30_min: -7.074900656337817e-07
    land_area: -4.3994105201927015e-06
    nodes_walk_ave_nonres_sqft_price: 0.019680612551186784
    nodes_walk_ave_unit_sqft: 1.8344265578574884e-06
    nodes_walk_housing_cost: 1.2746422453776057e-06
    nodes_walk_jobs: 7.500825534094149e-05
    nodes_walk_medical: -0.0029027125847030572
    nodes_walk_node_r1500_sqft: -7.3783378348692694e-09
    nodes_walk_office: -0.0016671969681239535
    nodes_walk_population: -6.421954503935226e-05
    nodes_walk_retail: -0.00534612805135537
    nodes_walk_retail_jobs: 0.0007781627284932364
    parcel_sqft: -1.3251108948176301e-08
    parcels_ave_unit_size: 2.0899227807174343e-05
    parcels_parcel_size: 3.654953345679015e-08
    parcels_pct_undev: 0.0018692759117004307
    parcels_total_sqft: -4.30769886213962e-06
    parcels_zones_jobs_within_30_min: -7.0060136275796e-08
    residential_sqft: 2.6653832247032842e-05
    school_district_achievement: 0.0023645742787788285
    sqft_per_unit: 0.0005458850445635068
    year_built: 0.0015450736294957848
    zones_acres: -9.019533409995269e-06
    zones_employment: 1.7069182028479165e-05
    zones_households: -0.00013945619790633999
    zones_logsum_job_high_income: -3.876851772928976e-07
    zones_logsum_job_low_income: 5.14914830458461e-08
    zones_logsum_job_mid_income: 1.2273150118743109e-07
    zones_logsum_pop_high_income: 5.446504174386453e-07
    zones_logsum_pop_low_income: -4.716464719297711e-08
    zones_logsum_pop_mid_income: -1.0178014357706962e-08
    zones_population: 6.023346135189932e-05
    zones_retail_jobs: 0.0001570831698137347
    zones_transit_jobs_50min: 1.0556202248846967e-06
fit_rsquared: 0.594695751001094
fit_rsquared_adj: 0.594695751001094
fitted: true
model_expression:
  left_side: np.log1p(sqft_price_nonres)
  right_side:
  - year_built
  - sqft_per_unit
  - land_area
  - residential_sqft
  - building_sqft
  - jobs_within_30_min
  - parcel_sqft
  - school_district_achievement
  - crime_ucr_rate
  - crime_other_rate
  - building_age
  - b_total_jobs
  - parcels_pct_undev
  - parcels_parcel_size
  - parcels_ave_unit_size
  - parcels_total_sqft
  - parcels_zones_jobs_within_30_min
  - zones_acres
  - zones_households
  - zones_population
  - zones_employment
  - zones_retail_jobs
  - zones_logsum_pop_high_income
  - zones_logsum_pop_mid_income
  - zones_logsum_pop_low_income
  - zones_logsum_job_high_income
  - zones_logsum_job_mid_income
  - zones_logsum_job_low_income
  - zones_transit_jobs_50min
  - nodes_walk_population
  - nodes_walk_jobs
  - nodes_walk_retail_jobs
  - nodes_walk_node_r1500_sqft
  - nodes_walk_ave_nonres_sqft_price
  - nodes_walk_retail
  - nodes_walk_office
  - nodes_walk_medical
  - nodes_walk_ave_unit_sqft
  - nodes_walk_housing_cost
sample_size: 2065
