fit_filters:
- non_residential_sqft > 0
- sqft_price_nonres > 1
- sqft_price_nonres < 650
- hedonic_id == 533
model_expression:
  left_side: np.log1p(sqft_price_nonres)
model_type: Regression
name: RegressionModel
predict_filters: hedonic_id == 533
ytransform: np.exp
coef:
  Intercept: -20.65263352050997
  b_total_jobs: 0.0011235014786169536
  building_age: -2.2199768628675957e-05
  building_sqft: 1.378345164388075e-06
  crime_other_rate: 9.070749930122143e-06
  crime_ucr_rate: -4.876545305046414e-05
  jobs_non_home_based: 2.281105981717638e-16
  jobs_within_30_min: -5.943615426748521e-07
  land_area: -2.1592331752501503e-07
  nodes_walk_ave_nonres_sqft_price: 0.006759700123102919
  nodes_walk_ave_unit_sqft: -7.74689673335421e-05
  nodes_walk_hhs_with_children: -0.0028989440046441736
  nodes_walk_housing_cost: 3.1770896154828263e-06
  nodes_walk_jobs: 1.8763033828130648e-05
  nodes_walk_medical: 2.0981443373096563e-05
  nodes_walk_node_r1500_sqft: 2.3907741592812358e-08
  nodes_walk_office: 0.0003839293512049889
  nodes_walk_population: 0.00034393241657817996
  nodes_walk_race_1_hhs: -0.0007029236754430112
  nodes_walk_race_2_hhs: -3.808230588236673e-06
  nodes_walk_race_3_hhs: 0.0002700749735707999
  nodes_walk_retail: -0.0010095844136884277
  nodes_walk_retail_jobs: 0.005675701264198489
  parcel_sqft: 9.877809226412591e-07
  parcels_ave_unit_size: -7.25858265337243e-05
  parcels_total_job_spaces: 0.0004325789991115263
  parcels_total_sqft: -4.52411668105289e-06
  parcels_zones_employment: -7.3132180120007135e-06
  parcels_zones_jobs_within_30_min: 1.0937518487307359e-07
  parcels_zones_logsum_job_high_income: 6.361069975090093e-08
  parcels_zones_logsum_job_low_income: 2.2574610278063867e-08
  parcels_zones_logsum_pop_high_income: -6.976187256566616e-08
  parcels_zones_logsum_pop_low_income: -8.500568567005588e-09
  parcels_zones_population: -1.8350343826290175e-05
  parcels_zones_retail_jobs: 0.0012848848807174714
  parcels_zones_transit_jobs_30min: 4.153402562898609e-06
  parcels_zones_transit_jobs_50min: -1.7776142137184505e-06
  parcels_zones_z_total_jobs: -5.54028018333719e-06
  residential_sqft: 3.446939085609219e-06
  sqft_per_unit: 0.00031374289028884877
  year_built: 0.012233556484821823
  zones_acres: -6.875236621897258e-05
  zones_employment: -4.9883270578915735e-05
  zones_logsum_job_high_income: 6.048469379193769e-08
  zones_logsum_job_low_income: 1.276392442516939e-08
  zones_logsum_pop_high_income: -7.488394012468355e-08
  zones_logsum_pop_low_income: -2.6293274142821746e-08
  zones_population: -1.436580967687029e-08
  zones_retail_jobs: 0.00016216323478206808
  zones_transit_jobs_30min: 2.017670417038211e-06
  zones_transit_jobs_50min: -1.6731717513952381e-06
  zones_z_total_jobs: -1.2902599006401153e-05
sample_size: 1048
score: 0.4201530854362385
