fit_filters:
- non_residential_sqft > 0
- sqft_price_nonres > 1
- sqft_price_nonres < 650
- hedonic_id == 16133
model_expression:
  left_side: np.log1p(sqft_price_nonres)
model_type: Regression
name: RegressionModel
predict_filters: hedonic_id == 16133
ytransform: np.exp
coef:
  Intercept: -6.011280014994734
  b_total_jobs: 0.00044841569641394937
  building_age: -0.00023428508753898277
  building_sqft: -3.910510833736904e-06
  crime_other_rate: -0.00015455068438607078
  crime_ucr_rate: 0.00016698727526049756
  jobs_non_home_based: 2.62810782936418e-19
  jobs_within_30_min: 9.56801786013458e-07
  land_area: 4.8561022026488435e-06
  nodes_walk_ave_nonres_sqft_price: 0.00949601619806025
  nodes_walk_ave_unit_sqft: -1.2505787408969665e-05
  nodes_walk_housing_cost: 2.4776193343520305e-06
  nodes_walk_industrial: -0.0019132255478604401
  nodes_walk_jobs: 0.00016974094184561787
  nodes_walk_medical: -0.0010357448095005153
  nodes_walk_node_r1500_sqft: -2.6374959818771945e-09
  nodes_walk_office: 0.0007287932049414425
  nodes_walk_population: -0.00016752183882829018
  nodes_walk_race_2_hhs: 0.0016773302053209314
  nodes_walk_residential: -0.0007788994951053249
  nodes_walk_retail: -0.0028906389856463498
  parcel_sqft: -1.340042297237338e-07
  parcels_ave_unit_size: -4.9597795309600105e-05
  parcels_total_job_spaces: 0.00038189465254960417
  parcels_total_sqft: -9.440166872989842e-07
  parcels_zones_jobs_within_30_min: 2.921426124133858e-07
  school_district_achievement: 0.0029712683365778936
  year_built: 0.004615607551547061
  zones_acres: -4.3174608146079966e-05
  zones_employment: 6.541528122903829e-05
  zones_households: 6.9071845932722136e-06
  zones_logsum_job_high_income: 2.2289879905048258e-07
  zones_logsum_job_low_income: 7.474887219937171e-07
  zones_logsum_pop_high_income: -3.5906458324753653e-07
  zones_logsum_pop_low_income: -3.090652452416344e-07
  zones_population: 7.566281935911678e-05
  zones_retail_jobs: -5.014903779305819e-05
  zones_transit_jobs_30min: 1.717987908511643e-05
  zones_transit_jobs_50min: -6.571822569093416e-06
  zones_z_total_jobs: 1.5890153737422197e-08
sample_size: 560
score: 0.595019678862845
