fit_filters:
- non_residential_sqft > 0
- sqft_price_nonres > 1
- sqft_price_nonres < 650
- hedonic_id == 11
model_expression:
  left_side: np.log1p(sqft_price_nonres)
model_type: Regression
name: RegressionModel
predict_filters: hedonic_id == 11
ytransform: np.exp
coef:
  building_age: -0.00015658968746873914
  building_sqft: -9.80932015374143e-06
  county_id: 0.0047476786961895105
  crime_other_rate: 0.0001861499071338999
  crime_ucr_rate: -0.0008938559996752381
  job_spaces: -0.0005904142029477962
  jobs_within_30_min: -1.5180716692104e-06
  land_area: -8.299467449018833e-07
  large_area_id: -0.002730526918993007
  nodes_walk_ave_nonres_sqft_price: 0.0029695307480594635
  nodes_walk_ave_unit_sqft: 8.849979055006397e-06
  nodes_walk_hhs_with_children: -0.00023985264231388283
  nodes_walk_housing_cost: -1.490589717052612e-06
  nodes_walk_industrial: 0.000498272212166637
  nodes_walk_jobs: -0.00014859528615204134
  nodes_walk_lowinc_hhs: -2.4175579892002474e-05
  nodes_walk_medical: 0.0003537211550319783
  nodes_walk_node_r1500_sqft: -2.0984808268035093e-08
  nodes_walk_office: 0.0024442185068243413
  nodes_walk_population: -0.00014003990260051704
  nodes_walk_race_1_hhs: 0.00025707172365655297
  nodes_walk_race_2_hhs: -0.001168076879836028
  nodes_walk_race_4_hhs: -0.00539415826655551
  nodes_walk_retail: -0.0019128995216368913
  nodes_walk_retail_jobs: 0.00022847426290935005
  parcel_sqft: -5.471429531204595e-07
  parcels_ave_unit_size: 0.0004415424972714966
  parcels_pptytax: 0.0065209369356041685
  parcels_total_job_spaces: -6.288062702587344e-08
  parcels_total_sqft: 6.874425047880839e-06
  parcels_zones_employment: 9.201285895207579e-06
  parcels_zones_households: -0.0002709457207111058
  parcels_zones_jobs_within_30_min: 2.04477795304765e-07
  parcels_zones_logsum_job_high_income: 1.8567183682917414e-07
  parcels_zones_logsum_job_low_income: -2.8579233284364996e-07
  parcels_zones_logsum_pop_high_income: 9.457746887852729e-07
  parcels_zones_logsum_pop_low_income: 1.9660267109341657e-07
  parcels_zones_population: 6.701490701113973e-05
  parcels_zones_retail_jobs: 6.486602205141024e-05
  parcels_zones_transit_jobs_30min: 1.1785763128913968e-05
  parcels_zones_transit_jobs_50min: -6.7431927810726e-07
  parcels_zones_z_total_jobs: 1.295549714832831e-07
  residential_sqft: 0.0002921666486453956
  school_district_achievement: 0.003575155241083266
  sqft_per_unit: 0.0016095256674924223
  vacant_job_spaces: -0.005629128802434836
  year_built: 0.004572919719913143
  zones_acres: -8.01599492653554e-05
  zones_employment: 9.9786543067577e-10
  zones_households: -0.00014248545242317946
  zones_logsum_job_high_income: 1.3514764026928893e-07
  zones_logsum_job_low_income: -2.564817809524714e-07
  zones_logsum_pop_high_income: -2.2658086819202897e-07
  zones_logsum_pop_low_income: 2.1553289263378667e-07
  zones_population: 6.163472301291335e-05
  zones_transit_jobs_30min: 1.2185584985948321e-05
  zones_transit_jobs_50min: -8.292375754166389e-07
sample_size: 120
score: 0.7054238055338666
