fit_filters:
- non_residential_sqft > 0
- sqft_price_nonres > 1
- sqft_price_nonres < 650
- hedonic_id == 42
model_expression:
  left_side: np.log1p(sqft_price_nonres)
model_type: Regression
name: RegressionModel
predict_filters: hedonic_id == 42
ytransform: np.exp
coef:
  b_total_jobs: 0.0004959513617683458
  building_sqft: 6.500170233355857e-06
  county_id: 0.006291755377794805
  crime_other_rate: 0.00011306689232299888
  crime_ucr_rate: -0.0007026068042378518
  jobs_non_home_based: 6.765817866551616e-17
  jobs_within_30_min: -5.872336708555199e-07
  land_area: -8.188834076922648e-06
  large_area_id: -0.00028551359247132037
  nodes_walk_ave_nonres_sqft_price: 0.004291839912549249
  nodes_walk_ave_unit_sqft: 7.266388558712394e-05
  nodes_walk_hhs_with_children: -0.005483560146630494
  nodes_walk_highinc_hhs: 0.003088936039217362
  nodes_walk_housing_cost: -1.8076990163714575e-06
  nodes_walk_jobs: -6.363670029961956e-05
  nodes_walk_lowinc_hhs: -0.00045105363536952135
  nodes_walk_medical: 0.0030006393385157
  nodes_walk_midinc_hhs: -0.0005289417363915042
  nodes_walk_node_r1500_sqft: 4.42967715696366e-08
  nodes_walk_office: -0.00017763461026032963
  nodes_walk_population: 0.001669594806802403
  nodes_walk_race_1_hhs: -0.0028487005645030745
  nodes_walk_residential: 0.001076993511353244
  nodes_walk_retail: -0.0016118550578834907
  nodes_walk_retail_jobs: -0.0026829902717469384
  parcel_sqft: -1.73739384736596e-07
  parcels_total_sqft: 2.5491249403390848e-06
  parcels_zones_employment: -1.4955741313461124e-05
  parcels_zones_households: 0.0008263240421862692
  parcels_zones_jobs_within_30_min: 1.7130183538651042e-07
  parcels_zones_logsum_job_high_income: 7.471305129240209e-07
  parcels_zones_logsum_job_low_income: 1.642057621048708e-08
  parcels_zones_logsum_pop_high_income: -2.831333008992057e-07
  parcels_zones_logsum_pop_low_income: -1.2022715873319135e-07
  parcels_zones_population: -0.0003129874554813217
  parcels_zones_retail_jobs: 0.002878900172200537
  parcels_zones_transit_jobs_30min: -2.5357780686003088e-06
  parcels_zones_transit_jobs_50min: 1.4488846717835006e-06
  parcels_zones_z_total_jobs: -7.568722683297838e-05
  residential_sqft: 1.0016293990450659e-05
  vacant_job_spaces: -0.002213102836566786
  zones_acres: 6.579910970077884e-06
  zones_employment: -4.574517324416041e-06
  zones_households: 0.0007451269473329281
  zones_logsum_job_high_income: 5.744811345359642e-07
  zones_logsum_job_low_income: 2.9392967076013352e-08
  zones_logsum_pop_high_income: -2.2103710185778322e-07
  zones_logsum_pop_low_income: -6.058282091074227e-08
  zones_population: -0.00028489454091740006
  zones_retail_jobs: 1.6671858496938045e-07
  zones_transit_jobs_30min: -2.532577535605793e-06
  zones_transit_jobs_50min: 1.3679425044033288e-06
  zones_z_total_jobs: -4.2326743385941374e-05
sample_size: 85
score: 0.8253868252426364
