fit_filters:
- non_residential_sqft > 0
- sqft_price_nonres > 1
- sqft_price_nonres < 650
- hedonic_id == 61
model_type: regression
name: RegressionModel
predict_filters: hedonic_id == 61
target_variable: np.log1p(sqft_price_nonres)
ytransform: np.exp
fit_parameters:
  Coefficient:
    Intercept: -1.121897224514675
    building_age: -0.000460510447907272
    building_sqft: 5.194516340234092e-06
    crime_other_rate: -4.0689576505143404e-05
    crime_ucr_rate: -0.00015106401104608903
    jobs_within_30_min: 2.6185886976513256e-08
    land_area: -4.395195460372737e-06
    nodes_walk_ave_nonres_sqft_price: 0.0095659614917639
    nodes_walk_ave_unit_sqft: -4.315235963309863e-05
    nodes_walk_households: -0.0001110295351426023
    nodes_walk_housing_cost: 7.224406833807639e-06
    nodes_walk_jobs: 1.0114435510871844e-05
    nodes_walk_lowinc_hhs: -0.0012145100213749517
    nodes_walk_medical: -0.0020178669250567314
    nodes_walk_node_r1500_sqft: 3.258485681538092e-09
    nodes_walk_office: -0.001473477142184844
    nodes_walk_race_1_hhs: 0.0004910503166479382
    nodes_walk_race_4_hhs: -0.0016485312680889037
    nodes_walk_residential: -0.0012319582105270333
    nodes_walk_retail: -0.0009926512665585229
    nodes_walk_retail_jobs: 0.0005045950208883515
    parcel_sqft: -1.535211577925369e-08
    parcels_ave_unit_size: -0.0003777874242969569
    parcels_parcel_size: 6.311042758778345e-08
    parcels_pct_undev: -0.0025214615059983153
    parcels_pptytax: -0.0004893535555196146
    parcels_total_job_spaces: 0.0012537156527226013
    parcels_total_sqft: -2.5392524712350504e-06
    parcels_total_units: 0.0001108867287177252
    parcels_zones_jobs_within_30_min: 1.2526557387865498e-07
    residential_sqft: 0.0007691005150359976
    vacant_job_spaces: -0.0033956561585496542
    year_built: 0.0026239802152474906
    zones_acres: -4.464968108660399e-06
    zones_employment: 1.9813591449181885e-05
    zones_households: -0.00029066548531665195
    zones_logsum_job_high_income: -1.060466668256397e-07
    zones_logsum_job_low_income: 2.3435700365621791e-07
    zones_logsum_job_mid_income: -1.406038477699011e-07
    zones_logsum_pop_high_income: 5.5637476279101985e-08
    zones_logsum_pop_low_income: -3.5346025685917397e-07
    zones_logsum_pop_mid_income: 1.8025688391534806e-07
    zones_population: 0.0001344759530123041
    zones_retail_jobs: 0.0003577894755958518
    zones_transit_jobs_30min: 6.394846556677723e-06
    zones_transit_jobs_50min: 3.948140891093946e-06
fit_rsquared: 0.5295240183449755
fitted: true
model_expression:
  left_side: np.log1p(sqft_price_nonres)
  right_side:
  - year_built
  - land_area
  - residential_sqft
  - building_sqft
  - jobs_within_30_min
  - vacant_job_spaces
  - parcel_sqft
  - crime_ucr_rate
  - crime_other_rate
  - building_age
  - parcels_pptytax
  - parcels_pct_undev
  - parcels_parcel_size
  - parcels_ave_unit_size
  - parcels_total_units
  - parcels_total_job_spaces
  - parcels_total_sqft
  - parcels_zones_jobs_within_30_min
  - zones_acres
  - zones_households
  - zones_population
  - zones_employment
  - zones_retail_jobs
  - zones_logsum_pop_high_income
  - zones_logsum_pop_mid_income
  - zones_logsum_pop_low_income
  - zones_logsum_job_high_income
  - zones_logsum_job_mid_income
  - zones_logsum_job_low_income
  - zones_transit_jobs_50min
  - zones_transit_jobs_30min
  - nodes_walk_households
  - nodes_walk_lowinc_hhs
  - nodes_walk_race_1_hhs
  - nodes_walk_race_4_hhs
  - nodes_walk_jobs
  - nodes_walk_retail_jobs
  - nodes_walk_node_r1500_sqft
  - nodes_walk_residential
  - nodes_walk_ave_nonres_sqft_price
  - nodes_walk_retail
  - nodes_walk_office
  - nodes_walk_medical
  - nodes_walk_ave_unit_sqft
  - nodes_walk_housing_cost
sample_size: 1171
