fit_filters:
- non_residential_sqft > 0
- sqft_price_nonres > 1
- sqft_price_nonres < 650
- hedonic_id == 14763
model_expression:
  left_side: np.log1p(sqft_price_nonres)
model_type: Regression
name: RegressionModel
predict_filters: hedonic_id == 14763
ytransform: np.exp
coef:
  building_sqft: 2.2485819484963496e-05
  crime_other_rate: 0.0010178704848035713
  crime_ucr_rate: -0.0031191845817130697
  jobs_within_30_min: 2.2751201653716247e-05
  land_area: 9.164483135409432e-06
  nodes_walk_ave_unit_sqft: -0.0005259273037147752
  nodes_walk_housing_cost: -3.155204891818132e-06
  nodes_walk_medical: 0.003281424998608086
  nodes_walk_node_r1500_sqft: -2.8552258730604787e-08
  nodes_walk_office: 0.00016580716593438
  nodes_walk_population: -0.0005001245443536014
  parcel_sqft: -1.0678601764906402e-05
  parcels_ave_unit_size: -0.0003947045387421091
  parcels_landvalue: 2.9158116465086727e-06
  parcels_total_sqft: -8.453046591922163e-06
  parcels_zones_employment: 0.0007138677809038496
  parcels_zones_jobs_within_30_min: -5.241863963039609e-07
  parcels_zones_logsum_job_high_income: 5.134884447946714e-07
  parcels_zones_logsum_job_low_income: -6.769196399210776e-07
  parcels_zones_logsum_pop_high_income: -8.737910435195423e-07
  parcels_zones_logsum_pop_low_income: -7.718727957299038e-07
  parcels_zones_transit_jobs_30min: -0.00035308290966794563
  parcels_zones_transit_jobs_50min: -1.3512938692309868e-05
  parcels_zones_z_total_jobs: 0.00066947701046138
  residential_sqft: 7.410628088724297e-05
  sqft_per_unit: 0.0005382072436216975
  zones_acres: 0.00022255379300226673
  zones_employment: 0.0005727441033123881
  zones_households: -0.0013194500521294418
  zones_logsum_job_high_income: -1.3222628052437777e-06
  zones_logsum_job_low_income: 4.42850216049321e-07
  zones_logsum_pop_high_income: 2.0399561442168897e-06
  zones_logsum_pop_low_income: 8.723793300711984e-07
  zones_transit_jobs_30min: -0.00032596815648859833
  zones_transit_jobs_50min: -1.0673867300569802e-05
sample_size: 21
score: 0.9984886084937334
