fit_filters:
- non_residential_sqft > 0
- sqft_price_nonres > 1
- sqft_price_nonres < 650
- hedonic_id == 9321
model_type: regression
name: RegressionModel
predict_filters: hedonic_id == 9321
target_variable: np.log1p(sqft_price_nonres)
ytransform: np.exp
fit_parameters:
  Coefficient:
    Intercept: 1.5599372707915702
    b_total_jobs: 0.0008855640657842651
    building_age: -0.0007002183805250255
    building_sqft: -4.2711951598361585e-06
    crime_other_rate: 2.6330685621486224e-05
    crime_ucr_rate: 0.00046540314252333523
    jobs_non_home_based: 1.1487317703098248e-16
    jobs_within_30_min: -1.796517684436202e-06
    land_area: 4.104497908476384e-07
    nodes_walk_ave_nonres_sqft_price: 0.00032401309571307267
    nodes_walk_ave_unit_sqft: -5.647750093129789e-06
    nodes_walk_housing_cost: 3.618425546268022e-06
    nodes_walk_jobs: 0.00013212488327111094
    nodes_walk_medical: -0.000263938703728153
    nodes_walk_node_r1500_sqft: -8.737836077452138e-09
    nodes_walk_population: -0.00010404022113461699
    nodes_walk_residential: -0.0007399861928999836
    nodes_walk_retail: 0.00905818876729557
    nodes_walk_retail_jobs: 0.00017917688809196563
    parcel_sqft: 2.2449008625426446e-07
    parcels_ave_unit_size: -7.649546250957429e-05
    parcels_parcel_size: -5.210205051426779e-07
    parcels_pct_undev: 0.0017765583511601874
    parcels_total_job_spaces: 0.0017648861305462125
    parcels_total_sqft: -5.8878244483590585e-06
    parcels_zones_jobs_within_30_min: -8.484317569147694e-10
    residential_sqft: 0.0004965530659441653
    vacant_job_spaces: -0.00019266949315232775
    year_built: 0.0005778411214838983
    zones_acres: 1.8512139892042542e-05
    zones_households: 0.0001117974090641728
    zones_logsum_job_high_income: -1.2118497011355083e-06
    zones_logsum_job_low_income: 4.514481992972915e-06
    zones_logsum_job_mid_income: -5.490910914856026e-06
    zones_logsum_pop_high_income: 4.26893868880207e-06
    zones_logsum_pop_low_income: 6.0735269378947964e-06
    zones_logsum_pop_mid_income: -3.2627969954332228e-06
    zones_population: -5.053447788693101e-05
    zones_retail_jobs: 0.00019955535945270057
    zones_z_total_jobs: -1.9301643007818737e-05
fit_rsquared: 0.4156467227877747
fit_rsquared_adj: 0.4156467227877747
fitted: true
model_expression:
  left_side: np.log1p(sqft_price_nonres)
  right_side:
  - year_built
  - land_area
  - residential_sqft
  - building_sqft
  - jobs_within_30_min
  - vacant_job_spaces
  - parcel_sqft
  - crime_ucr_rate
  - crime_other_rate
  - building_age
  - b_total_jobs
  - jobs_non_home_based
  - parcels_pct_undev
  - parcels_parcel_size
  - parcels_ave_unit_size
  - parcels_total_job_spaces
  - parcels_total_sqft
  - parcels_zones_jobs_within_30_min
  - zones_acres
  - zones_households
  - zones_population
  - zones_retail_jobs
  - zones_logsum_pop_high_income
  - zones_logsum_pop_mid_income
  - zones_logsum_pop_low_income
  - zones_logsum_job_high_income
  - zones_logsum_job_mid_income
  - zones_logsum_job_low_income
  - zones_z_total_jobs
  - nodes_walk_population
  - nodes_walk_jobs
  - nodes_walk_retail_jobs
  - nodes_walk_node_r1500_sqft
  - nodes_walk_residential
  - nodes_walk_ave_nonres_sqft_price
  - nodes_walk_retail
  - nodes_walk_medical
  - nodes_walk_ave_unit_sqft
  - nodes_walk_housing_cost
sample_size: 893
