fit_filters:
- non_residential_sqft > 0
- sqft_price_nonres > 1
- sqft_price_nonres < 650
- hedonic_id == 16131
model_expression:
  left_side: np.log1p(sqft_price_nonres)
model_type: Regression
name: RegressionModel
predict_filters: hedonic_id == 16131
ytransform: np.exp
coef:
  Intercept: -2.412555019599546
  b_total_jobs: 0.0003641351721758141
  building_age: -0.001168276928696801
  building_sqft: 7.408212132089154e-08
  crime_other_rate: 0.00010038954452027016
  crime_ucr_rate: -0.0003232334764863435
  job_spaces: 0.00034965612986519667
  jobs_within_30_min: 3.0693437509594915e-06
  land_area: -1.0352209706976493e-06
  nodes_walk_ave_nonres_sqft_price: -0.0005644662368468666
  nodes_walk_ave_unit_sqft: -9.462131340866191e-05
  nodes_walk_housing_cost: 1.77914850341349e-07
  nodes_walk_industrial: 0.010691754027019842
  nodes_walk_jobs: 5.4982763223859014e-05
  nodes_walk_lowinc_hhs: -0.0008501071133905221
  nodes_walk_max_office_far: -0.0013573154490026716
  nodes_walk_medical: -0.0006977036231397748
  nodes_walk_midinc_hhs: 0.001061185529187226
  nodes_walk_node_r1500_sqft: 1.278105938643107e-08
  nodes_walk_office: 5.93594408418546e-05
  nodes_walk_population: -0.0005835769197687288
  nodes_walk_retail: 0.00045142735104052164
  nodes_walk_retail_jobs: -0.0004084905515154085
  non_residential_units: 3.1337880741998926e-17
  parcel_sqft: -2.391880955410761e-08
  parcels_ave_unit_size: -9.175142423991241e-07
  parcels_total_sqft: -4.154219906058114e-07
  parcels_zones_empden: 0.002291920515154865
  parcels_zones_employment: 7.721589375688458e-05
  parcels_zones_jobs_within_30_min: -2.1289949482937533e-06
  parcels_zones_logsum_job_high_income: -9.774197276006383e-08
  parcels_zones_logsum_job_low_income: 1.3926650031473337e-07
  parcels_zones_logsum_pop_high_income: 7.86364427883743e-08
  parcels_zones_logsum_pop_low_income: -7.372705051541564e-08
  parcels_zones_mean_age_of_head: 0.001072890347391312
  parcels_zones_population: 2.751116214985596e-05
  parcels_zones_retail_jobs: 0.0002612781800511041
  parcels_zones_transit_jobs_30min: 4.321130155350119e-06
  parcels_zones_transit_jobs_50min: -4.279308605220717e-07
  year_built: 0.0026507049738267734
  zones_acres: 5.706142637478232e-06
  zones_logsum_job_high_income: -8.339582054620547e-08
  zones_logsum_job_low_income: 1.2269446219553997e-07
  zones_logsum_pop_high_income: 1.1003519354931812e-07
  zones_logsum_pop_low_income: -1.45518991262122e-07
  zones_mean_age_of_head: 6.246520734516426e-05
  zones_population: 1.532918518678737e-05
  zones_transit_jobs_30min: 3.008501561166552e-06
  zones_transit_jobs_50min: -5.764538868569242e-07
sample_size: 536
score: 0.7555748660634024
