fit_filters:
- non_residential_sqft > 0
- sqft_price_nonres > 1
- sqft_price_nonres < 650
- hedonic_id == 331
model_type: regression
name: RegressionModel
predict_filters: hedonic_id == 331
target_variable: np.log1p(sqft_price_nonres)
ytransform: np.exp
fit_parameters:
  Coefficient:
    Intercept: 2.3119271117614444
    b_total_jobs: 2.2930255040718436e-05
    building_age: -0.004435089958321713
    building_sqft: -1.6338137352103573e-06
    crime_other_rate: 0.00015823671957076356
    crime_ucr_rate: -0.00033207940544920453
    job_spaces: 0.0008096557061480408
    jobs_within_30_min: -1.0010661064023718e-07
    land_area: 3.2126657455787504e-07
    nodes_walk_ave_unit_sqft: 2.7402611544402095e-06
    nodes_walk_housing_cost: 7.986297906967036e-09
    nodes_walk_industrial: 0.011275382985324663
    nodes_walk_jobs: 5.1563625162623675e-05
    nodes_walk_lowinc_hhs: -0.00035841311951984587
    nodes_walk_medical: -0.0008342126624853434
    nodes_walk_midinc_hhs: 0.00017141406856966196
    nodes_walk_node_r1500_sqft: 1.667630850231925e-08
    nodes_walk_office: 0.0001654991535418587
    nodes_walk_population: 6.119180560248627e-05
    nodes_walk_race_1_hhs: 0.00035636431731245465
    nodes_walk_residential: 0.0003350002702469773
    nodes_walk_retail: 0.0006289343194313817
    nodes_walk_retail_jobs: 8.804289552945305e-05
    non_residential_units: 1.1587986027266223e-16
    parcel_sqft: 1.4491771364087703e-07
    parcels_ave_unit_size: 0.00010570271272303322
    parcels_parcel_size: -2.1333639777176317e-07
    parcels_pct_undev: 0.0011160507588669239
    parcels_total_job_spaces: 0.0001882931521326894
    parcels_total_sqft: -9.097284724985488e-07
    parcels_zones_jobs_within_30_min: 2.6102488368074274e-08
    year_built: 0.0001417916525266705
    zone_mean_age_of_head: 1.2502976336732818e-18
    zones_acres: -0.00010972824896342026
    zones_employment: 1.5647637141002356e-05
    zones_households: 0.00017901399278181731
    zones_logsum_job_high_income: -5.994159966840001e-07
    zones_logsum_job_low_income: -5.210281479296813e-07
    zones_logsum_job_mid_income: 1.7301789311194015e-07
    zones_logsum_pop_high_income: 3.6687247395606083e-07
    zones_logsum_pop_low_income: 3.8831385795964823e-07
    zones_logsum_pop_mid_income: -5.323285539271708e-08
    zones_mean_age_of_head: 0.0004728136836974215
    zones_population: -5.53024114143546e-05
    zones_retail_jobs: 0.00017049178690625431
    zones_transit_jobs_30min: -2.066910072900014e-05
    zones_transit_jobs_50min: -1.638252369221217e-07
    zones_z_total_jobs: 2.6303806099222717e-05
  Std. Error: {}
  T-Score: {}
fit_rsquared: 0.512239093725505
fit_rsquared_adj: 0.512239093725505
fitted: true
model_expression:
  left_side: np.log1p(sqft_price_nonres)
  right_side:
  - year_built
  - land_area
  - building_sqft
  - job_spaces
  - non_residential_units
  - jobs_within_30_min
  - parcel_sqft
  - crime_ucr_rate
  - crime_other_rate
  - building_age
  - b_total_jobs
  - parcels_pct_undev
  - parcels_parcel_size
  - parcels_ave_unit_size
  - parcels_total_job_spaces
  - parcels_total_sqft
  - parcels_zones_jobs_within_30_min
  - zones_acres
  - zones_households
  - zones_population
  - zones_employment
  - zones_retail_jobs
  - zones_logsum_pop_high_income
  - zones_logsum_pop_mid_income
  - zones_logsum_pop_low_income
  - zones_logsum_job_high_income
  - zones_logsum_job_mid_income
  - zones_logsum_job_low_income
  - zones_z_total_jobs
  - zones_transit_jobs_50min
  - zones_transit_jobs_30min
  - zones_mean_age_of_head
  - zone_mean_age_of_head
  - nodes_walk_population
  - nodes_walk_midinc_hhs
  - nodes_walk_lowinc_hhs
  - nodes_walk_race_1_hhs
  - nodes_walk_jobs
  - nodes_walk_retail_jobs
  - nodes_walk_node_r1500_sqft
  - nodes_walk_residential
  - nodes_walk_retail
  - nodes_walk_office
  - nodes_walk_industrial
  - nodes_walk_medical
  - nodes_walk_ave_unit_sqft
  - nodes_walk_housing_cost
sample_size: 2047
