fit_filters:
- non_residential_sqft > 0
- sqft_price_nonres > 1
- sqft_price_nonres < 650
- hedonic_id == 523
model_expression:
  left_side: np.log1p(sqft_price_nonres)
model_type: Regression
name: RegressionModel
predict_filters: hedonic_id == 523
ytransform: np.exp
coef:
  Intercept: -19.51884061832609
  building_age: -0.0014028281340329484
  building_sqft: 3.050237526197005e-06
  crime_other_rate: 6.3842389052559714e-06
  crime_ucr_rate: -8.008205730851547e-05
  job_spaces: -0.0006749549602692513
  jobs_within_30_min: -2.7646076784249725e-11
  land_area: -8.42664887491469e-06
  nodes_walk_ave_nonres_sqft_price: 0.00553028875265722
  nodes_walk_ave_unit_sqft: 1.2184900128574301e-06
  nodes_walk_highinc_hhs: -0.0007144047051013624
  nodes_walk_households: -0.00018077429545718983
  nodes_walk_housing_cost: -7.063444153312517e-07
  nodes_walk_jobs: -1.0574469676442145e-05
  nodes_walk_medical: 0.0016242620563188786
  nodes_walk_node_r1500_sqft: -1.2496286958028727e-08
  nodes_walk_office: 0.01378826127749111
  nodes_walk_population: 0.00019313903148292206
  nodes_walk_race_1_hhs: -0.00023888032640154616
  nodes_walk_retail: -0.001931483602632731
  nodes_walk_retail_jobs: 0.0002380142086224541
  non_residential_units: -9.638220581816932e-17
  parcel_sqft: 6.144032296190728e-08
  parcels_ave_unit_size: 5.7895838158045844e-05
  parcels_total_job_spaces: 9.929722216820745e-05
  parcels_total_sqft: 2.2664273251629614e-08
  parcels_zones_employment: 1.7031290021681136e-05
  parcels_zones_jobs_within_30_min: -4.2276318029965104e-08
  parcels_zones_logsum_job_high_income: 1.1175803762515423e-07
  parcels_zones_logsum_job_low_income: 1.0954825302888836e-08
  parcels_zones_logsum_pop_high_income: -1.243571380787372e-07
  parcels_zones_logsum_pop_low_income: 1.4600122023297592e-08
  parcels_zones_population: 7.10599233183639e-07
  parcels_zones_retail_jobs: -0.00026123682627780055
  parcels_zones_transit_jobs_30min: 3.981339566807553e-06
  parcels_zones_transit_jobs_50min: 2.2573622827557387e-07
  parcels_zones_z_total_jobs: 4.584237878754877e-08
  residential_sqft: 2.2216212634231846e-05
  sqft_per_unit: 3.810431259254678e-05
  vacant_job_spaces: -0.0010940429993016284
  year_built: 0.011526276533540122
  zones_acres: 0.0002255117339077676
  zones_empden: -0.00035427093826990725
  zones_logsum_job_high_income: 9.15820284011447e-08
  zones_logsum_job_low_income: -7.47563910276697e-09
  zones_logsum_pop_high_income: -1.4329179076827655e-07
  zones_logsum_pop_low_income: -3.318323878681698e-08
  zones_population: 1.1077204775431055e-06
  zones_retail_jobs: -1.2779372069766663e-07
  zones_transit_jobs_30min: 2.489638497983204e-06
  zones_transit_jobs_50min: -3.640089624425372e-07
sample_size: 1678
score: 0.3899932307692845
