fit_filters:
- non_residential_sqft > 0
- sqft_price_nonres > 1
- sqft_price_nonres < 650
- hedonic_id == 32
model_type: regression
name: RegressionModel
predict_filters: hedonic_id == 32
target_variable: np.log1p(sqft_price_nonres)
ytransform: np.exp
fit_parameters:
  Coefficient:
    Intercept: -2.8852816412957982
    building_age: -0.002889559922354093
    building_sqft: -3.587227662096285e-06
    crime_ucr_rate: -8.51854440095661e-05
    job_spaces: 0.0015145721461002585
    jobs_within_30_min: -9.032967636610713e-08
    land_area: 6.819417973220222e-07
    nodes_walk_housing_cost: -1.1623715052935451e-06
    nodes_walk_industrial: 0.009650104970867502
    nodes_walk_jobs: -1.6295495699846803e-05
    nodes_walk_medical: 0.0004688597055366096
    nodes_walk_node_r1500_sqft: -5.485545163752442e-09
    nodes_walk_office: -6.473262675393514e-05
    nodes_walk_population: 6.690779144675354e-05
    nodes_walk_race_1_hhs: 0.0005937831016843054
    nodes_walk_race_2_hhs: -0.0007552601490766592
    nodes_walk_residential: 0.00022670007316180553
    nodes_walk_retail: -2.2604742545601394e-05
    non_residential_units: 9.739069444562301e-17
    parcel_sqft: -1.3490993820102325e-07
    parcels_ave_unit_size: 9.280572284586726e-05
    parcels_parcel_size: -4.166645611865972e-08
    parcels_total_job_spaces: 0.00017814375989878113
    parcels_total_sqft: -2.521074069718961e-07
    parcels_zones_jobs_within_30_min: 1.0698758893477678e-07
    school_district_achievement: 0.0007712449567368155
    vacant_job_spaces: 0.0008888378613439276
    year_built: 0.0032362239614328525
    zones_acres: -1.4568463208403986e-05
    zones_employment: 3.7458822076714133e-06
    zones_households: -0.0008373831862925736
    zones_logsum_job_high_income: 1.1744697460378294e-07
    zones_logsum_job_low_income: 1.8531080240775706e-07
    zones_logsum_job_mid_income: 1.3028487436960256e-07
    zones_logsum_pop_high_income: -1.0010184478609733e-07
    zones_logsum_pop_low_income: -3.269861160967581e-07
    zones_logsum_pop_mid_income: -5.3928128787779677e-08
    zones_population: 0.00031642212144900847
    zones_retail_jobs: -9.133270084498331e-05
    zones_transit_jobs_30min: -2.782211710826206e-06
    zones_transit_jobs_50min: 5.38250368394323e-07
    zones_z_total_jobs: 2.095494598861917e-07
  Std. Error: {}
  T-Score: {}
fit_rsquared: 0.7551921633828055
fit_rsquared_adj: 0.7551921633828055
fitted: true
model_expression:
  left_side: np.log1p(sqft_price_nonres)
  right_side:
  - year_built
  - land_area
  - building_sqft
  - job_spaces
  - non_residential_units
  - jobs_within_30_min
  - vacant_job_spaces
  - parcel_sqft
  - school_district_achievement
  - crime_ucr_rate
  - building_age
  - parcels_parcel_size
  - parcels_ave_unit_size
  - parcels_total_job_spaces
  - parcels_total_sqft
  - parcels_zones_jobs_within_30_min
  - zones_acres
  - zones_households
  - zones_population
  - zones_employment
  - zones_retail_jobs
  - zones_logsum_pop_high_income
  - zones_logsum_pop_mid_income
  - zones_logsum_pop_low_income
  - zones_logsum_job_high_income
  - zones_logsum_job_mid_income
  - zones_logsum_job_low_income
  - zones_z_total_jobs
  - zones_transit_jobs_50min
  - zones_transit_jobs_30min
  - nodes_walk_population
  - nodes_walk_race_1_hhs
  - nodes_walk_race_2_hhs
  - nodes_walk_jobs
  - nodes_walk_node_r1500_sqft
  - nodes_walk_residential
  - nodes_walk_retail
  - nodes_walk_office
  - nodes_walk_industrial
  - nodes_walk_medical
  - nodes_walk_housing_cost
sample_size: 265
