fit_filters:
- non_residential_sqft > 0
- sqft_price_nonres > 1
- sqft_price_nonres < 650
- hedonic_id == 9321
model_expression:
  left_side: np.log1p(sqft_price_nonres)
model_type: Regression
name: RegressionModel
predict_filters: hedonic_id == 9321
ytransform: np.exp
coef:
  b_total_jobs: 0.002283177260835364
  building_age: -0.000930778616158672
  building_sqft: -1.0622545228799735e-05
  crime_other_rate: 7.244441369736125e-05
  crime_ucr_rate: 0.0006766935324208002
  job_spaces: 2.3437904645948626e-05
  jobs_non_home_based: 1.855418060593847e-16
  jobs_within_30_min: -2.566156568226059e-06
  land_area: 4.120662369096975e-06
  nodes_walk_ave_nonres_sqft_price: 9.248121399292921e-05
  nodes_walk_ave_unit_sqft: -4.472550502262037e-06
  nodes_walk_housing_cost: 2.297623957055135e-06
  nodes_walk_jobs: 0.0001320038922816879
  nodes_walk_medical: -8.410868866011426e-05
  nodes_walk_node_r1500_sqft: 1.801504615668273e-08
  nodes_walk_population: -0.0003219934711143659
  nodes_walk_residential: -0.00038841035341838294
  nodes_walk_retail: 0.0063675582095884305
  nodes_walk_retail_jobs: 0.00022893936802068543
  non_residential_units: 8.941244946025703e-20
  parcel_sqft: -6.844891882493556e-08
  parcels_ave_unit_size: -4.689187346034514e-05
  parcels_total_sqft: -2.292313543893664e-06
  parcels_zones_households: 4.7609857418010396e-05
  parcels_zones_jobs_within_30_min: 3.7785953169709643e-07
  parcels_zones_logsum_job_high_income: -7.856040607629325e-07
  parcels_zones_logsum_job_low_income: -1.2462865875395461e-07
  parcels_zones_logsum_pop_high_income: 1.2781241549091478e-06
  parcels_zones_logsum_pop_low_income: 5.519752091863559e-07
  parcels_zones_population: 9.076732908993002e-06
  parcels_zones_retail_jobs: 0.00020518167941123186
  parcels_zones_z_total_jobs: -1.572971906123421e-05
  residential_sqft: 0.0004943564155040798
  year_built: 9.960532079095679e-06
  zones_acres: -9.18980573778864e-06
  zones_employment: -5.8135644163235e-06
  zones_households: 5.818134962063956e-06
  zones_logsum_job_high_income: -7.74552220368452e-07
  zones_logsum_job_low_income: -1.2983569635182367e-07
  zones_logsum_pop_high_income: 3.4806403035581447e-07
  zones_logsum_pop_low_income: 5.315088616716178e-07
  zones_population: 8.216649303741374e-06
sample_size: 631
score: 0.29115624635423754
