fit_filters:
- non_residential_sqft > 0
- sqft_price_nonres > 1
- sqft_price_nonres < 650
- hedonic_id == 361
model_expression:
  left_side: np.log1p(sqft_price_nonres)
model_type: Regression
name: RegressionModel
predict_filters: hedonic_id == 361
ytransform: np.exp
coef:
  building_age: -0.007111890153789396
  building_sqft: 8.178774213446774e-06
  crime_other_rate: 2.237982336882091e-05
  crime_ucr_rate: -0.0010088345632349779
  job_spaces: -0.0011095058671487556
  jobs_within_30_min: -9.422160901296139e-07
  land_area: -1.9673592198947618e-05
  nodes_walk_ave_nonres_sqft_price: 0.007914005677578911
  nodes_walk_ave_unit_sqft: 0.00014265145321170367
  nodes_walk_hhs_with_children: 0.002024115260259646
  nodes_walk_highinc_hhs: 0.0002916793033339355
  nodes_walk_households: 3.671414693478517e-05
  nodes_walk_housing_cost: -4.416330110649848e-06
  nodes_walk_jobs: 0.00032664601128545113
  nodes_walk_lowinc_hhs: 0.00033715468706884473
  nodes_walk_medical: -0.00026045137676674116
  nodes_walk_midinc_hhs: -0.000887575846322209
  nodes_walk_node_r1500_sqft: 1.6266449377488606e-10
  nodes_walk_office: -0.00027702955589159445
  nodes_walk_race_2_hhs: 0.002654059098374952
  nodes_walk_race_4_hhs: -0.0006449565278832862
  nodes_walk_retail: -0.0039091357353110735
  nodes_walk_retail_jobs: -0.0007044537003491576
  non_residential_units: -3.2222959341335236e-16
  parcel_sqft: -4.245719684405134e-08
  parcels_ave_unit_size: 0.00046512807031712006
  parcels_pptytax: 0.0008787129303317515
  parcels_total_job_spaces: -1.743071009845288e-05
  parcels_total_sqft: 6.32111368853808e-06
  parcels_zones_employment: -0.00012684504576485826
  parcels_zones_households: 1.3864785960800495e-06
  parcels_zones_jobs_within_30_min: 9.70201934046957e-07
  parcels_zones_logsum_job_high_income: 4.377100819750247e-07
  parcels_zones_logsum_job_low_income: 1.366108146744381e-07
  parcels_zones_logsum_pop_high_income: 1.1684803389896967e-06
  parcels_zones_logsum_pop_low_income: -1.245301080067637e-07
  parcels_zones_mean_age_of_head: 0.0005343019149663006
  parcels_zones_population: -1.9928455238903567e-05
  parcels_zones_retail_jobs: -5.908947775598476e-05
  parcels_zones_transit_jobs_30min: 9.570487240954978e-06
  parcels_zones_transit_jobs_50min: -1.9991341731776823e-06
  parcels_zones_z_total_jobs: -2.677296852165516e-07
  residential_sqft: 0.0038887105132115888
  sqft_per_unit: -0.004252081308165674
  vacant_job_spaces: -0.011587506906996664
  year_built: 0.0037374078482376293
  zones_acres: -0.0003328840326720454
  zones_employment: -1.3796978161833077e-06
  zones_households: 9.023342586299293e-06
  zones_logsum_job_high_income: 1.6107011161610173e-07
  zones_logsum_job_low_income: 1.918972914683277e-07
  zones_logsum_pop_high_income: -7.34639143346374e-07
  zones_logsum_pop_low_income: -3.570241648521584e-08
  zones_mean_age_of_head: 0.00023970780869506388
  zones_population: -6.619222309761784e-08
  zones_retail_jobs: -0.0001819334367525484
  zones_transit_jobs_30min: 8.524600139995694e-06
  zones_transit_jobs_50min: -2.0332233063787926e-06
sample_size: 115
score: 0.5159314059739588
