fit_filters:
- non_residential_sqft > 0
- sqft_price_nonres > 1
- sqft_price_nonres < 650
- hedonic_id == 341
model_expression:
  left_side: np.log1p(sqft_price_nonres)
model_type: Regression
name: RegressionModel
predict_filters: hedonic_id == 341
ytransform: np.exp
coef:
  building_sqft: -7.0360150844374766e-06
  crime_other_rate: -0.00027211915434761686
  crime_ucr_rate: -0.0005054277547079932
  job_spaces: -2.421211635696863e-05
  jobs_within_30_min: 1.5495085377937932e-06
  land_area: 6.600146407485978e-06
  nodes_walk_ave_nonres_sqft_price: 0.00967540716249875
  nodes_walk_ave_unit_sqft: 2.3026536920192178e-05
  nodes_walk_hhs_with_children: -0.01028639798196616
  nodes_walk_highinc_hhs: -0.001153094796559802
  nodes_walk_housing_cost: -4.2871460693450887e-05
  nodes_walk_industrial: -0.0003948447852686141
  nodes_walk_jobs: -4.1696479643598875e-05
  nodes_walk_lowinc_hhs: 0.005661198775720914
  nodes_walk_max_retail_far: -0.04959256543391854
  nodes_walk_medical: -0.00043119770495579087
  nodes_walk_node_r1500_sqft: 8.442790814217562e-08
  nodes_walk_office: -0.0004830844752112648
  nodes_walk_population: -0.00017481511794488708
  nodes_walk_race_1_hhs: 0.0007704943740073905
  nodes_walk_residential: 0.0077549696742896445
  nodes_walk_retail: 0.0006102145049116854
  nodes_walk_retail_jobs: 0.0002563853700113891
  non_residential_units: -6.558934108646051e-20
  parcel_sqft: 2.962352045945243e-07
  parcels_ave_unit_size: 0.0007763673211487219
  parcels_landvalue: -4.3955402041815276e-07
  parcels_pptytax: 0.02588533926730606
  parcels_total_job_spaces: -8.054865929172872e-05
  parcels_total_sqft: 9.596472127477222e-07
  parcels_zones_households: -1.7650749856561383e-08
  parcels_zones_jobs_within_30_min: 4.1290187358067207e-07
  parcels_zones_logsum_job_high_income: 1.4709220278530812e-07
  parcels_zones_logsum_job_low_income: -8.792134998590395e-07
  parcels_zones_logsum_pop_high_income: 1.7791829649581121e-09
  parcels_zones_logsum_pop_low_income: -1.2869008369551292e-07
  parcels_zones_mean_age_of_head: -0.0013158532710734999
  parcels_zones_population: 0.0002520299353046289
  parcels_zones_retail_jobs: -0.0003553898859781815
  parcels_zones_transit_jobs_30min: -7.262683060999206e-05
  parcels_zones_transit_jobs_50min: 1.1159163743907413e-05
  parcels_zones_z_total_jobs: -1.4929599150335643e-05
  vacant_job_spaces: -0.0007425785312509449
  zone_mean_age_of_head: -1.9019651825622995e-16
  zones_acres: 0.00037252097796000876
  zones_employment: -1.6128799511227968e-06
  zones_households: -0.00017710301682092138
  zones_logsum_job_high_income: 5.32418850987082e-08
  zones_logsum_job_low_income: -6.443022834847781e-07
  zones_logsum_pop_high_income: 4.8050412442692164e-08
  zones_logsum_pop_low_income: 2.086280874008498e-07
  zones_mean_age_of_head: -0.000942862613964155
  zones_population: 8.075528984026123e-05
  zones_retail_jobs: -1.2716835943440815e-06
  zones_transit_jobs_30min: -5.945336762504583e-05
  zones_transit_jobs_50min: 1.1802798640359427e-05
  zones_z_total_jobs: -2.406287676037759e-07
sample_size: 78
score: 0.5653161237491108
