fit_filters:
- non_residential_sqft > 0
- sqft_price_nonres > 1
- sqft_price_nonres < 650
- hedonic_id == 16131
model_type: regression
name: RegressionModel
predict_filters: hedonic_id == 16131
target_variable: np.log1p(sqft_price_nonres)
ytransform: np.exp
fit_parameters:
  Coefficient:
    Intercept: -2.8523512262954824
    b_total_jobs: 0.00038298013048291223
    building_age: -0.0006743953413905319
    building_sqft: 1.9371656168096706e-07
    crime_other_rate: 9.15418127304505e-05
    crime_ucr_rate: -0.0002908052036285514
    job_spaces: 0.0002279588249464962
    jobs_within_30_min: 2.8836425612622113e-06
    land_area: -9.699158467279737e-07
    nodes_walk_ave_nonres_sqft_price: -0.0008933797107298973
    nodes_walk_ave_unit_sqft: -9.059813341034886e-05
    nodes_walk_housing_cost: 1.533365808351775e-07
    nodes_walk_industrial: 0.011277439726207079
    nodes_walk_jobs: 4.5769276404315284e-05
    nodes_walk_lowinc_hhs: -0.0009434497804288461
    nodes_walk_max_office_far: -0.0012049099191719565
    nodes_walk_medical: -0.0006556080344065453
    nodes_walk_midinc_hhs: 0.0005899925204859968
    nodes_walk_node_r1500_sqft: 1.1231199054173515e-08
    nodes_walk_office: 0.00013354159067868835
    nodes_walk_population: -0.0003879396547086138
    nodes_walk_retail: 0.0005111994845099629
    nodes_walk_retail_jobs: -0.0004129658630531664
    non_residential_units: 4.505122146731125e-17
    parcel_sqft: -4.588501283172943e-08
    parcels_parcel_size: 4.1694005753799396e-08
    parcels_total_sqft: -3.882735762442477e-07
    parcels_zones_jobs_within_30_min: -1.9966873930370655e-06
    year_built: 0.00286489974270091
    zone_mean_age_of_head: 3.20900533229943e-19
    zones_acres: 6.585212572728487e-06
    zones_empden: 0.002766790785976947
    zones_employment: 7.873486009898278e-05
    zones_logsum_job_high_income: -1.3762464733358869e-07
    zones_logsum_job_low_income: 5.092011494515923e-07
    zones_logsum_job_mid_income: -2.433523962289365e-07
    zones_logsum_pop_high_income: 1.8451537890377706e-07
    zones_logsum_pop_low_income: -3.8978422401246204e-07
    zones_logsum_pop_mid_income: 1.26466273283283e-07
    zones_mean_age_of_head: 0.0009859685292758266
    zones_population: 3.7422456836646706e-05
    zones_retail_jobs: 0.00021585442883707793
    zones_transit_jobs_30min: 6.897975194533676e-06
    zones_transit_jobs_50min: -1.1310460132534174e-06
  Std. Error: {}
  T-Score: {}
fit_rsquared: 0.7576713723256494
fit_rsquared_adj: 0.7576713723256494
fitted: true
model_expression:
  left_side: np.log1p(sqft_price_nonres)
  right_side:
  - year_built
  - land_area
  - building_sqft
  - job_spaces
  - non_residential_units
  - jobs_within_30_min
  - parcel_sqft
  - crime_ucr_rate
  - crime_other_rate
  - building_age
  - b_total_jobs
  - parcels_parcel_size
  - parcels_total_sqft
  - parcels_zones_jobs_within_30_min
  - zones_acres
  - zones_population
  - zones_employment
  - zones_retail_jobs
  - zones_empden
  - zones_logsum_pop_high_income
  - zones_logsum_pop_mid_income
  - zones_logsum_pop_low_income
  - zones_logsum_job_high_income
  - zones_logsum_job_mid_income
  - zones_logsum_job_low_income
  - zones_transit_jobs_50min
  - zones_transit_jobs_30min
  - zones_mean_age_of_head
  - zone_mean_age_of_head
  - nodes_walk_population
  - nodes_walk_midinc_hhs
  - nodes_walk_lowinc_hhs
  - nodes_walk_max_office_far
  - nodes_walk_jobs
  - nodes_walk_retail_jobs
  - nodes_walk_node_r1500_sqft
  - nodes_walk_ave_nonres_sqft_price
  - nodes_walk_retail
  - nodes_walk_office
  - nodes_walk_industrial
  - nodes_walk_medical
  - nodes_walk_ave_unit_sqft
  - nodes_walk_housing_cost
sample_size: 536
