fit_filters:
- non_residential_sqft > 0
- sqft_price_nonres > 1
- sqft_price_nonres < 650
- hedonic_id == 11565
model_expression:
  left_side: np.log1p(sqft_price_nonres)
model_type: Regression
name: RegressionModel
predict_filters: hedonic_id == 11565
ytransform: np.exp
coef:
  Intercept: -5.215898712412126
  building_age: -4.826492120821266e-06
  building_sqft: 6.262981336709863e-05
  crime_other_rate: 0.00013307375739146564
  jobs_within_30_min: 1.0949560127847334e-08
  land_area: -7.26238037591692e-06
  nodes_walk_ave_nonres_sqft_price: 0.009810705246931816
  nodes_walk_housing_cost: -8.851810780345804e-06
  nodes_walk_industrial: 0.00047417870500738343
  nodes_walk_jobs: 0.00033258906201239635
  nodes_walk_medical: -0.0012873086437932327
  nodes_walk_node_r1500_sqft: 1.2589640291703541e-09
  nodes_walk_office: 5.9070380889916004e-05
  nodes_walk_population: 0.000430965005842024
  nodes_walk_residential: 0.0008608906223448391
  nodes_walk_retail: -0.002134110902464883
  nodes_walk_retail_jobs: 0.0002484355048535792
  parcel_sqft: 9.159612268662356e-08
  parcels_total_sqft: -1.8190668742063757e-05
  parcels_zones_jobs_within_30_min: 3.557630157607681e-07
  vacant_job_spaces: -0.01814315002601053
  year_built: 0.0050255258332149895
  zones_acres: -5.684698181495046e-06
  zones_employment: 0.00012311494319143426
  zones_households: 0.00047442954978552815
  zones_logsum_job_high_income: -5.481271712073692e-06
  zones_logsum_job_low_income: 4.9200686247271585e-06
  zones_logsum_pop_high_income: 1.2437864410059592e-06
  zones_logsum_pop_low_income: 3.0963433712152516e-06
  zones_population: -0.0002560458872150522
  zones_retail_jobs: -5.8602290629175984e-05
  zones_transit_jobs_30min: -0.0003841277866867997
  zones_transit_jobs_50min: -8.663726530020302e-05
sample_size: 202
score: 0.6556385979631951
