fit_filters:
- non_residential_sqft > 0
- sqft_price_nonres > 1
- sqft_price_nonres < 650
- hedonic_id == 9921
model_expression:
  left_side: np.log1p(sqft_price_nonres)
model_type: Regression
name: RegressionModel
predict_filters: hedonic_id == 9921
ytransform: np.exp
coef:
  Intercept: -8.281910459978592
  b_total_jobs: 0.00012822435028609516
  building_age: -0.0009357366325723509
  building_sqft: 4.180487412087055e-06
  crime_other_rate: 3.913906151776893e-05
  crime_ucr_rate: 0.0001800924324399375
  jobs_within_30_min: 1.2503899850896829e-07
  land_area: -5.708060538208536e-06
  nodes_walk_ave_nonres_sqft_price: 0.0008618573452160235
  nodes_walk_ave_unit_sqft: -5.2388698413222994e-05
  nodes_walk_housing_cost: 2.986051453212195e-06
  nodes_walk_industrial: -9.789302895355137e-05
  nodes_walk_jobs: 0.00010216155599720894
  nodes_walk_node_r1500_sqft: -3.0581580346542353e-09
  nodes_walk_office: -3.888701895547349e-05
  nodes_walk_population: 3.956404098887239e-05
  nodes_walk_race_1_hhs: 0.00010772545304619052
  nodes_walk_retail: 0.008044082285941981
  nodes_walk_retail_jobs: 0.0003240936428403375
  parcel_sqft: 3.5812949623024395e-08
  parcels_ave_unit_size: -4.658202261038001e-05
  parcels_total_job_spaces: 0.000614733719973402
  parcels_total_sqft: -3.696305243451397e-06
  parcels_zones_employment: -9.492579499597264e-13
  parcels_zones_households: 6.77744958997612e-05
  parcels_zones_jobs_within_30_min: -1.6349444318641743e-07
  parcels_zones_logsum_job_high_income: 2.1610050646825685e-07
  parcels_zones_logsum_job_low_income: -5.1562145436533026e-08
  parcels_zones_logsum_pop_high_income: -3.762700897845012e-07
  parcels_zones_logsum_pop_low_income: 3.184367441294002e-08
  parcels_zones_population: -3.905147724541695e-05
  parcels_zones_transit_jobs_30min: -2.010150867917762e-06
  parcels_zones_transit_jobs_50min: 8.821901329534394e-07
  parcels_zones_z_total_jobs: -2.438537633386459e-10
  residential_sqft: 5.37746870415369e-06
  sqft_per_unit: 0.0004151448665830995
  year_built: 0.006141554846441307
  zones_acres: -2.9988427039444562e-05
  zones_employment: -7.027274392037e-07
  zones_households: 9.237035031356011e-05
  zones_logsum_job_high_income: 2.4185909457600963e-07
  zones_logsum_job_low_income: -6.063894673819221e-08
  zones_logsum_pop_high_income: -2.3473945536236517e-07
  zones_logsum_pop_low_income: 1.3465391596307172e-08
  zones_population: -3.303796888753155e-05
  zones_transit_jobs_30min: -2.224690776536404e-06
  zones_transit_jobs_50min: 6.962149248808344e-07
  zones_z_total_jobs: -3.875909636527711e-07
sample_size: 4192
score: 0.2995395122490845
