fit_filters:
- non_residential_sqft > 0
- sqft_price_nonres > 1
- sqft_price_nonres < 650
- hedonic_id == 551
model_expression:
  left_side: np.log1p(sqft_price_nonres)
model_type: Regression
name: RegressionModel
predict_filters: hedonic_id == 551
ytransform: np.exp
coef:
  Intercept: -9.9427651929403
  b_total_jobs: -0.000557394126116436
  building_sqft: 3.816675802250474e-06
  crime_other_rate: 6.237190153633933e-05
  crime_ucr_rate: -5.1476334976643144e-05
  jobs_within_30_min: -1.6265028188953124e-07
  land_area: -2.815943312703875e-05
  nodes_walk_ave_nonres_sqft_price: -0.005363979560322744
  nodes_walk_ave_unit_sqft: -4.396613303800027e-05
  nodes_walk_households: 1.7195136867869374e-05
  nodes_walk_housing_cost: -2.0496075405725664e-06
  nodes_walk_jobs: 7.85603123743972e-06
  nodes_walk_medical: 0.01182969090590997
  nodes_walk_midinc_hhs: 4.094732764479875e-05
  nodes_walk_node_r1500_sqft: -7.171496452327463e-08
  nodes_walk_office: 0.003777129923271334
  nodes_walk_population: -6.572313714291481e-06
  nodes_walk_race_1_hhs: 0.0005147813642310995
  nodes_walk_race_2_hhs: 0.00021595849513874514
  nodes_walk_race_3_hhs: -0.0021724155720885224
  nodes_walk_retail: 0.0024296819760950615
  parcel_sqft: 6.129622713796101e-06
  parcels_ave_unit_size: -2.2295494518563423e-05
  parcels_total_job_spaces: 0.0007541428288590316
  parcels_total_sqft: -5.621387201472546e-06
  parcels_zones_jobs_within_30_min: -8.362909054236703e-09
  residential_sqft: 1.1821390058111183e-05
  sqft_per_unit: 0.00014968976728506315
  year_built: 0.006744819191339885
  zones_acres: 0.0005110318827054284
  zones_employment: 6.11235193589121e-06
  zones_logsum_job_high_income: 1.2193631881867164e-07
  zones_logsum_job_low_income: -4.321844392829472e-08
  zones_logsum_pop_high_income: 8.104748425567573e-09
  zones_logsum_pop_low_income: -2.6650617063147972e-08
  zones_population: 3.2287541305129057e-06
  zones_retail_jobs: -0.0008101079442687482
  zones_transit_jobs_30min: 1.2995968096060495e-06
  zones_transit_jobs_50min: 7.139410308882921e-07
sample_size: 454
score: 0.44787582693077377
