fit_filters:
- non_residential_sqft > 0
- sqft_price_nonres > 1
- sqft_price_nonres < 650
- hedonic_id == 561
model_expression:
  left_side: np.log1p(sqft_price_nonres)
model_type: Regression
name: RegressionModel
predict_filters: hedonic_id == 561
ytransform: np.exp
coef:
  b_total_jobs: -0.0063377195804437715
  building_age: -0.000686860734148852
  building_sqft: 3.752516319873144e-05
  crime_other_rate: 6.336486457262966e-05
  crime_ucr_rate: 6.298942147746358e-05
  jobs_within_30_min: 7.280743519354875e-07
  land_area: -6.922808623781845e-05
  nodes_walk_ave_nonres_sqft_price: 0.007789478971517902
  nodes_walk_hhs_with_children: 0.004428445674434618
  nodes_walk_highinc_hhs: 0.0005481060073723403
  nodes_walk_housing_cost: -0.00011326086427113804
  nodes_walk_jobs: 0.000145633973243836
  nodes_walk_lowinc_hhs: 0.0014180793241551535
  nodes_walk_medical: -0.0019189653193871978
  nodes_walk_midinc_hhs: -0.0018912013740854596
  nodes_walk_node_r1500_sqft: -6.675103764590948e-07
  nodes_walk_population: -0.001031436218459715
  nodes_walk_race_1_hhs: 0.00316317798071324
  nodes_walk_race_3_hhs: -0.03501435039871638
  nodes_walk_race_4_hhs: 0.007926139424777033
  nodes_walk_residential: 0.04342609702312
  nodes_walk_retail_jobs: -0.002832304893345289
  parcel_sqft: 8.888092217248414e-07
  parcels_ave_unit_size: 0.0006229220216826881
  parcels_total_sqft: 7.442568503466638e-06
  parcels_zones_employment: -0.00023752259332142733
  parcels_zones_households: 0.0008420834323142013
  parcels_zones_jobs_within_30_min: 3.2103050245761223e-07
  parcels_zones_logsum_job_high_income: -3.599409186460881e-07
  parcels_zones_logsum_job_low_income: 1.473946024808797e-07
  parcels_zones_logsum_pop_high_income: -3.7019208990737405e-07
  parcels_zones_logsum_pop_low_income: -2.0602917094743902e-07
  parcels_zones_population: 3.259233862814428e-05
  parcels_zones_transit_jobs_30min: -1.302179223950306e-05
  parcels_zones_transit_jobs_50min: 3.3435071791862754e-06
  parcels_zones_z_total_jobs: -2.897181298017389e-06
  year_built: 0.00749048173994592
  zones_acres: -0.0030113600387061566
  zones_employment: -4.51080382376672e-07
  zones_households: 0.0001026714370897673
  zones_logsum_job_high_income: -3.697332502639956e-07
  zones_logsum_job_low_income: 1.1124182870851068e-07
  zones_logsum_pop_high_income: 4.823648914091091e-07
  zones_logsum_pop_low_income: -1.982238760946343e-07
  zones_population: 5.3261398888528304e-05
  zones_retail_jobs: 0.00043026283818868024
  zones_transit_jobs_30min: -1.2045541326992088e-05
  zones_transit_jobs_50min: 2.3089043875702035e-06
sample_size: 52
score: 0.8773621009902126
