fit_filters:
- non_residential_sqft > 0
- sqft_price_nonres > 1
- sqft_price_nonres < 650
- hedonic_id == 16113
model_expression:
  left_side: np.log1p(sqft_price_nonres)
model_type: Regression
name: RegressionModel
predict_filters: hedonic_id == 16113
ytransform: np.exp
coef:
  building_sqft: 1.1557994436892268e-05
  crime_other_rate: 0.000462862690273891
  jobs_within_30_min: 3.6981108250756256e-06
  land_area: -0.0001689867719695035
  nodes_walk_households: 0.00035043128531055936
  nodes_walk_housing_cost: -4.535531302686213e-06
  nodes_walk_jobs: -0.00020469131666268675
  nodes_walk_node_r1500_sqft: 9.924432792018841e-08
  nodes_walk_population: 0.0008815442866852086
  parcel_sqft: 1.3195120376798414e-05
  parcels_landvalue: -1.5655385866987423e-07
  parcels_total_sqft: -6.793313687091997e-05
  parcels_zones_jobs_within_30_min: -7.981098183360345e-07
  parcels_zones_logsum_job_high_income: -4.807712930779036e-07
  parcels_zones_logsum_job_low_income: -2.9421606671525206e-08
  parcels_zones_logsum_pop_high_income: -5.205025911875005e-06
  parcels_zones_logsum_pop_low_income: -5.526226943424522e-08
  parcels_zones_population: 1.966448906569512e-07
  parcels_zones_transit_jobs_30min: 5.030806157021941e-06
  parcels_zones_transit_jobs_50min: 6.874972237008443e-06
  zones_acres: 0.00018466849215140484
  zones_logsum_job_high_income: -1.5122810613016156e-06
  zones_logsum_job_low_income: -2.3656318542733677e-08
  zones_logsum_pop_high_income: 1.654702295689644e-06
  zones_logsum_pop_low_income: -2.2396203869845393e-08
  zones_transit_jobs_30min: 5.4013805492495725e-06
  zones_transit_jobs_50min: 2.01373193078735e-06
sample_size: 14
score: 0.9999785452446259
