fit_filters:
- non_residential_sqft > 0
- sqft_price_nonres > 1
- sqft_price_nonres < 650
- hedonic_id == 32
model_expression:
  left_side: np.log1p(sqft_price_nonres)
model_type: Regression
name: RegressionModel
predict_filters: hedonic_id == 32
ytransform: np.exp
coef:
  building_age: -0.0010782086600509303
  building_sqft: -1.3081042747460362e-06
  crime_other_rate: -1.542672868144045e-05
  crime_ucr_rate: -0.00017851663291052413
  job_spaces: 0.0013174598261126418
  jobs_within_30_min: -2.707951010085837e-07
  land_area: 4.428471170918679e-07
  large_area_id: 0.0010344564028972696
  nodes_walk_ave_nonres_sqft_price: 0.0018462410717477024
  nodes_walk_ave_unit_sqft: 6.985133559018248e-07
  nodes_walk_housing_cost: -1.5002337459632712e-06
  nodes_walk_industrial: 0.007680978095747346
  nodes_walk_jobs: 4.493469959501532e-05
  nodes_walk_medical: 0.0004242633827387596
  nodes_walk_node_r1500_sqft: -1.0093190432539354e-08
  nodes_walk_office: -3.313666108643958e-05
  nodes_walk_population: -0.00023057866402525012
  nodes_walk_race_1_hhs: 0.001235288426252299
  nodes_walk_race_2_hhs: -0.001275061573387256
  nodes_walk_residential: 0.0004121146892743212
  nodes_walk_retail: 0.00022633053011955503
  nodes_walk_retail_jobs: 0.0003924012270799234
  non_residential_units: 1.588605378928835e-16
  parcel_sqft: 1.1891438251047098e-07
  parcels_ave_unit_size: 8.541385927985023e-05
  parcels_total_job_spaces: 1.801931501921009e-05
  parcels_total_sqft: -3.1167733762172846e-06
  parcels_zones_employment: 1.3021747224578144e-08
  parcels_zones_households: -0.00025009360472334617
  parcels_zones_jobs_within_30_min: 2.03672612117752e-07
  parcels_zones_logsum_job_high_income: -1.0144337355494516e-08
  parcels_zones_logsum_job_low_income: 7.343887390464576e-08
  parcels_zones_logsum_pop_high_income: -4.202387116723103e-08
  parcels_zones_logsum_pop_low_income: -3.269322089787115e-08
  parcels_zones_population: 7.885348526519279e-05
  parcels_zones_retail_jobs: -0.0002203839241684656
  parcels_zones_transit_jobs_30min: 1.0380267931811403e-06
  parcels_zones_transit_jobs_50min: 6.002032623278907e-07
  parcels_zones_z_total_jobs: 4.4253822680442105e-06
  vacant_job_spaces: 0.0013570642147565657
  year_built: 0.006020318662291774
  zones_acres: -1.4035228139693716e-05
  zones_employment: 9.089329701555741e-07
  zones_households: -0.00020397109246613954
  zones_logsum_job_high_income: -2.069158297217712e-09
  zones_logsum_job_low_income: 6.305392420413033e-08
  zones_logsum_pop_high_income: -3.465782426604196e-09
  zones_logsum_pop_low_income: -6.076056349617141e-08
  zones_population: 7.661410992652597e-05
  zones_retail_jobs: -1.0853449079803464e-05
  zones_transit_jobs_30min: 1.22821299115366e-07
  zones_transit_jobs_50min: 5.975648819487388e-08
  zones_z_total_jobs: 2.090766500283454e-09
sample_size: 179
score: 0.712783128943959
