fit_filters:
- non_residential_sqft > 0
- sqft_price_nonres > 1
- sqft_price_nonres < 650
- hedonic_id == 14751
model_expression:
  left_side: np.log1p(sqft_price_nonres)
model_type: Regression
name: RegressionModel
predict_filters: hedonic_id == 14751
ytransform: np.exp
coef:
  Intercept: -1.1590877647003746
  building_sqft: 9.591085752705824e-05
  crime_other_rate: 0.0001754154554775036
  jobs_within_30_min: -6.937009651621866e-06
  land_area: -1.0777769402550838e-05
  nodes_walk_households: -0.002413606782175867
  nodes_walk_housing_cost: 8.755625672227552e-06
  nodes_walk_industrial: -7.75686021639333e-05
  nodes_walk_jobs: 7.456936876918237e-05
  nodes_walk_medical: 0.006384390063896229
  nodes_walk_midinc_hhs: -0.0012775793573596465
  nodes_walk_node_r1500_sqft: 1.1715580113575163e-08
  nodes_walk_population: 0.002180578552591973
  nodes_walk_race_1_hhs: -0.0025052496500692096
  nodes_walk_retail_jobs: 0.00111861720578446
  parcel_sqft: 4.572747311118625e-06
  parcels_ave_unit_size: -5.1120459360694656e-05
  parcels_total_job_spaces: -0.0057265624876026155
  parcels_total_sqft: -9.992846912879592e-05
  parcels_zones_households: 2.2338679194879306e-05
  parcels_zones_jobs_within_30_min: -2.5694221674737315e-06
  parcels_zones_logsum_job_high_income: -2.400861580454494e-07
  parcels_zones_logsum_job_low_income: -4.307869921085409e-06
  parcels_zones_logsum_pop_high_income: 4.970167232697305e-07
  parcels_zones_logsum_pop_low_income: 2.2424346284536007e-06
  parcels_zones_population: -0.00017505212165158502
  parcels_zones_retail_jobs: -0.00026060307291849236
  parcels_zones_transit_jobs_30min: 2.4307558771097876e-05
  parcels_zones_transit_jobs_50min: -1.2467608280629746e-06
  vacant_job_spaces: -0.006945481935635719
  year_built: 0.002503310572123712
  zones_acres: -1.3363546809188614e-05
  zones_employment: -1.2206637296033266e-07
  zones_households: 0.00024076203664600258
  zones_logsum_job_high_income: -2.2019499413713993e-07
  zones_logsum_job_low_income: -4.243432510290872e-06
  zones_logsum_pop_high_income: 1.5348249287642683e-07
  zones_logsum_pop_low_income: 2.183136501226705e-06
  zones_population: -3.279568352844156e-05
  zones_retail_jobs: -8.194398553465087e-05
  zones_transit_jobs_30min: 1.528490371037429e-05
  zones_transit_jobs_50min: -1.6971435037293593e-06
  zones_z_total_jobs: -8.245907388681728e-06
sample_size: 154
score: 0.6356504715253123
