fit_filters:
- non_residential_sqft > 0
- sqft_price_nonres > 1
- sqft_price_nonres < 650
- hedonic_id == 42
model_expression:
  left_side: np.log1p(sqft_price_nonres)
model_type: Regression
name: RegressionModel
predict_filters: hedonic_id == 42
ytransform: np.exp
coef:
  Intercept: 3.482433854783354
  b_total_jobs: 0.0020060985507088223
  building_age: -0.002210185843766731
  building_sqft: -3.9595734087286095e-06
  crime_other_rate: 1.9435982306353178e-05
  crime_ucr_rate: -0.00036541212759765804
  job_spaces: 0.0024834581923496627
  jobs_non_home_based: 4.552675483480672e-16
  jobs_within_30_min: -4.5120180903821264e-07
  land_area: -1.871958720571364e-06
  nodes_walk_ave_nonres_sqft_price: 0.01249042081538017
  nodes_walk_ave_unit_sqft: 4.565572315175073e-05
  nodes_walk_hhs_with_children: -0.004484830977214164
  nodes_walk_highinc_hhs: 0.0028442091492703265
  nodes_walk_housing_cost: -2.7117426290074308e-06
  nodes_walk_industrial: -0.004709459433433579
  nodes_walk_jobs: -0.00012142715842213083
  nodes_walk_medical: 0.0003330792524658223
  nodes_walk_midinc_hhs: -0.002417900980695832
  nodes_walk_node_r1500_sqft: 2.2490780246896203e-08
  nodes_walk_office: -0.0006377761989146724
  nodes_walk_population: 0.0015878919946479893
  nodes_walk_race_1_hhs: -0.0014048383911741704
  nodes_walk_race_2_hhs: 0.0016373127994393866
  nodes_walk_residential: -0.00017892936164109712
  nodes_walk_retail: -0.0028331026143263716
  parcel_sqft: -7.061869720122103e-07
  parcels_ave_unit_size: 2.6881659226000057e-05
  parcels_total_job_spaces: -0.0036681845269742833
  parcels_total_sqft: 7.519611990639297e-06
  parcels_zones_households: 0.00015683050923087164
  parcels_zones_jobs_within_30_min: 3.765957335503871e-07
  parcels_zones_logsum_job_high_income: 7.325640662037257e-07
  parcels_zones_logsum_job_low_income: -8.815955477359232e-08
  parcels_zones_logsum_pop_high_income: -5.226430717776499e-07
  parcels_zones_logsum_pop_low_income: 8.990603926087642e-09
  parcels_zones_mean_age_of_head: 0.00961826732456732
  parcels_zones_popden: -0.009341611058838604
  parcels_zones_population: -0.0001380898607772726
  parcels_zones_retail_jobs: 0.00012018023008740363
  parcels_zones_transit_jobs_30min: 1.7680861149767932e-06
  parcels_zones_transit_jobs_50min: -7.439340942615529e-07
  residential_sqft: 2.520244133121732e-05
  school_district_achievement: -9.150277477952444e-05
  zone_mean_age_of_head: 1.946471708575142e-16
  zones_acres: 1.2040085190933423e-05
  zones_employment: 1.1321878940842936e-05
  zones_households: 0.0002892475971728745
  zones_logsum_job_high_income: 6.948843095715103e-07
  zones_logsum_job_low_income: -8.162212521595839e-08
  zones_logsum_pop_high_income: -5.284143157829355e-07
  zones_logsum_pop_low_income: 4.0544109611671026e-08
  zones_mean_age_of_head: 0.0024011907601292955
  zones_population: -0.00012152535772273526
  zones_retail_jobs: 0.0009937091220243541
  zones_transit_jobs_30min: 3.3138173784446877e-06
  zones_transit_jobs_50min: 1.3507243450661706e-06
  zones_z_total_jobs: 2.711756192591227e-05
sample_size: 106
score: 0.8061411037354447
