fit_filters:
- non_residential_sqft > 0
- sqft_price_nonres > 1
- sqft_price_nonres < 650
- hedonic_id == 16123
model_expression:
  left_side: np.log1p(sqft_price_nonres)
model_type: Regression
name: RegressionModel
predict_filters: hedonic_id == 16123
ytransform: np.exp
coef:
  Intercept: 1.748271147951872
  b_total_jobs: 8.563237902961119e-05
  building_age: -0.0006278965584282375
  building_sqft: 4.5760231142847833e-07
  crime_other_rate: 5.866742881741058e-05
  crime_ucr_rate: 9.650523071492938e-05
  jobs_within_30_min: 1.2939274382380918e-07
  land_area: -2.6089037424714936e-06
  nodes_walk_ave_unit_sqft: 3.461540917361246e-06
  nodes_walk_highinc_hhs: -0.0013515205857930548
  nodes_walk_households: -0.0006039234479739145
  nodes_walk_housing_cost: 1.6470224037858968e-06
  nodes_walk_industrial: -0.0014643913186947305
  nodes_walk_jobs: 0.0001299759083346713
  nodes_walk_lowinc_hhs: -0.0009982548648631722
  nodes_walk_midinc_hhs: 0.0007766389839949292
  nodes_walk_node_r1500_sqft: 1.2343115244498617e-08
  nodes_walk_office: 0.008486975563032625
  nodes_walk_population: 0.0003981908627200309
  nodes_walk_race_3_hhs: -0.00011722133458242127
  nodes_walk_retail: -0.00010253266778127388
  nodes_walk_retail_jobs: -0.0008020217001452895
  parcel_sqft: 5.808841484930339e-09
  parcels_total_sqft: -6.302945238325126e-07
  parcels_zones_employment: 7.255132508859026e-05
  parcels_zones_households: -7.943416837543606e-05
  parcels_zones_jobs_within_30_min: -2.1865129972585744e-07
  parcels_zones_logsum_job_high_income: -3.960448537582994e-08
  parcels_zones_logsum_job_low_income: 3.275216873207959e-08
  parcels_zones_logsum_pop_high_income: -9.334342130906362e-08
  parcels_zones_logsum_pop_low_income: -8.938303434131409e-08
  parcels_zones_population: 2.630073922263769e-05
  parcels_zones_retail_jobs: 0.00026004255486160603
  parcels_zones_transit_jobs_30min: -1.548762715151888e-06
  parcels_zones_transit_jobs_50min: 1.280863986099887e-06
  parcels_zones_z_total_jobs: 3.5880995078672254e-06
  residential_sqft: -5.503607894416374e-05
  sqft_per_unit: 0.00024202944077596954
  vacant_job_spaces: -0.0008231565958060463
  year_built: 0.0008794114946657179
  zones_acres: -3.527672558225525e-05
  zones_employment: 1.4142503010886148e-07
  zones_households: -9.109476547889551e-05
  zones_logsum_job_high_income: -3.8273064045875174e-08
  zones_logsum_job_low_income: 3.226759934355448e-08
  zones_logsum_pop_high_income: -8.404104110254317e-09
  zones_logsum_pop_low_income: -6.690520608848646e-08
  zones_population: 4.1489354277709364e-05
  zones_retail_jobs: 3.295445765262901e-06
  zones_transit_jobs_30min: -1.1034321180441062e-06
  zones_transit_jobs_50min: 8.000268249207908e-07
  zones_z_total_jobs: 4.091575689216608e-07
sample_size: 1107
score: 0.5321535129982602
