fit_filters:
- non_residential_sqft > 0
- sqft_price_nonres > 1
- sqft_price_nonres < 650
- hedonic_id == 9363
model_expression:
  left_side: np.log1p(sqft_price_nonres)
model_type: Regression
name: RegressionModel
predict_filters: hedonic_id == 9363
ytransform: np.exp
coef:
  building_sqft: -6.0677478063428656e-05
  crime_other_rate: -0.0008090967197304727
  jobs_within_30_min: -6.772933407134282e-06
  land_area: -9.52327245624976e-05
  nodes_walk_ave_unit_sqft: -0.0024487298271764235
  nodes_walk_housing_cost: 2.7615394478805496e-05
  nodes_walk_jobs: 0.0022787944252187
  nodes_walk_node_r1500_sqft: -3.175906058092111e-07
  nodes_walk_office: 0.0012485086837969448
  nodes_walk_population: -0.009235524693907407
  parcel_sqft: -4.436904501806947e-06
  parcels_ave_unit_size: -0.0008564002547671748
  parcels_total_sqft: 7.2230804849775746e-06
  parcels_zones_employment: 0.00024255906085029412
  parcels_zones_jobs_within_30_min: 1.5341579866677253e-06
  parcels_zones_logsum_job_high_income: -2.97308466315959e-06
  parcels_zones_logsum_job_low_income: 1.0336518565165144e-05
  parcels_zones_logsum_pop_high_income: 5.139878010895387e-06
  parcels_zones_logsum_pop_low_income: 6.7206903143789355e-06
  parcels_zones_population: -0.00012299079998147406
  parcels_zones_retail_jobs: -0.0002484364343433102
  parcels_zones_z_total_jobs: -3.0208528231642593e-05
  zones_acres: 0.00024285347889666477
  zones_employment: -4.720272252127824e-06
  zones_logsum_job_high_income: -2.7078774380159645e-06
  zones_logsum_job_low_income: 9.435107642932144e-06
  zones_logsum_pop_high_income: -3.54771164010541e-07
  zones_logsum_pop_low_income: 6.141605011076751e-06
  zones_population: -0.00018102493277616426
  zones_retail_jobs: -1.8656284824125232e-05
sample_size: 13
score: 0.9187367325727654
