fit_filters:
- non_residential_sqft > 0
- sqft_price_nonres > 1
- sqft_price_nonres < 650
- hedonic_id == 52
model_expression:
  left_side: np.log1p(sqft_price_nonres)
model_type: Regression
name: RegressionModel
predict_filters: hedonic_id == 52
ytransform: np.exp
coef:
  Intercept: 3.0877962370462364
  building_sqft: 4.509952377735942e-06
  crime_other_rate: 0.00010699857541634583
  crime_ucr_rate: 0.0009836051699948125
  job_spaces: -0.0010121576810854641
  jobs_within_30_min: -3.3071549582406367e-06
  land_area: 9.458871902933463e-08
  nodes_walk_ave_unit_sqft: 7.781316391791305e-06
  nodes_walk_households: 0.0002365750650779892
  nodes_walk_housing_cost: -1.3260091927832085e-05
  nodes_walk_industrial: 0.0016475880155801363
  nodes_walk_jobs: 0.0008186906819412529
  nodes_walk_medical: 0.005307403481534857
  nodes_walk_node_r1500_sqft: -1.743925928527962e-07
  nodes_walk_population: 0.0009616141740886904
  nodes_walk_race_2_hhs: 0.0006443220498929536
  non_residential_units: -1.3191383440007925e-16
  parcel_sqft: 5.325626809327636e-07
  parcels_ave_unit_size: 0.0004478306212412961
  parcels_total_job_spaces: -0.000483660115387051
  parcels_total_sqft: -3.945447502150064e-06
  parcels_zones_employment: -2.9774191759378948e-05
  parcels_zones_households: -0.0007338291772898837
  parcels_zones_jobs_within_30_min: 2.9319665757585346e-06
  parcels_zones_logsum_job_high_income: -3.66631236797959e-07
  parcels_zones_logsum_job_low_income: 2.8194548755517323e-07
  parcels_zones_logsum_pop_high_income: 8.458081190322554e-07
  parcels_zones_logsum_pop_low_income: -1.3045809742521975e-06
  parcels_zones_population: 0.00017887847123052586
  parcels_zones_retail_jobs: 0.0008383511950228688
  parcels_zones_transit_jobs_30min: 1.941523404953773e-05
  parcels_zones_transit_jobs_50min: -5.918780976697145e-06
  vacant_job_spaces: -0.0007573263455240643
  zones_acres: 0.0006942523713503225
  zones_employment: -4.5349839076797513e-05
  zones_households: -0.0006135063642765075
  zones_logsum_job_high_income: -4.099696501260322e-07
  zones_logsum_job_low_income: 3.8083361350162104e-07
  zones_logsum_pop_high_income: 7.890147588870624e-07
  zones_logsum_pop_low_income: -1.0437718422252114e-06
  zones_population: 0.00019239277197328952
  zones_retail_jobs: 8.048283768399954e-05
  zones_transit_jobs_30min: 1.5666964182375856e-05
  zones_transit_jobs_50min: -5.211189189039773e-06
sample_size: 45
score: 0.9400438840096436
