fit_filters:
- non_residential_sqft > 0
- sqft_price_nonres > 1
- sqft_price_nonres < 650
- hedonic_id == 16161
model_expression:
  left_side: np.log1p(sqft_price_nonres)
model_type: Regression
name: RegressionModel
predict_filters: hedonic_id == 16161
ytransform: np.exp
coef:
  building_sqft: -0.0001135733620490947
  crime_other_rate: 0.0009343198250536817
  crime_ucr_rate: -0.003243210878544311
  job_spaces: 0.0016685418867320102
  jobs_within_30_min: -4.070610432777285e-06
  land_area: 0.00011055875159758818
  nodes_walk_ave_nonres_sqft_price: 0.0018157320419162463
  nodes_walk_ave_unit_sqft: 5.1604144116609755e-05
  nodes_walk_hhs_with_children: 0.0121221627043508
  nodes_walk_highinc_hhs: -0.01361866556418463
  nodes_walk_households: -0.0031630315967475773
  nodes_walk_housing_cost: 1.4625694072465496e-05
  nodes_walk_jobs: 0.0003737842855953982
  nodes_walk_medical: 0.0003973171102963769
  nodes_walk_node_r1500_sqft: -2.525436227623707e-08
  nodes_walk_office: 0.0021378172383401052
  nodes_walk_population: 0.0021087109607925763
  nodes_walk_race_1_hhs: -0.0012121410357331954
  nodes_walk_race_2_hhs: 0.0028209571380543585
  nodes_walk_residential: -0.005140144619399836
  nodes_walk_retail: 0.0021176880052536933
  nodes_walk_retail_jobs: 0.0003295255947417793
  non_residential_units: 1.2597287748105265e-16
  parcel_sqft: 7.641361297788348e-08
  parcels_total_job_spaces: 0.0058311618208389485
  parcels_total_sqft: -4.772883724515647e-06
  parcels_zones_employment: 1.8299221257349213e-05
  parcels_zones_jobs_within_30_min: -5.411942874906753e-07
  parcels_zones_logsum_job_high_income: -1.3712273149792532e-06
  parcels_zones_logsum_job_low_income: -4.555692705698769e-07
  parcels_zones_logsum_pop_high_income: 2.213652533772651e-06
  parcels_zones_logsum_pop_low_income: 5.281539296419783e-07
  parcels_zones_population: 0.0001625211227619096
  parcels_zones_retail_jobs: -0.0008102176095939258
  parcels_zones_transit_jobs_30min: 1.4608167514421274e-06
  parcels_zones_transit_jobs_50min: 2.6355153626966342e-06
  parcels_zones_z_total_jobs: 2.181023053447896e-05
  school_district_achievement: -0.004390753329141411
  sqft_per_unit: -4.7205077464607624e-05
  zones_acres: 0.00010199512419760712
  zones_households: -0.00013630630882471455
  zones_logsum_job_high_income: -1.3502229905122658e-06
  zones_logsum_job_low_income: -4.4879004281280406e-07
  zones_logsum_pop_high_income: 1.8274933559524388e-06
  zones_logsum_pop_low_income: 4.424190993439113e-07
  zones_population: 8.875587347317428e-05
  zones_retail_jobs: -0.0006348754979789588
  zones_transit_jobs_30min: 1.2572683996539256e-06
  zones_transit_jobs_50min: 2.141846087880586e-06
  zones_z_total_jobs: 3.808501346517642e-05
sample_size: 42
score: 0.9063399428506183
