fit_filters:
- non_residential_sqft > 0
- sqft_price_nonres > 1
- sqft_price_nonres < 650
- hedonic_id == 12565
model_expression:
  left_side: np.log1p(sqft_price_nonres)
model_type: Regression
name: RegressionModel
predict_filters: hedonic_id == 12565
ytransform: np.exp
coef:
  b_total_jobs: 0.0003425996097976355
  building_age: -0.0001208820443063408
  building_sqft: -4.150008537584248e-05
  crime_other_rate: 3.808979690489112e-05
  crime_ucr_rate: -7.138755385380059e-05
  jobs_non_home_based: 6.2370030868018144e-18
  jobs_within_30_min: 7.657027436476562e-08
  land_area: 2.205030553792068e-05
  nodes_walk_ave_nonres_sqft_price: 0.007537497439647755
  nodes_walk_ave_unit_sqft: -5.409796573530035e-05
  nodes_walk_highinc_hhs: 0.0007392161109745628
  nodes_walk_housing_cost: 1.2930792410521088e-06
  nodes_walk_industrial: 0.0007879373881584796
  nodes_walk_jobs: -1.0629042877081329e-05
  nodes_walk_midinc_hhs: -0.00028858285410167703
  nodes_walk_node_r1500_sqft: 9.546254259517445e-09
  nodes_walk_office: 0.0001485889458017034
  nodes_walk_population: -9.319805532747101e-05
  nodes_walk_race_2_hhs: 0.00025447895121923796
  nodes_walk_retail_jobs: 0.00019047052364129313
  parcel_sqft: -1.0903858126738673e-07
  parcels_ave_unit_size: -2.4082442834602847e-05
  parcels_parcel_size: -2.897754346372165e-07
  parcels_pct_undev: -0.0012513285810998628
  parcels_total_job_spaces: 0.0016040407084130224
  parcels_total_sqft: -6.4018055402033544e-06
  parcels_zones_employment: -9.738098844602776e-06
  parcels_zones_households: 9.104562758244283e-05
  parcels_zones_jobs_within_30_min: -2.632548894796955e-08
  parcels_zones_logsum_job_high_income: 3.481225143874425e-07
  parcels_zones_logsum_job_low_income: -2.521347417229122e-07
  parcels_zones_logsum_pop_high_income: -2.900074963267227e-07
  parcels_zones_logsum_pop_low_income: 2.914541594172386e-07
  parcels_zones_population: -5.2032254104309364e-05
  parcels_zones_retail_jobs: -3.8287216243997745e-13
  parcels_zones_transit_jobs_30min: -2.8100097849006337e-06
  parcels_zones_transit_jobs_50min: 5.433383739044794e-07
  parcels_zones_z_total_jobs: -1.1501477190915439e-10
  vacant_job_spaces: -0.0005703475203577283
  year_built: 0.005554008059442348
  zones_acres: -5.653146177884735e-05
  zones_employment: -4.53569342769959e-06
  zones_households: 0.00012028727235863124
  zones_logsum_job_high_income: 3.968641946116768e-07
  zones_logsum_job_low_income: -2.659812953427565e-07
  zones_logsum_pop_high_income: -3.751921002834111e-07
  zones_logsum_pop_low_income: 2.321777554612463e-07
  zones_population: -4.2300663637638785e-05
  zones_retail_jobs: -2.0925253887986878e-05
  zones_transit_jobs_30min: -6.674230352676268e-07
  zones_transit_jobs_50min: 3.3114902371871016e-07
  zones_z_total_jobs: -3.664174876227668e-08
sample_size: 1189
score: 0.3784430657980521
