fit_filters:
- non_residential_sqft > 0
- sqft_price_nonres > 1
- sqft_price_nonres < 650
- hedonic_id == 14733
model_expression:
  left_side: np.log1p(sqft_price_nonres)
model_type: Regression
name: RegressionModel
predict_filters: hedonic_id == 14733
ytransform: np.exp
coef:
  Intercept: -3.748158848156931
  building_age: -0.0006404327772020236
  building_sqft: -1.503146632420711e-05
  crime_other_rate: 9.560214210066864e-05
  crime_ucr_rate: -0.0008234451066501832
  jobs_within_30_min: -4.115768387541803e-06
  land_area: 1.800135816180738e-05
  nodes_walk_ave_nonres_sqft_price: 0.008617072510037618
  nodes_walk_ave_unit_sqft: -1.6591582206387367e-05
  nodes_walk_hhs_with_children: 0.0009312913640566125
  nodes_walk_housing_cost: -1.939285927678846e-07
  nodes_walk_industrial: 0.006881592014803807
  nodes_walk_jobs: 0.0006611089035706395
  nodes_walk_medical: -0.001164509912462903
  nodes_walk_node_r1500_sqft: -1.4713531231806883e-08
  nodes_walk_office: -0.0006897758965164321
  nodes_walk_population: 0.00028817437668997276
  nodes_walk_retail_jobs: -0.003478359563358999
  parcel_sqft: 1.439027707125121e-07
  parcels_ave_unit_size: -3.9959999472898495e-05
  parcels_total_job_spaces: 0.0037471817667655834
  parcels_total_sqft: -6.024084305950936e-06
  parcels_zones_jobs_within_30_min: 9.54711573174891e-07
  year_built: 0.0034205002008711504
  zones_acres: 6.327884451039014e-06
  zones_employment: 8.682944376518517e-05
  zones_households: -0.0009123338848558959
  zones_logsum_job_high_income: 1.3887991343259696e-06
  zones_logsum_job_low_income: 9.637311324145059e-06
  zones_logsum_pop_high_income: -3.642770683319805e-07
  zones_logsum_pop_low_income: -4.849811548241803e-06
  zones_population: 0.00031313061897037935
  zones_retail_jobs: 0.0004077664254116449
  zones_transit_jobs_30min: -2.7069501565233344e-05
  zones_transit_jobs_50min: -2.6654318289326376e-05
  zones_z_total_jobs: 1.3543190835993558e-06
sample_size: 404
score: 0.49432756131184397
