fit_filters:
- non_residential_sqft > 0
- sqft_price_nonres > 1
- sqft_price_nonres < 650
- hedonic_id == 9923
model_type: regression
name: RegressionModel
predict_filters: hedonic_id == 9923
target_variable: np.log1p(sqft_price_nonres)
ytransform: np.exp
fit_parameters:
  Coefficient:
    Intercept: -1.3981660576366712
    b_total_jobs: 0.0012752788250072829
    building_age: -0.0008241780659161408
    building_sqft: -6.501657024003074e-07
    crime_other_rate: 3.376438034107547e-05
    crime_ucr_rate: 0.00014424585289421143
    jobs_non_home_based: 1.0236639667464903e-18
    jobs_within_30_min: 1.1070417156216588e-07
    land_area: -2.9437883383083754e-06
    nodes_walk_ave_nonres_sqft_price: 0.0018065126093780208
    nodes_walk_housing_cost: -3.7125274538266063e-06
    nodes_walk_jobs: 2.6842013421390777e-05
    nodes_walk_medical: 0.00032751195899638865
    nodes_walk_node_r1500_sqft: 4.937300701407136e-09
    nodes_walk_office: 0.00829147247329475
    nodes_walk_race_1_hhs: 0.00012267353692117203
    nodes_walk_race_2_hhs: -0.0005144102953640492
    nodes_walk_residential: 0.0007942988175198102
    nodes_walk_retail_jobs: 0.0003089705057618358
    parcel_sqft: 1.1912619386524971e-06
    parcels_parcel_size: -1.4241380689259947e-06
    parcels_total_job_spaces: -0.0017144907003502502
    parcels_total_sqft: 9.071175705033305e-07
    parcels_zones_jobs_within_30_min: -1.1661964975960937e-07
    residential_sqft: 4.831041576781477e-05
    sqft_per_unit: 0.0006457962151432533
    year_built: 0.0024418113022528407
    zones_acres: -6.897996594621002e-06
    zones_employment: -3.942883528978716e-05
    zones_households: -4.130217466680956e-06
    zones_logsum_job_high_income: 1.12126691504416e-07
    zones_logsum_job_low_income: 3.9199370878052155e-07
    zones_logsum_job_mid_income: -7.172531816693036e-08
    zones_logsum_pop_high_income: -7.101660192520547e-08
    zones_logsum_pop_low_income: -4.6191036674226115e-07
    zones_logsum_pop_mid_income: 1.0561450336278288e-07
    zones_population: 1.7646560923480773e-05
    zones_retail_jobs: -4.191076793326335e-05
    zones_transit_jobs_30min: 7.159361864917543e-06
    zones_transit_jobs_50min: -3.4773816584808976e-08
    zones_z_total_jobs: -2.810373498135037e-06
fit_rsquared: 0.3982905587925275
fitted: true
sample_size: 1850
