fit_filters:
- non_residential_sqft > 0
- sqft_price_nonres > 1
- sqft_price_nonres < 650
- hedonic_id == 9923
model_expression:
  left_side: np.log1p(sqft_price_nonres)
model_type: Regression
name: RegressionModel
predict_filters: hedonic_id == 9923
ytransform: np.exp
coef:
  b_total_jobs: 0.00010875200111357221
  building_age: -0.0028217932420566303
  building_sqft: -9.101171178521453e-06
  crime_other_rate: 5.430195965362604e-05
  crime_ucr_rate: 1.2530798518405658e-05
  jobs_non_home_based: 2.811644485728621e-20
  land_area: -9.296822195419733e-06
  nodes_walk_ave_nonres_sqft_price: 0.001216402896296529
  nodes_walk_ave_unit_sqft: -2.0766631867788212e-05
  nodes_walk_housing_cost: 2.018506483348966e-06
  nodes_walk_jobs: 7.008366993908237e-05
  nodes_walk_medical: 0.00019401598683544614
  nodes_walk_node_r1500_sqft: 4.441079881021854e-09
  nodes_walk_office: 0.006353998563590828
  nodes_walk_population: -1.497295011288475e-06
  nodes_walk_race_1_hhs: 0.00011300983579059795
  nodes_walk_race_2_hhs: -0.00016607403129858693
  nodes_walk_retail: 0.00025742422236802104
  nodes_walk_retail_jobs: 0.000356484325483544
  parcel_sqft: 8.449185662666943e-08
  parcels_ave_unit_size: -3.6339354214836254e-06
  parcels_total_sqft: 1.0094924758830415e-05
  parcels_zones_employment: -1.338426511017909e-05
  parcels_zones_households: 1.5738396917826224e-05
  parcels_zones_jobs_within_30_min: -8.984722793343475e-08
  parcels_zones_logsum_job_high_income: -2.9116269353707827e-08
  parcels_zones_logsum_job_low_income: 1.2115106570799407e-07
  parcels_zones_logsum_pop_high_income: 2.014805252153962e-08
  parcels_zones_logsum_pop_low_income: -2.3379262166078238e-07
  parcels_zones_population: 1.6946474964006821e-06
  parcels_zones_retail_jobs: 0.00010191712731369131
  parcels_zones_transit_jobs_30min: 2.623331305206598e-06
  parcels_zones_transit_jobs_50min: 8.857716812621589e-08
  parcels_zones_z_total_jobs: -6.669905797532743e-06
  residential_sqft: 6.551795066570717e-05
  sqft_per_unit: 0.0005777868100925671
  vacant_job_spaces: -0.0009652181287002356
  year_built: 0.0024199927752783985
  zones_acres: -1.571095962487424e-05
  zones_employment: -1.183812874767311e-06
  zones_households: 1.289509741458198e-05
  zones_logsum_job_high_income: -9.978185525789681e-08
  zones_logsum_job_low_income: 1.4020161993452006e-07
  zones_logsum_pop_high_income: 1.1394369543691521e-07
  zones_logsum_pop_low_income: -1.72878382474194e-07
  zones_population: 1.2581189568058483e-08
  zones_retail_jobs: 4.218174431841302e-05
  zones_transit_jobs_30min: 8.809749466184183e-07
  zones_transit_jobs_50min: 1.6441278493544887e-08
  zones_z_total_jobs: -2.9928739723337367e-06
sample_size: 1519
score: 0.3938905786402306
