fit_filters:
- non_residential_sqft > 0
- sqft_price_nonres > 1
- sqft_price_nonres < 650
- hedonic_id == 94
model_expression:
  left_side: np.log1p(sqft_price_nonres)
model_type: Regression
name: RegressionModel
predict_filters: hedonic_id == 94
ytransform: np.exp
coef:
  Intercept: -2.193880984333587
  b_total_jobs: 0.0019573691743436255
  building_age: -0.0005418531610979862
  building_sqft: 2.467309975949246e-05
  crime_other_rate: 4.939844415273394e-05
  crime_ucr_rate: -0.00015035007623336093
  jobs_non_home_based: 1.2695317800644037e-18
  jobs_within_30_min: -3.055621157809021e-07
  land_area: 2.776640543278004e-06
  nodes_walk_ave_nonres_sqft_price: 0.0013153124718231774
  nodes_walk_ave_unit_sqft: -4.2918480903411394e-07
  nodes_walk_highinc_hhs: -0.0009458638222129292
  nodes_walk_housing_cost: 3.570025503748465e-06
  nodes_walk_industrial: 0.0003657786125122895
  nodes_walk_jobs: 0.00013127785346484462
  nodes_walk_medical: 0.00069599867958856
  nodes_walk_node_r1500_sqft: 1.3858999095724547e-08
  nodes_walk_office: -0.00023051783482759314
  nodes_walk_population: 0.00021764567716961027
  nodes_walk_race_2_hhs: 0.0005100544428876404
  nodes_walk_race_3_hhs: -0.00116745585562937
  nodes_walk_race_4_hhs: -0.0024422309851567597
  nodes_walk_retail: 0.0053510883098302165
  nodes_walk_retail_jobs: 8.899484116514941e-05
  parcel_sqft: -2.0251470354674398e-07
  parcels_ave_unit_size: -0.00018682808882433433
  parcels_pptytax: -0.0027817472786906563
  parcels_total_sqft: -2.785186759847014e-05
  parcels_zones_employment: -1.639384331920497e-06
  parcels_zones_households: 8.575891201196373e-05
  parcels_zones_jobs_within_30_min: 7.65054922411994e-08
  parcels_zones_logsum_job_high_income: -5.875995105734181e-08
  parcels_zones_logsum_job_low_income: -2.0484580950690053e-08
  parcels_zones_logsum_pop_high_income: 9.127659609665193e-08
  parcels_zones_logsum_pop_low_income: -9.08818734337395e-08
  parcels_zones_population: -4.695075285810823e-05
  parcels_zones_retail_jobs: 0.00037864220880107284
  parcels_zones_transit_jobs_30min: -4.1853266288426375e-08
  parcels_zones_transit_jobs_50min: 9.094778537763592e-07
  parcels_zones_z_total_jobs: -2.687377409527517e-05
  residential_sqft: 3.1076231455393763e-06
  sqft_per_unit: 0.00022199098686503273
  year_built: 0.0031544640202414835
  zones_acres: 2.557820920249538e-05
  zones_households: 7.301230275676157e-05
  zones_logsum_job_high_income: -6.226721219205044e-08
  zones_logsum_job_low_income: -2.221899856524978e-08
  zones_logsum_pop_high_income: 8.093509405731063e-08
  zones_logsum_pop_low_income: -8.474594128009126e-09
  zones_population: -3.75674941828086e-05
  zones_retail_jobs: 2.0676218308216953e-05
  zones_transit_jobs_50min: 6.441828939578603e-07
  zones_z_total_jobs: -6.046669897739918e-06
sample_size: 236
score: 0.5998181694692751
