fit_filters:
- non_residential_sqft > 0
- sqft_price_nonres > 1
- sqft_price_nonres < 650
- hedonic_id == 9323
model_expression:
  left_side: np.log1p(sqft_price_nonres)
model_type: Regression
name: RegressionModel
predict_filters: hedonic_id == 9323
ytransform: np.exp
coef:
  building_age: -0.0009008413034375317
  building_sqft: 9.262910937860756e-06
  crime_other_rate: 0.00010545534023961701
  jobs_within_30_min: -9.68450873190821e-07
  land_area: -1.1782937824878326e-05
  nodes_walk_ave_nonres_sqft_price: 0.00023581684676808536
  nodes_walk_ave_unit_sqft: 3.845164656447222e-05
  nodes_walk_housing_cost: -1.006756579889247e-06
  nodes_walk_industrial: -0.00017547532143924707
  nodes_walk_jobs: 4.374078778997002e-05
  nodes_walk_medical: 0.0005120316371024287
  nodes_walk_node_r1500_sqft: -7.085205527164035e-09
  nodes_walk_office: 0.008375577320455163
  nodes_walk_population: -0.0001724536639545554
  nodes_walk_retail: 9.218325792893488e-05
  nodes_walk_retail_jobs: 0.0005597010686133504
  parcel_sqft: -4.184618626251136e-08
  parcels_ave_unit_size: 1.2372466195045532e-05
  parcels_parcel_size: -4.6673579207252154e-08
  parcels_pct_undev: 0.0006474389195654409
  parcels_total_sqft: -2.7338629746882663e-06
  parcels_zones_employment: -1.827330655216465e-05
  parcels_zones_logsum_job_high_income: 3.1603677531511527e-06
  parcels_zones_logsum_job_low_income: -1.079076552622819e-05
  parcels_zones_logsum_pop_high_income: -6.589846036477974e-07
  parcels_zones_logsum_pop_low_income: 2.9623223040790197e-06
  parcels_zones_population: 2.6046161833897043e-05
  parcels_zones_retail_jobs: -1.9198650839073104e-05
  sqft_per_unit: 0.0005320523889897284
  vacant_job_spaces: -0.0014853278442649397
  year_built: 0.0005705183269503681
  zones_acres: -1.9512662434603904e-05
  zones_employment: -3.2795766011274026e-07
  zones_logsum_job_high_income: 3.109631442239026e-06
  zones_logsum_job_low_income: -1.0579002377348465e-05
  zones_logsum_pop_high_income: -7.673791199371812e-07
  zones_logsum_pop_low_income: 3.0704503198371654e-06
  zones_population: 9.303378869870475e-06
  zones_retail_jobs: -1.9804553588673385e-05
sample_size: 540
score: 0.39027193701526397
