fit_filters:
- non_residential_sqft > 0
- sqft_price_nonres > 1
- sqft_price_nonres < 650
- hedonic_id == 12531
model_expression:
  left_side: np.log1p(sqft_price_nonres)
model_type: Regression
name: RegressionModel
predict_filters: hedonic_id == 12531
ytransform: np.exp
coef:
  building_age: -0.000557743729218534
  building_sqft: -3.566589940286796e-07
  crime_other_rate: 7.335906371565713e-05
  crime_ucr_rate: -0.0002619542505235797
  job_spaces: -6.930811585193402e-07
  jobs_within_30_min: 9.45978387203472e-08
  land_area: -2.3803446694041385e-07
  nodes_walk_ave_nonres_sqft_price: 0.00037151494934446787
  nodes_walk_ave_unit_sqft: -5.977865680128235e-06
  nodes_walk_households: 0.00010208035978739688
  nodes_walk_housing_cost: -2.8972109419827106e-07
  nodes_walk_industrial: 0.011752769097967101
  nodes_walk_jobs: 2.470862500488086e-05
  nodes_walk_medical: -5.353544673745756e-06
  nodes_walk_node_r1500_sqft: 6.673911817514195e-09
  nodes_walk_office: 0.0005378594004445096
  nodes_walk_residential: 0.00029169455791387255
  nodes_walk_retail_jobs: 5.9010628149758e-06
  non_residential_units: -2.776199931025035e-18
  parcel_sqft: 1.4797746972298726e-07
  parcels_ave_unit_size: -8.492595076840074e-07
  parcels_total_job_spaces: -9.576436623563089e-05
  parcels_total_sqft: -1.7514259355046736e-07
  parcels_zones_employment: -1.654059788029062e-06
  parcels_zones_households: 9.326055920352328e-06
  parcels_zones_jobs_within_30_min: -1.3194188931490944e-08
  parcels_zones_logsum_job_high_income: 3.293320104465497e-08
  parcels_zones_logsum_job_low_income: 4.573059430402488e-08
  parcels_zones_logsum_pop_high_income: -4.939169927222921e-08
  parcels_zones_logsum_pop_low_income: -8.521987707560612e-08
  parcels_zones_population: -2.830866315930735e-05
  parcels_zones_retail_jobs: 3.1754522296681234e-05
  parcels_zones_transit_jobs_30min: -2.195011534956025e-06
  parcels_zones_transit_jobs_50min: -2.2170737403705967e-07
  year_built: 0.005409333448539543
  zones_acres: -2.0940812240100217e-05
  zones_households: 5.4061813440204094e-05
  zones_logsum_job_high_income: 2.972035431136537e-08
  zones_logsum_job_low_income: 4.4348225257273476e-08
  zones_logsum_pop_high_income: -3.805261489174172e-08
  zones_logsum_pop_low_income: -3.15560401999974e-08
  zones_population: -1.7374503550826673e-05
  zones_retail_jobs: 1.0197976867238761e-05
  zones_transit_jobs_30min: -1.5296798079399694e-07
  zones_transit_jobs_50min: -1.4672652198523783e-07
  zones_z_total_jobs: -3.1662583469335515e-07
sample_size: 2846
score: 0.46985839877554225
