fit_filters:
- non_residential_sqft > 0
- sqft_price_nonres > 1
- sqft_price_nonres < 650
- hedonic_id == 92
model_type: regression
name: RegressionModel
predict_filters: hedonic_id == 92
target_variable: np.log1p(sqft_price_nonres)
ytransform: np.exp
fit_parameters:
  Coefficient:
    Intercept: 10.22726357902553
    building_sqft: -6.843340202963534e-05
    jobs_within_30_min: 2.9836211782377364e-06
    land_area: -2.29021815967114e-05
    nodes_walk_housing_cost: 1.4053453168623133e-05
    nodes_walk_node_r1500_sqft: -1.6000935904329865e-07
    parcel_sqft: -6.601024407422106e-07
    parcels_parcel_size: -0.00022019532441556555
    parcels_total_sqft: -2.712707237711564e-05
    parcels_zones_jobs_within_30_min: 3.2590730848933373e-06
    zones_logsum_job_high_income: -6.480333484516616e-06
    zones_logsum_job_low_income: 3.6069996437924695e-07
    zones_logsum_job_mid_income: -7.918959359940624e-07
    zones_logsum_pop_high_income: -2.5182905411440413e-06
    zones_logsum_pop_low_income: 9.564293912454226e-07
    zones_logsum_pop_mid_income: 1.6688910677839505e-08
    zones_transit_jobs_30min: -2.8864191551729384e-05
    zones_transit_jobs_50min: 2.074425961705662e-05
fit_rsquared: 0.9999974618697837
fitted: true
sample_size: 8
