fit_filters:
- non_residential_sqft > 0
- sqft_price_nonres > 1
- sqft_price_nonres < 650
- hedonic_id == 14751
model_expression:
  left_side: np.log1p(sqft_price_nonres)
model_type: Regression
name: RegressionModel
predict_filters: hedonic_id == 14751
ytransform: np.exp
coef:
  building_age: -0.00032335022614420685
  building_sqft: -8.253598629216292e-06
  crime_other_rate: 8.12640540901498e-05
  crime_ucr_rate: 0.00017245215005098666
  job_spaces: -0.0013090113684980174
  jobs_within_30_min: -6.481056019533181e-06
  land_area: 3.646932330781468e-06
  nodes_walk_households: -0.0025946407494851324
  nodes_walk_housing_cost: 7.254683974773984e-06
  nodes_walk_jobs: 0.00012254457205783351
  nodes_walk_medical: 0.006034169138073997
  nodes_walk_midinc_hhs: -0.0006483079192777349
  nodes_walk_node_r1500_sqft: 9.81233939095696e-09
  nodes_walk_office: 6.464725116668601e-05
  nodes_walk_population: 0.001130464271716266
  nodes_walk_retail: -7.983952469538361e-05
  nodes_walk_retail_jobs: 0.0008132907275842084
  non_residential_units: -7.255354940866192e-20
  parcel_sqft: 4.425970239482656e-06
  parcels_ave_unit_size: -4.479994297256711e-05
  parcels_landvalue: -2.487714813891458e-07
  parcels_total_job_spaces: -0.0007726299320309608
  parcels_total_sqft: -1.0205858422809823e-05
  parcels_zones_employment: -8.055409428272274e-05
  parcels_zones_households: 6.614333368436191e-05
  parcels_zones_jobs_within_30_min: -3.2727680914266156e-06
  parcels_zones_logsum_job_high_income: -2.1920954439884187e-06
  parcels_zones_logsum_job_low_income: -4.5190041247418615e-06
  parcels_zones_logsum_pop_high_income: 1.552369449972736e-06
  parcels_zones_logsum_pop_low_income: 2.4354697341908733e-06
  parcels_zones_population: -0.00019251720004447977
  parcels_zones_retail_jobs: -6.306173866973773e-05
  parcels_zones_transit_jobs_30min: 1.2601021537355673e-05
  parcels_zones_transit_jobs_50min: 3.7133121945467526e-06
  parcels_zones_z_total_jobs: -3.143586691070482e-05
  vacant_job_spaces: -0.009058582691250499
  year_built: 0.002345391542468729
  zones_acres: -1.512615208146489e-05
  zones_employment: -1.9067834171710418e-05
  zones_households: 0.0003154657248425851
  zones_logsum_job_high_income: -2.122715079571659e-06
  zones_logsum_job_low_income: -4.4774621237783045e-06
  zones_logsum_pop_high_income: 1.1333442051998879e-06
  zones_logsum_pop_low_income: 2.3287933684279915e-06
  zones_population: -6.069938954694408e-05
  zones_retail_jobs: -3.161794799097271e-08
  zones_transit_jobs_30min: 1.0232581242950614e-05
  zones_transit_jobs_50min: 2.857622773057274e-06
  zones_z_total_jobs: -4.1655433757387044e-05
sample_size: 109
score: 0.6125755841323572
