fit_filters:
- non_residential_sqft > 0
- sqft_price_nonres > 1
- sqft_price_nonres < 650
- hedonic_id == 533
model_type: regression
name: RegressionModel
predict_filters: hedonic_id == 533
target_variable: np.log1p(sqft_price_nonres)
ytransform: np.exp
fit_parameters:
  Coefficient:
    Intercept: -20.56745655379192
    b_total_jobs: 0.0013492951969849086
    building_age: -3.0135083956728317e-05
    building_sqft: 1.5548515348948781e-06
    crime_other_rate: 9.49565971174814e-06
    crime_ucr_rate: -3.7309348766878e-05
    jobs_non_home_based: 3.098108715691258e-16
    jobs_within_30_min: -5.722011161415025e-07
    land_area: -5.191146830338721e-07
    nodes_walk_ave_nonres_sqft_price: 0.006379054532394417
    nodes_walk_ave_unit_sqft: -7.668713032882565e-05
    nodes_walk_hhs_with_children: -0.0026317501512512346
    nodes_walk_housing_cost: 3.7990953662504707e-06
    nodes_walk_jobs: 1.245781064623661e-05
    nodes_walk_medical: 9.032599847767566e-05
    nodes_walk_node_r1500_sqft: 2.368631664455339e-08
    nodes_walk_office: 0.00029941180501132217
    nodes_walk_population: 0.0003092269411627368
    nodes_walk_race_1_hhs: -0.0005144491158267207
    nodes_walk_race_3_hhs: 0.00037256159929341886
    nodes_walk_retail: -0.0010609186448334723
    nodes_walk_retail_jobs: 0.0055253414027732015
    parcel_sqft: 1.2385078983260524e-06
    parcels_ave_unit_size: -7.776740547769042e-05
    parcels_parcel_size: -9.384928406021424e-07
    parcels_total_sqft: -4.438591614056805e-06
    parcels_zones_jobs_within_30_min: 8.490726169171876e-08
    residential_sqft: 8.606903077283328e-07
    sqft_per_unit: 0.0003094523179083639
    year_built: 0.012191731380912887
    zones_employment: -5.7973645106647214e-05
    zones_households: -1.2740021170436714e-05
    zones_logsum_job_high_income: 1.2398963521245226e-07
    zones_logsum_job_low_income: 5.043944951221957e-08
    zones_logsum_job_mid_income: -1.5992332782436532e-08
    zones_logsum_pop_high_income: -1.4740375085398868e-07
    zones_logsum_pop_low_income: -5.233315043658421e-08
    zones_logsum_pop_mid_income: 1.4486735322210909e-08
    zones_population: -2.019076265275637e-05
    zones_retail_jobs: 0.0013883255869790768
    zones_transit_jobs_30min: 6.689531599793728e-06
    zones_transit_jobs_50min: -3.4435009677719223e-06
    zones_z_total_jobs: -2.236600472225197e-05
fit_rsquared: 0.4240089078135314
fitted: true
sample_size: 1048
