fit_filters:
- non_residential_sqft > 0
- sqft_price_nonres > 1
- sqft_price_nonres < 650
- hedonic_id == 16133
model_expression:
  left_side: np.log1p(sqft_price_nonres)
model_type: Regression
name: RegressionModel
predict_filters: hedonic_id == 16133
ytransform: np.exp
coef:
  b_total_jobs: 0.0031461782158784296
  building_age: -0.0016240425596227093
  building_sqft: -1.269632295210927e-06
  crime_other_rate: 0.0003054192231399994
  crime_ucr_rate: -0.0008467314391324118
  jobs_non_home_based: 2.0185690996599201e-16
  jobs_within_30_min: -3.856410894459003e-06
  land_area: -3.2810760603528864e-06
  nodes_walk_ave_nonres_sqft_price: 0.0024572528345970317
  nodes_walk_ave_unit_sqft: -2.115911182628775e-05
  nodes_walk_housing_cost: 2.7830136582181547e-06
  nodes_walk_industrial: 0.0024949445002673204
  nodes_walk_jobs: -0.00023643308076721768
  nodes_walk_lowinc_hhs: 0.0028252242464024803
  nodes_walk_medical: -0.0011452856865950588
  nodes_walk_node_r1500_sqft: 1.168326112297245e-08
  nodes_walk_office: -0.00018694200097318326
  nodes_walk_population: -0.0011990508641024481
  nodes_walk_race_1_hhs: 0.0007084765272871449
  nodes_walk_race_2_hhs: -0.0003330095538614239
  nodes_walk_residential: -0.0008186018350450598
  nodes_walk_retail_jobs: 0.00011540484742973327
  parcel_sqft: -1.4320888817745852e-06
  parcels_ave_unit_size: -0.0001541329249520607
  parcels_landvalue: 7.809086137833681e-07
  parcels_total_sqft: 3.7570185906155436e-06
  parcels_zones_employment: 6.103933874713892e-05
  parcels_zones_jobs_within_30_min: -4.1976965578434147e-07
  parcels_zones_logsum_job_high_income: -1.2312084344797206e-06
  parcels_zones_logsum_job_low_income: 5.129946133658936e-07
  parcels_zones_logsum_pop_high_income: 1.6501231112529994e-06
  parcels_zones_logsum_pop_low_income: 3.93175710344004e-07
  parcels_zones_population: 2.9065605305098515e-05
  parcels_zones_retail_jobs: 0.0010017658159056262
  parcels_zones_transit_jobs_30min: 2.996106965308505e-05
  parcels_zones_transit_jobs_50min: -8.39713150421362e-06
  parcels_zones_z_total_jobs: 2.525911469799012e-05
  school_district_achievement: -0.00020716631282105937
  year_built: 0.0034798678147411823
  zones_acres: -0.00015749846490124654
  zones_employment: 1.5312633530968387e-05
  zones_logsum_job_high_income: -8.975521741873884e-07
  zones_logsum_job_low_income: 4.355870240505e-07
  zones_logsum_pop_high_income: 8.352934187297111e-07
  zones_logsum_pop_low_income: -5.796926710317272e-07
  zones_population: 3.5138159435979418e-06
  zones_transit_jobs_30min: 2.3046041391620172e-05
  zones_transit_jobs_50min: -7.341578213059908e-06
  zones_z_total_jobs: 9.86183166174451e-06
sample_size: 122
score: 0.7656844229626065
