fit_filters:
- non_residential_sqft > 0
- sqft_price_nonres > 1
- sqft_price_nonres < 650
- hedonic_id == 9951
model_expression:
  left_side: np.log1p(sqft_price_nonres)
model_type: Regression
name: RegressionModel
predict_filters: hedonic_id == 9951
ytransform: np.exp
coef:
  b_total_jobs: 0.0009130257590464159
  building_age: -0.002092850746305857
  building_sqft: -3.127728523798204e-09
  crime_other_rate: 5.614957802258181e-05
  crime_ucr_rate: 4.721742072421525e-05
  jobs_non_home_based: 9.903189622738581e-20
  jobs_within_30_min: 5.718705526102284e-07
  land_area: -1.7938475460910304e-05
  nodes_walk_ave_unit_sqft: -4.678834177068983e-06
  nodes_walk_housing_cost: 2.927457165212833e-06
  nodes_walk_jobs: 3.982825418918111e-05
  nodes_walk_medical: 0.005901739502343278
  nodes_walk_midinc_hhs: 0.0006609451842805159
  nodes_walk_node_r1500_sqft: -8.379621819450834e-09
  nodes_walk_office: -0.00035422102550713535
  nodes_walk_population: -0.0001913149944661502
  nodes_walk_race_1_hhs: 0.0003644844128045661
  nodes_walk_residential: 0.0004903593675714553
  nodes_walk_retail: 8.694449808341381e-05
  parcel_sqft: 1.096105893051703e-06
  parcels_ave_unit_size: -6.015111760482916e-05
  parcels_total_sqft: -3.600905125749203e-06
  parcels_zones_employment: 1.4407893217768723e-06
  parcels_zones_households: 4.458164419105795e-09
  parcels_zones_jobs_within_30_min: -6.839793361804795e-08
  parcels_zones_logsum_job_high_income: -2.047024570049859e-06
  parcels_zones_logsum_job_low_income: 4.830879250022285e-08
  parcels_zones_logsum_pop_high_income: 5.853944925090868e-07
  parcels_zones_logsum_pop_low_income: -4.057396377772892e-08
  parcels_zones_population: -1.0363738036371787e-05
  parcels_zones_retail_jobs: -3.231004282608535e-07
  parcels_zones_transit_jobs_30min: 8.519558921546875e-06
  parcels_zones_transit_jobs_50min: 1.550032658807804e-06
  parcels_zones_z_total_jobs: 1.698238881706083e-05
  residential_sqft: 1.7358274065852003e-10
  sqft_per_unit: 0.00023543320880157326
  year_built: 0.005493209615473629
  zones_acres: -1.6945299539312904e-07
  zones_employment: 5.169448552226403e-06
  zones_households: 7.512613242905166e-07
  zones_logsum_job_high_income: -1.813169443113246e-06
  zones_logsum_job_low_income: 2.155408242873749e-09
  zones_logsum_pop_high_income: 1.243908075632831e-06
  zones_logsum_pop_low_income: -1.4465517437797783e-07
  zones_population: -3.5379132214511174e-12
  zones_retail_jobs: -6.591939046456682e-09
  zones_transit_jobs_30min: 8.12593470242559e-07
  zones_transit_jobs_50min: 1.259651733758361e-08
  zones_z_total_jobs: 4.722889568650556e-06
sample_size: 578
score: 0.5205781325237467
