fit_filters:
- non_residential_sqft > 0
- sqft_price_nonres > 1
- sqft_price_nonres < 650
- hedonic_id == 9933
model_expression:
  left_side: np.log1p(sqft_price_nonres)
model_type: Regression
name: RegressionModel
predict_filters: hedonic_id == 9933
ytransform: np.exp
coef:
  Intercept: -11.509185456798509
  building_age: -0.0008897507737646435
  building_sqft: -4.554111530668817e-06
  crime_other_rate: -5.5620569597180335e-05
  crime_ucr_rate: -8.15153444548386e-05
  jobs_within_30_min: 6.536008977602587e-08
  land_area: 5.16227538789313e-06
  nodes_walk_ave_nonres_sqft_price: 0.00864219153356797
  nodes_walk_ave_unit_sqft: -5.7049350021934885e-06
  nodes_walk_highinc_hhs: 0.0016931864045310635
  nodes_walk_housing_cost: 4.822218592678963e-07
  nodes_walk_industrial: 0.00426333178941198
  nodes_walk_jobs: 0.000106072986693405
  nodes_walk_medical: -0.0014768777760106333
  nodes_walk_midinc_hhs: -0.0003152239403167934
  nodes_walk_node_r1500_sqft: -2.279975637390381e-08
  nodes_walk_office: -0.0003680781871913493
  nodes_walk_residential: 0.0006596834118756832
  nodes_walk_retail: -0.000602086354872311
  nodes_walk_retail_jobs: -0.0003938062941013623
  parcel_sqft: -4.0081275410312724e-08
  parcels_ave_unit_size: -2.3493410127722274e-05
  parcels_total_job_spaces: 0.0008600011255941374
  parcels_total_sqft: -1.4579501571558428e-06
  parcels_zones_jobs_within_30_min: 1.50112342434014e-07
  year_built: 0.007396340844558183
  zones_acres: 9.255935317140885e-06
  zones_employment: 9.389001425225776e-07
  zones_households: -0.0003897866227577108
  zones_logsum_job_high_income: -2.831849134643553e-07
  zones_logsum_job_low_income: 8.782827528463543e-07
  zones_logsum_pop_high_income: 1.6525892736989255e-07
  zones_logsum_pop_low_income: -6.128517318094132e-07
  zones_population: 0.00014295238710271721
  zones_retail_jobs: -0.00010220559810707509
  zones_transit_jobs_30min: 7.665266919360277e-06
  zones_transit_jobs_50min: -1.8703508400277794e-07
  zones_z_total_jobs: 8.105685217411505e-07
sample_size: 1282
score: 0.3983987757188505
