fit_filters:
- non_residential_sqft > 0
- sqft_price_nonres > 1
- sqft_price_nonres < 650
- hedonic_id == 321
model_expression:
  left_side: np.log1p(sqft_price_nonres)
model_type: Regression
name: RegressionModel
predict_filters: hedonic_id == 321
ytransform: np.exp
coef:
  b_total_jobs: 0.000763668773750675
  building_age: -0.0015461338794117978
  building_sqft: 1.025209668217706e-07
  crime_other_rate: 1.693658821933173e-05
  crime_ucr_rate: -0.00011719371620383478
  jobs_non_home_based: 1.0079475787647483e-16
  jobs_within_30_min: -9.562304219047051e-08
  land_area: -7.616312028068292e-06
  nodes_walk_ave_nonres_sqft_price: 0.0008180306044865059
  nodes_walk_ave_unit_sqft: -8.777670769116767e-06
  nodes_walk_highinc_hhs: 0.000529563192018628
  nodes_walk_housing_cost: 1.1020283210913636e-06
  nodes_walk_jobs: 9.048851191731768e-05
  nodes_walk_lowinc_hhs: -6.437427828828055e-05
  nodes_walk_medical: 4.990092501461054e-05
  nodes_walk_node_r1500_sqft: -6.47420930807841e-09
  nodes_walk_office: 0.0004966681251441633
  nodes_walk_population: 1.77338089028692e-05
  nodes_walk_race_1_hhs: 0.00018430245217162223
  nodes_walk_residential: 0.00012929070906670875
  nodes_walk_retail: 0.006086861950943056
  nodes_walk_retail_jobs: 0.00035491237155492277
  parcel_sqft: 2.919043882488398e-07
  parcels_ave_unit_size: -1.0177432110172226e-05
  parcels_total_sqft: -8.650586342132732e-07
  parcels_zones_employment: 2.1565387519396686e-05
  parcels_zones_households: -6.0885068248464244e-05
  parcels_zones_jobs_within_30_min: 8.437632300539747e-08
  parcels_zones_logsum_job_high_income: 9.069267652008438e-08
  parcels_zones_logsum_job_low_income: -6.83290839972699e-08
  parcels_zones_logsum_pop_high_income: -6.905968048043885e-08
  parcels_zones_logsum_pop_low_income: 7.799116913926082e-09
  parcels_zones_population: 2.0940357918811945e-05
  parcels_zones_retail_jobs: 3.238994467018928e-05
  parcels_zones_transit_jobs_30min: 5.131264572142919e-06
  parcels_zones_transit_jobs_50min: -4.0905019365747045e-07
  parcels_zones_z_total_jobs: 6.407542026941265e-07
  residential_sqft: -1.0961651905415249e-05
  sqft_per_unit: 0.00025421183150565275
  vacant_job_spaces: -0.00019385028897900977
  year_built: 0.004829360938554019
  zones_acres: -2.3236499078330436e-05
  zones_employment: 3.595798117459692e-07
  zones_households: -4.530961731375899e-05
  zones_logsum_job_high_income: 7.718102655666003e-08
  zones_logsum_job_low_income: -5.301843950101626e-08
  zones_logsum_pop_high_income: -5.537557585722774e-08
  zones_logsum_pop_low_income: 3.972745646586235e-08
  zones_population: 2.035360022333359e-05
  zones_transit_jobs_30min: 2.321224671509288e-06
  zones_transit_jobs_50min: -4.321217766367541e-07
sample_size: 5332
score: 0.37552274375267813
