fit_filters:
- non_residential_sqft > 0
- sqft_price_nonres > 1
- sqft_price_nonres < 650
- hedonic_id == 14731
model_expression:
  left_side: np.log1p(sqft_price_nonres)
model_type: Regression
name: RegressionModel
predict_filters: hedonic_id == 14731
ytransform: np.exp
coef:
  b_total_jobs: 0.0018446140672672897
  building_age: -1.185104854077519e-05
  building_sqft: -1.0536806690351991e-05
  crime_ucr_rate: -4.1351019399486884e-05
  jobs_non_home_based: 9.052391423899152e-20
  jobs_within_30_min: 4.53406762998819e-06
  land_area: 5.406695570778438e-06
  nodes_walk_ave_unit_sqft: 5.98014564887018e-06
  nodes_walk_housing_cost: -4.9576547195387694e-06
  nodes_walk_industrial: 0.022182312517650907
  nodes_walk_jobs: -0.00027330450046500243
  nodes_walk_medical: 0.0009229822188814919
  nodes_walk_node_r1500_sqft: -1.2606664739605261e-08
  nodes_walk_office: -0.0006442033297032356
  nodes_walk_population: -0.0005012437735015364
  nodes_walk_retail_jobs: 0.0002161913522538735
  parcel_sqft: -1.314397676186212e-07
  parcels_ave_unit_size: 0.00028428280584365717
  parcels_landvalue: 7.789719603115196e-07
  parcels_total_sqft: -2.128537502153948e-06
  parcels_zones_employment: -1.0111476146717025e-05
  parcels_zones_households: 0.0006463191552146166
  parcels_zones_jobs_within_30_min: 5.637918073133151e-07
  parcels_zones_logsum_job_high_income: 2.1026653267541876e-07
  parcels_zones_logsum_job_low_income: 2.7097623700971445e-06
  parcels_zones_logsum_pop_high_income: 3.0634196773547904e-07
  parcels_zones_logsum_pop_low_income: -1.2291338148860647e-06
  parcels_zones_population: -0.00026317640917394305
  parcels_zones_retail_jobs: -3.796205966683545e-05
  parcels_zones_transit_jobs_30min: -3.221358106628497e-05
  parcels_zones_transit_jobs_50min: -4.83201583207194e-06
  parcels_zones_z_total_jobs: -1.2210227870077777e-06
  year_built: 0.004599635394267447
  zones_acres: 4.600121633159799e-06
  zones_employment: -3.314605188950615e-06
  zones_households: 0.0006838765316664634
  zones_logsum_job_high_income: 2.0499549405752263e-07
  zones_logsum_job_low_income: 2.668532431262655e-06
  zones_logsum_pop_high_income: 1.4788491585095912e-08
  zones_logsum_pop_low_income: -1.2992901587585268e-06
  zones_population: -0.0002569710955677991
  zones_retail_jobs: -3.380820913764302e-05
  zones_transit_jobs_30min: -2.066709301107684e-05
  zones_transit_jobs_50min: -2.5918038003292025e-06
  zones_z_total_jobs: -2.260274473791799e-06
sample_size: 256
score: 0.5070613608711423
