fit_filters:
- non_residential_sqft > 0
- sqft_price_nonres > 1
- sqft_price_nonres < 650
- hedonic_id == 14771
model_expression:
  left_side: np.log1p(sqft_price_nonres)
model_type: Regression
name: RegressionModel
predict_filters: hedonic_id == 14771
ytransform: np.exp
coef:
  building_sqft: 3.746294595305962e-05
  crime_other_rate: -0.0004480022444301504
  crime_ucr_rate: -0.002959981110777135
  jobs_within_30_min: 6.549321162922397e-05
  land_area: -7.641814261188324e-05
  nodes_walk_ave_unit_sqft: -0.0009775070723339648
  nodes_walk_housing_cost: 0.00010834436911693795
  nodes_walk_node_r1500_sqft: -7.872889767852117e-08
  parcel_sqft: -3.294912483431328e-08
  parcels_ave_unit_size: -0.0034368784530606237
  parcels_landvalue: 3.2187572653746735e-06
  parcels_total_sqft: 8.472540980970212e-06
  parcels_zones_employment: -0.00012816824890099547
  parcels_zones_jobs_within_30_min: 2.7149603381202387e-05
  parcels_zones_logsum_job_high_income: 4.026375064742052e-06
  parcels_zones_logsum_job_low_income: 6.969668124857187e-07
  parcels_zones_logsum_pop_high_income: -3.427299319192501e-06
  parcels_zones_logsum_pop_low_income: -9.256255576167076e-06
  parcels_zones_population: -0.00023246088719291877
  parcels_zones_transit_jobs_50min: 0.00033329624517099073
  parcels_zones_z_total_jobs: -2.2948645299510793e-06
  zones_acres: 0.00017369941682697444
  zones_employment: -5.670118567255313e-05
  zones_households: -0.0012420687320303491
  zones_logsum_job_high_income: 4.617808855207063e-06
  zones_logsum_job_low_income: 3.048496752358841e-07
  zones_logsum_pop_high_income: 2.5953809062768325e-06
  zones_logsum_pop_low_income: -1.0955987961733905e-05
  zones_population: -0.0007780167453332343
  zones_transit_jobs_50min: 0.00033113554588544625
  zones_z_total_jobs: -2.886749343358067e-05
sample_size: 14
score: 0.9995444799128924
