fit_filters:
- non_residential_sqft > 0
- sqft_price_nonres > 1
- sqft_price_nonres < 650
- hedonic_id == 63
model_expression:
  left_side: np.log1p(sqft_price_nonres)
model_type: Regression
name: RegressionModel
predict_filters: hedonic_id == 63
ytransform: np.exp
coef:
  Intercept: -5.880185411028219
  building_age: -9.421558929647459e-06
  building_sqft: 1.1399936840036552e-06
  crime_other_rate: 6.472720167064526e-05
  crime_ucr_rate: 0.0002966037875311996
  jobs_within_30_min: 6.435949071452065e-07
  land_area: 2.4448122235947847e-07
  nodes_walk_ave_nonres_sqft_price: 0.014935075968876343
  nodes_walk_ave_unit_sqft: -4.379149728066354e-06
  nodes_walk_hhs_with_children: 0.0008395673851194002
  nodes_walk_households: -0.0004467223672153506
  nodes_walk_housing_cost: -1.266393949803726e-06
  nodes_walk_industrial: 0.0027306288610805807
  nodes_walk_jobs: 4.399466277441631e-05
  nodes_walk_lowinc_hhs: 0.0004869306726291715
  nodes_walk_max_office_far: 0.0002119404707795986
  nodes_walk_medical: -0.001158871303606682
  nodes_walk_midinc_hhs: -0.00016409069782719358
  nodes_walk_node_r1500_sqft: -7.3104955470869194e-09
  nodes_walk_office: -0.0005730155943455648
  nodes_walk_population: 0.0003650367118098298
  nodes_walk_race_1_hhs: -0.0005955841593775334
  nodes_walk_retail: -0.002669950173176492
  nodes_walk_retail_jobs: -0.0002871308545320366
  parcel_sqft: 1.1313913610092204e-07
  parcels_ave_unit_size: -2.939599141483695e-05
  parcels_total_job_spaces: 0.001227190382204179
  parcels_total_sqft: -4.656245116825074e-06
  parcels_zones_employment: 8.892779064183107e-08
  parcels_zones_households: 0.0004943361857069717
  parcels_zones_jobs_within_30_min: -9.300354948630804e-08
  parcels_zones_logsum_job_high_income: 1.7147943663862765e-07
  parcels_zones_logsum_job_low_income: 7.994171899968703e-09
  parcels_zones_logsum_pop_high_income: -2.8620117269638536e-07
  parcels_zones_logsum_pop_low_income: -2.2475223141348344e-07
  parcels_zones_population: -0.00019514542046189897
  parcels_zones_retail_jobs: 9.514440229828148e-05
  parcels_zones_transit_jobs_30min: 2.966307872258733e-06
  parcels_zones_transit_jobs_50min: 2.945348485894476e-07
  parcels_zones_z_total_jobs: 1.788213842920217e-05
  residential_sqft: -0.00019921367638509768
  school_district_achievement: 0.008682290029257219
  sqft_per_unit: 0.0012273344397510089
  vacant_job_spaces: -0.0003690649810180606
  year_built: 0.00434608422244606
  zones_acres: -1.0521500738770506e-06
  zones_employment: 2.0881557353569486e-07
  zones_households: 0.00039770261011497443
  zones_logsum_job_high_income: 3.079422644094339e-08
  zones_logsum_job_low_income: 2.120699134390431e-08
  zones_logsum_pop_high_income: -5.068882800510489e-08
  zones_logsum_pop_low_income: -6.273584051898343e-08
  zones_population: -0.00018034625126093348
  zones_retail_jobs: 0.00013932620947822277
  zones_transit_jobs_30min: 9.73377896290651e-07
  zones_transit_jobs_50min: 7.514499711227246e-08
  zones_z_total_jobs: 1.2198901093569237e-11
sample_size: 1475
score: 0.6717405661672398
