fit_filters:
- non_residential_sqft > 0
- sqft_price_nonres > 1
- sqft_price_nonres < 650
- hedonic_id == 533
model_expression:
  left_side: np.log1p(sqft_price_nonres)
model_type: Regression
name: RegressionModel
predict_filters: hedonic_id == 533
ytransform: np.exp
coef:
  b_total_jobs: 0.0021562524802265356
  building_age: -3.262099625023226e-05
  building_sqft: -1.3664023859400321e-06
  crime_other_rate: 8.306494375563517e-06
  crime_ucr_rate: -2.9165736355447137e-05
  jobs_non_home_based: 4.898100488165843e-16
  jobs_within_30_min: -4.5690063672327085e-07
  land_area: 4.349140375639078e-07
  nodes_walk_ave_nonres_sqft_price: 0.005863486327071184
  nodes_walk_ave_unit_sqft: -0.00011896232031535112
  nodes_walk_hhs_with_children: -0.0001275320601248671
  nodes_walk_housing_cost: 8.209965104111834e-06
  nodes_walk_jobs: -1.286663427124539e-05
  nodes_walk_lowinc_hhs: -0.0005393353326593963
  nodes_walk_midinc_hhs: 0.0003992104685693508
  nodes_walk_node_r1500_sqft: 1.5536841555939495e-08
  nodes_walk_office: 0.0021653682441530823
  nodes_walk_population: 0.00014995780070577644
  nodes_walk_race_1_hhs: -0.0008877500616461882
  nodes_walk_race_3_hhs: 0.0007967602536631166
  nodes_walk_retail: -0.0010495632821114125
  nodes_walk_retail_jobs: 0.0067410160459019765
  parcel_sqft: 7.803788152629361e-07
  parcels_ave_unit_size: -3.253080775526841e-05
  parcels_total_sqft: -1.4347154605852377e-06
  parcels_zones_households: -7.679441662977735e-05
  parcels_zones_jobs_within_30_min: 9.312527721213447e-08
  parcels_zones_logsum_job_high_income: 8.922818230329434e-08
  parcels_zones_logsum_job_low_income: 2.5808103276486842e-08
  parcels_zones_logsum_pop_high_income: -9.32549262971245e-08
  parcels_zones_logsum_pop_low_income: -1.1677498054426153e-09
  parcels_zones_retail_jobs: 0.0005960869542194487
  parcels_zones_transit_jobs_30min: 4.3782652067855446e-06
  parcels_zones_transit_jobs_50min: -1.951723273676085e-06
  parcels_zones_z_total_jobs: -7.499429770708723e-06
  residential_sqft: 1.2481403171186308e-05
  sqft_per_unit: 0.0002019907256984342
  year_built: 0.014636290113805557
  zones_employment: -6.612366403095903e-05
  zones_households: -2.977403647626962e-07
  zones_logsum_job_high_income: 8.501766272883647e-08
  zones_logsum_job_low_income: 1.7191307383919785e-08
  zones_logsum_pop_high_income: -1.0180213702238415e-07
  zones_logsum_pop_low_income: -2.98763254740789e-08
  zones_population: 1.5509038183348536e-05
  zones_retail_jobs: 9.49330278318153e-05
  zones_transit_jobs_30min: 2.4113172895473705e-06
  zones_transit_jobs_50min: -1.7490493023408941e-06
  zones_z_total_jobs: -2.539454684301643e-05
sample_size: 714
score: 0.4384218197829537
