fit_filters:
- non_residential_sqft > 0
- sqft_price_nonres > 1
- sqft_price_nonres < 650
- hedonic_id == 531
model_expression:
  left_side: np.log1p(sqft_price_nonres)
model_type: Regression
name: RegressionModel
predict_filters: hedonic_id == 531
ytransform: np.exp
coef:
  Intercept: -15.621025805774737
  building_age: -0.0005984734045603681
  building_sqft: -2.2120154023053168e-06
  crime_other_rate: -1.841036084250753e-06
  crime_ucr_rate: -1.4017466289124034e-05
  job_spaces: 0.0001638008206893042
  jobs_within_30_min: -6.218350772356558e-07
  land_area: 1.405628688126832e-06
  nodes_walk_ave_unit_sqft: -5.939283299375385e-07
  nodes_walk_households: 1.8181510293967968e-05
  nodes_walk_housing_cost: 2.8481351652208086e-06
  nodes_walk_industrial: 0.00943104403803583
  nodes_walk_jobs: -0.00011743080757878662
  nodes_walk_midinc_hhs: 0.0014971419550123832
  nodes_walk_node_r1500_sqft: 1.2272632664182493e-08
  nodes_walk_office: 0.00025810071797331306
  nodes_walk_population: -0.00034713177262055085
  nodes_walk_race_1_hhs: 0.0003797940916378338
  nodes_walk_retail: 0.0005154578095668421
  nodes_walk_retail_jobs: 0.0018515403363444263
  non_residential_units: 3.9950526635852347e-17
  parcel_sqft: 4.327939816839036e-07
  parcels_ave_unit_size: -0.00010098550914369365
  parcels_total_job_spaces: 0.00038206586495792154
  parcels_total_sqft: -1.5656689588733701e-06
  parcels_zones_jobs_within_30_min: 2.0791629769175554e-07
  residential_sqft: 2.757452469065678e-05
  sqft_per_unit: 0.0006533445581981568
  vacant_job_spaces: 0.0002630302430606465
  year_built: 0.009540456946440214
  zones_acres: -0.00025318081036534263
  zones_employment: -9.017129460380435e-07
  zones_households: -0.0001986182082604027
  zones_logsum_job_high_income: 1.3322607552137973e-07
  zones_logsum_job_low_income: -4.662424161550271e-08
  zones_logsum_pop_high_income: -1.0838319861643246e-07
  zones_logsum_pop_low_income: 7.8099668284749e-08
  zones_population: 1.8818806131262155e-05
  zones_retail_jobs: 0.000731027662259862
  zones_transit_jobs_30min: 8.873682809596073e-06
  zones_transit_jobs_50min: -3.712184379924534e-06
  zones_z_total_jobs: -1.8833739934207302e-06
sample_size: 1694
score: 0.5277552082551396
