fit_filters:
- non_residential_sqft > 0
- sqft_price_nonres > 1
- sqft_price_nonres < 650
- hedonic_id == 521
model_type: regression
name: RegressionModel
predict_filters: hedonic_id == 521
target_variable: np.log1p(sqft_price_nonres)
ytransform: np.exp
fit_parameters:
  Coefficient:
    Intercept: -33.702111369804506
    b_total_jobs: 0.0025720466903162765
    building_age: -0.0009058602443257516
    building_sqft: -2.3234905000695245e-05
    crime_other_rate: 1.9872777724795204e-05
    crime_ucr_rate: -2.6359128598529933e-05
    jobs_within_30_min: -9.15893981639066e-08
    land_area: 9.352123137556739e-06
    nodes_walk_ave_nonres_sqft_price: 0.0034933938587571045
    nodes_walk_ave_unit_sqft: -1.981821359728378e-05
    nodes_walk_households: -0.00014058584093405257
    nodes_walk_housing_cost: 1.9434248359671802e-06
    nodes_walk_jobs: 4.4366163501723094e-05
    nodes_walk_lowinc_hhs: -0.0004105487362051239
    nodes_walk_medical: 0.001092978385561471
    nodes_walk_midinc_hhs: 5.923542677577417e-05
    nodes_walk_node_r1500_sqft: -2.1097236728302168e-08
    nodes_walk_population: 0.00019509786844473285
    nodes_walk_race_2_hhs: -4.33581577869018e-05
    nodes_walk_race_3_hhs: -0.00011189369625206335
    nodes_walk_race_4_hhs: 0.00015477482485510793
    nodes_walk_retail: 0.007647826086310047
    nodes_walk_retail_jobs: 0.0009696408520754253
    parcel_sqft: 1.963235569137888e-06
    parcels_ave_unit_size: -1.426162885016946e-05
    parcels_parcel_size: 3.1840341917284266e-09
    parcels_pct_undev: 0.003963511507857233
    parcels_total_sqft: -3.959574876455007e-06
    parcels_zones_jobs_within_30_min: -4.209993588560158e-09
    residential_sqft: 6.283598283507537e-05
    sqft_per_unit: 0.00011074938867132557
    year_built: 0.018500786541541376
    zones_acres: -5.310262354645363e-05
    zones_employment: -3.543644265375451e-05
    zones_households: 0.0002042120013131003
    zones_logsum_job_high_income: -9.4802391061859e-08
    zones_logsum_job_low_income: 5.628489523605067e-08
    zones_logsum_job_mid_income: -1.3103803527967831e-08
    zones_logsum_pop_high_income: 9.430699050947288e-08
    zones_logsum_pop_low_income: -3.9049413503278665e-08
    zones_logsum_pop_mid_income: 1.3476935758838148e-08
    zones_population: -4.78947589318521e-05
    zones_transit_jobs_30min: 2.514576502129636e-07
    zones_transit_jobs_50min: 2.9783700193245754e-07
    zones_z_total_jobs: -8.545410499397397e-06
  Std. Error: {}
  T-Score: {}
fit_rsquared: 0.37391506201033153
fit_rsquared_adj: 0.37391506201033153
fitted: true
model_expression:
  left_side: np.log1p(sqft_price_nonres)
  right_side:
  - year_built
  - sqft_per_unit
  - land_area
  - residential_sqft
  - building_sqft
  - jobs_within_30_min
  - parcel_sqft
  - crime_ucr_rate
  - crime_other_rate
  - building_age
  - b_total_jobs
  - parcels_pct_undev
  - parcels_parcel_size
  - parcels_ave_unit_size
  - parcels_total_sqft
  - parcels_zones_jobs_within_30_min
  - zones_acres
  - zones_households
  - zones_population
  - zones_employment
  - zones_logsum_pop_high_income
  - zones_logsum_pop_mid_income
  - zones_logsum_pop_low_income
  - zones_logsum_job_high_income
  - zones_logsum_job_mid_income
  - zones_logsum_job_low_income
  - zones_z_total_jobs
  - zones_transit_jobs_50min
  - zones_transit_jobs_30min
  - nodes_walk_population
  - nodes_walk_households
  - nodes_walk_midinc_hhs
  - nodes_walk_lowinc_hhs
  - nodes_walk_race_2_hhs
  - nodes_walk_race_3_hhs
  - nodes_walk_race_4_hhs
  - nodes_walk_jobs
  - nodes_walk_retail_jobs
  - nodes_walk_node_r1500_sqft
  - nodes_walk_ave_nonres_sqft_price
  - nodes_walk_retail
  - nodes_walk_medical
  - nodes_walk_ave_unit_sqft
  - nodes_walk_housing_cost
sample_size: 6730
