fit_filters:
- non_residential_sqft > 0
- sqft_price_nonres > 1
- sqft_price_nonres < 650
- hedonic_id == 11523
model_type: regression
name: RegressionModel
predict_filters: hedonic_id == 11523
target_variable: np.log1p(sqft_price_nonres)
ytransform: np.exp
fit_parameters:
  Coefficient:
    Intercept: 1.5743141904903535
    b_total_jobs: 0.0019936076268454793
    building_age: -4.951123522752951e-06
    building_sqft: 1.1296931501450954e-05
    crime_other_rate: 4.810472137643325e-05
    crime_ucr_rate: 0.00017779913098536388
    jobs_non_home_based: 3.3582724335781393e-16
    jobs_within_30_min: 7.802242315406728e-07
    land_area: -4.772507326733056e-06
    nodes_walk_ave_nonres_sqft_price: 0.0021068889995484396
    nodes_walk_ave_unit_sqft: 2.4128330242712713e-05
    nodes_walk_hhs_with_children: 0.0016739724297213723
    nodes_walk_housing_cost: -3.968881777529841e-06
    nodes_walk_industrial: 0.0006919402345359457
    nodes_walk_jobs: 0.00013902991406803533
    nodes_walk_medical: 0.001089151332148831
    nodes_walk_node_r1500_sqft: 5.2172265077126344e-09
    nodes_walk_office: 0.008108584497136168
    nodes_walk_retail_jobs: -0.0004547755579049976
    parcel_sqft: 8.979705314641826e-07
    parcels_ave_unit_size: 7.106972985593152e-06
    parcels_parcel_size: -9.641800628454311e-07
    parcels_total_sqft: -1.374182498064603e-05
    residential_sqft: -9.171733784038805e-06
    sqft_per_unit: 0.00018132507824123828
    vacant_job_spaces: -0.0008774715422583998
    year_built: 0.001270950128976147
    zones_acres: -8.408512968932681e-06
    zones_logsum_job_high_income: 3.470428888474994e-07
    zones_logsum_job_low_income: -3.054091531127935e-06
    zones_logsum_job_mid_income: 5.90245641351428e-06
    zones_logsum_pop_high_income: -3.431658817254032e-06
    zones_logsum_pop_low_income: -4.562725435695932e-06
    zones_logsum_pop_mid_income: 2.3181721516703126e-06
    zones_population: -9.209984164537445e-05
    zones_retail_jobs: 5.9083100640159546e-05
    zones_transit_jobs_30min: 4.296801176272709e-05
    zones_transit_jobs_50min: 1.529497391642438e-05
    zones_z_total_jobs: 6.490399072821176e-05
fit_rsquared: 0.5425277084640499
fitted: true
sample_size: 395
