fit_filters:
- non_residential_sqft > 0
- sqft_price_nonres > 1
- sqft_price_nonres < 650
- hedonic_id == 12565
model_expression:
  left_side: np.log1p(sqft_price_nonres)
model_type: Regression
name: RegressionModel
predict_filters: hedonic_id == 12565
ytransform: np.exp
coef:
  b_total_jobs: 0.0013846886327053038
  building_age: -0.00014434590969375542
  building_sqft: -5.273138688512731e-05
  crime_other_rate: 6.646861059732513e-05
  crime_ucr_rate: -0.00015953685649953582
  jobs_non_home_based: 1.0809697103547948e-16
  jobs_within_30_min: 1.761739074590076e-08
  land_area: 2.5355260013342685e-05
  nodes_walk_ave_nonres_sqft_price: 0.0051463810221617995
  nodes_walk_ave_unit_sqft: -3.700443530761448e-05
  nodes_walk_highinc_hhs: 0.0012189490372172221
  nodes_walk_households: 8.20457096591405e-05
  nodes_walk_housing_cost: 9.153745752160977e-07
  nodes_walk_industrial: 0.0004472601672807368
  nodes_walk_jobs: -1.7072236783293055e-05
  nodes_walk_lowinc_hhs: 1.9010364355840555e-05
  nodes_walk_medical: -8.161096690056202e-05
  nodes_walk_midinc_hhs: -0.00010591373040503867
  nodes_walk_node_r1500_sqft: 2.581165696502667e-10
  nodes_walk_office: 0.0005507474164256478
  nodes_walk_population: -0.00022765991308439646
  nodes_walk_race_2_hhs: 0.00040562215176303304
  nodes_walk_race_3_hhs: 1.0915101109388617e-05
  nodes_walk_retail_jobs: 0.00010268113393992975
  parcel_sqft: -3.076122281951066e-07
  parcels_ave_unit_size: -2.7245957875332866e-06
  parcels_total_sqft: -2.847132833737084e-06
  parcels_zones_employment: -1.1131023271516864e-05
  parcels_zones_households: 0.0001686294054054535
  parcels_zones_jobs_within_30_min: -5.607987867499642e-08
  parcels_zones_logsum_job_high_income: 3.772776566309548e-07
  parcels_zones_logsum_job_low_income: -2.0214681962231354e-07
  parcels_zones_logsum_pop_high_income: -3.248380479700292e-07
  parcels_zones_logsum_pop_low_income: 2.399740713656195e-07
  parcels_zones_population: -0.00010720464906630981
  parcels_zones_retail_jobs: -8.686208456748897e-06
  parcels_zones_transit_jobs_30min: 4.5823157592625963e-07
  parcels_zones_transit_jobs_50min: 2.2166055664046559e-07
  parcels_zones_z_total_jobs: -1.995614626636829e-09
  year_built: 0.007462745917478471
  zones_acres: -1.0085266878521141e-05
  zones_employment: -2.2007112716030733e-06
  zones_households: 0.0002265165332104917
  zones_logsum_job_high_income: 4.0904699796094976e-07
  zones_logsum_job_low_income: -2.1315901327324987e-07
  zones_logsum_pop_high_income: -3.63446397438543e-07
  zones_logsum_pop_low_income: 1.9202618930947982e-07
  zones_population: -9.597849403571752e-05
  zones_retail_jobs: -1.3638480809181959e-05
  zones_transit_jobs_30min: 7.838979639513617e-07
  zones_transit_jobs_50min: 2.050278932392175e-08
  zones_z_total_jobs: -1.80052079969024e-08
sample_size: 1065
score: 0.3755935577291837
