fit_filters:
- non_residential_sqft > 0
- sqft_price_nonres > 1
- sqft_price_nonres < 650
- hedonic_id == 16131
model_expression:
  left_side: np.log1p(sqft_price_nonres)
model_type: Regression
name: RegressionModel
predict_filters: hedonic_id == 16131
ytransform: np.exp
coef:
  building_age: -0.0007954783300326345
  building_sqft: 1.1871592129480555e-07
  crime_other_rate: 9.275725143554571e-06
  crime_ucr_rate: -0.00023846775736314477
  job_spaces: 0.001136855087747023
  jobs_within_30_min: 8.684942859737715e-07
  land_area: -1.0550853657206874e-06
  nodes_walk_ave_unit_sqft: -0.00016078713345435658
  nodes_walk_housing_cost: 7.825582797325985e-07
  nodes_walk_industrial: 0.009805965983882576
  nodes_walk_jobs: 0.00017699835079628751
  nodes_walk_lowinc_hhs: -0.0011634779354115752
  nodes_walk_max_office_far: -0.002754840693755913
  nodes_walk_medical: -0.0017021181971437927
  nodes_walk_midinc_hhs: 0.0013103679413600361
  nodes_walk_node_r1500_sqft: 3.645744073656733e-08
  nodes_walk_office: -3.230356097827526e-05
  nodes_walk_race_1_hhs: -0.0019253729129075866
  nodes_walk_retail: 0.0007470776685689093
  nodes_walk_retail_jobs: -0.0006614179079360632
  non_residential_units: 1.260985641838668e-16
  parcel_sqft: 1.48686257483488e-07
  parcels_ave_unit_size: -4.194641861816508e-08
  parcels_total_job_spaces: 1.7838443827251335e-06
  parcels_total_sqft: -1.8496381053200962e-06
  parcels_zones_empden: 0.0006023843866134543
  parcels_zones_employment: 8.322010104423483e-05
  parcels_zones_households: 0.00019284942949377234
  parcels_zones_jobs_within_30_min: 5.092736550825052e-07
  parcels_zones_logsum_job_high_income: -1.1338483619048566e-07
  parcels_zones_logsum_job_low_income: 9.693035836455891e-08
  parcels_zones_logsum_pop_high_income: 3.9440565323572925e-08
  parcels_zones_logsum_pop_low_income: -2.1016073960980522e-08
  parcels_zones_population: -3.107132374828538e-05
  parcels_zones_retail_jobs: 0.0006927870418386773
  parcels_zones_transit_jobs_30min: 8.708798382311597e-06
  parcels_zones_transit_jobs_50min: -1.0678242289032988e-06
  parcels_zones_z_total_jobs: 1.1211498136403393e-07
  vacant_job_spaces: 6.647556973265672e-06
  year_built: 0.0017513970420186507
  zones_acres: -1.403081166528878e-05
  zones_households: 0.00012214325292411884
  zones_logsum_job_high_income: -7.671104483709385e-08
  zones_logsum_job_low_income: 7.581511317155081e-08
  zones_logsum_pop_high_income: 9.974829428402994e-08
  zones_logsum_pop_low_income: -1.6641505229926137e-07
  zones_population: -1.6081969439536565e-05
  zones_retail_jobs: 7.311969605519933e-05
  zones_transit_jobs_30min: 6.784498662907694e-06
  zones_transit_jobs_50min: -1.3536238262014478e-06
  zones_z_total_jobs: 1.260708755852407e-08
sample_size: 344
score: 0.5948943304358466
