fit_filters:
- non_residential_sqft > 0
- sqft_price_nonres > 1
- sqft_price_nonres < 650
- hedonic_id == 565
model_type: regression
name: RegressionModel
predict_filters: hedonic_id == 565
target_variable: np.log1p(sqft_price_nonres)
ytransform: np.exp
fit_parameters:
  Coefficient:
    Intercept: -32.60408663355709
    b_total_jobs: 0.007410346648420606
    building_sqft: 4.7319280201615964e-05
    crime_other_rate: 9.632345463407455e-06
    crime_ucr_rate: 3.596517027373255e-05
    jobs_within_30_min: -5.546798825360235e-09
    land_area: 1.1201505993586436e-06
    nodes_walk_ave_nonres_sqft_price: 0.010642692688868065
    nodes_walk_ave_unit_sqft: 9.046148722935535e-06
    nodes_walk_hhs_with_children: -0.0002795586555806556
    nodes_walk_housing_cost: -9.811402953946536e-07
    nodes_walk_jobs: -5.680863047007286e-05
    nodes_walk_medical: 0.0006259646689993733
    nodes_walk_midinc_hhs: 0.002093397661221453
    nodes_walk_node_r1500_sqft: 4.423149823571981e-08
    nodes_walk_population: -0.0003813922412028659
    nodes_walk_race_1_hhs: -0.00043156471207899533
    nodes_walk_race_4_hhs: 0.0014161431349413625
    nodes_walk_retail_jobs: 0.002275504592832087
    parcel_sqft: 1.7584898002195512e-05
    parcels_parcel_size: -1.8953247697150557e-05
    parcels_pct_undev: 0.0009823922846571229
    parcels_total_sqft: -8.777795660060043e-05
    parcels_zones_jobs_within_30_min: 4.7676341828934125e-08
    residential_sqft: 0.00011397116366199243
    sqft_per_unit: -6.242354948157493e-06
    year_built: 0.01802822040896418
    zones_acres: -9.657162211860815e-06
    zones_empden: -0.000942158241611474
    zones_employment: -5.405829596071716e-05
    zones_households: -0.00028775611196055315
    zones_logsum_job_high_income: -1.9324523054074673e-07
    zones_logsum_job_low_income: 5.4658153954242766e-09
    zones_logsum_job_mid_income: 1.6144732208046854e-09
    zones_logsum_pop_high_income: 2.3260163984989824e-07
    zones_logsum_pop_low_income: -2.5818462019725407e-08
    zones_logsum_pop_mid_income: -6.785382851290712e-09
    zones_population: 0.00011832045464826017
    zones_retail_jobs: 0.0007238304612654106
    zones_transit_jobs_30min: 4.700503601829954e-06
    zones_transit_jobs_50min: 5.707308884813621e-07
fit_rsquared: 0.5350112325235596
fit_rsquared_adj: 0.5350112325235596
fitted: true
model_expression:
  left_side: np.log1p(sqft_price_nonres)
  right_side:
  - year_built
  - sqft_per_unit
  - land_area
  - residential_sqft
  - building_sqft
  - jobs_within_30_min
  - parcel_sqft
  - crime_ucr_rate
  - crime_other_rate
  - b_total_jobs
  - parcels_pct_undev
  - parcels_parcel_size
  - parcels_total_sqft
  - parcels_zones_jobs_within_30_min
  - zones_acres
  - zones_households
  - zones_population
  - zones_employment
  - zones_retail_jobs
  - zones_empden
  - zones_logsum_pop_high_income
  - zones_logsum_pop_mid_income
  - zones_logsum_pop_low_income
  - zones_logsum_job_high_income
  - zones_logsum_job_mid_income
  - zones_logsum_job_low_income
  - zones_transit_jobs_50min
  - zones_transit_jobs_30min
  - nodes_walk_population
  - nodes_walk_midinc_hhs
  - nodes_walk_race_1_hhs
  - nodes_walk_race_4_hhs
  - nodes_walk_hhs_with_children
  - nodes_walk_jobs
  - nodes_walk_retail_jobs
  - nodes_walk_node_r1500_sqft
  - nodes_walk_ave_nonres_sqft_price
  - nodes_walk_medical
  - nodes_walk_ave_unit_sqft
  - nodes_walk_housing_cost
sample_size: 1090
