fit_filters:
- non_residential_sqft > 0
- sqft_price_nonres > 1
- sqft_price_nonres < 650
- hedonic_id == 12551
model_expression:
  left_side: np.log1p(sqft_price_nonres)
model_type: Regression
name: RegressionModel
predict_filters: hedonic_id == 12551
ytransform: np.exp
coef:
  Intercept: -2.5042479487082234
  building_age: -1.5169960086740567e-07
  building_sqft: 3.137872458074943e-06
  crime_other_rate: -6.141383947026937e-05
  crime_ucr_rate: -5.61786141291186e-05
  jobs_within_30_min: -1.6386641737289066e-07
  land_area: -8.346999905626047e-06
  nodes_walk_ave_nonres_sqft_price: 0.0014904431295582055
  nodes_walk_ave_unit_sqft: -5.8605754907268205e-09
  nodes_walk_hhs_with_children: -0.0006494684304054046
  nodes_walk_highinc_hhs: -0.0006751314536316392
  nodes_walk_housing_cost: 1.4785670575193601e-06
  nodes_walk_industrial: 0.00045843518418795903
  nodes_walk_jobs: 8.853566553633136e-05
  nodes_walk_medical: 0.008305187756593547
  nodes_walk_node_r1500_sqft: 3.1287491524012336e-08
  nodes_walk_population: 0.00016645988789663367
  nodes_walk_race_2_hhs: 0.0005042753835925086
  nodes_walk_race_3_hhs: -0.003708505434871594
  parcel_sqft: 7.442990020150751e-07
  parcels_ave_unit_size: -0.00012350417797873164
  parcels_total_job_spaces: 0.0010499410319681872
  parcels_total_sqft: -8.57695277991562e-06
  parcels_zones_employment: 1.508041510814441e-06
  parcels_zones_households: -5.252410118876394e-05
  parcels_zones_jobs_within_30_min: 8.682481515750393e-08
  parcels_zones_logsum_job_high_income: -5.987743471122782e-08
  parcels_zones_logsum_job_low_income: 5.082106654105373e-07
  parcels_zones_logsum_pop_high_income: 8.300117518295467e-08
  parcels_zones_logsum_pop_low_income: -3.9113574909934074e-07
  parcels_zones_population: 4.9299072628968754e-05
  parcels_zones_retail_jobs: 6.891861447472847e-05
  parcels_zones_transit_jobs_30min: -4.36819594903336e-06
  parcels_zones_transit_jobs_50min: -5.894248159783728e-07
  residential_sqft: 2.2999139767724933e-06
  school_district_achievement: -0.00041803525477030466
  sqft_per_unit: 8.049631763262114e-06
  vacant_job_spaces: -0.0005715276048361268
  year_built: 0.0030701708267101588
  zones_acres: -4.684218994907556e-06
  zones_empden: -0.0006515118479324617
  zones_households: -8.083402567013577e-05
  zones_logsum_job_high_income: -5.991747968781924e-08
  zones_logsum_job_low_income: 4.94006573147575e-07
  zones_logsum_pop_high_income: 7.42565443734921e-08
  zones_logsum_pop_low_income: -3.8647990522499215e-07
  zones_population: 3.832139004501866e-05
  zones_retail_jobs: 1.8412765614497516e-05
  zones_transit_jobs_30min: -2.4268313986674094e-06
  zones_transit_jobs_50min: -2.931530486521939e-07
sample_size: 837
score: 0.6065513577629308
