fit_filters:
- non_residential_sqft > 0
- sqft_price_nonres > 1
- sqft_price_nonres < 650
- hedonic_id == 12533
model_type: regression
name: RegressionModel
predict_filters: hedonic_id == 12533
target_variable: np.log1p(sqft_price_nonres)
ytransform: np.exp
fit_parameters:
  Coefficient:
    Intercept: -7.1303315132563085
    b_total_jobs: 0.0005060258334009384
    building_age: -0.0005733189278664121
    building_sqft: -1.6160881660606962e-06
    crime_other_rate: 0.000156310573628122
    crime_ucr_rate: -0.00046288540062182755
    job_spaces: 0.0003871643851757174
    jobs_within_30_min: 3.9854947493692956e-08
    land_area: 2.4394089184255073e-06
    nodes_walk_ave_nonres_sqft_price: 0.008323915515354444
    nodes_walk_ave_unit_sqft: 1.7066733127453723e-06
    nodes_walk_households: 0.0006074938685698495
    nodes_walk_housing_cost: -9.725540179240748e-07
    nodes_walk_industrial: 0.0009943594336112352
    nodes_walk_jobs: 6.795055901629179e-05
    nodes_walk_medical: -0.00043230470130808187
    nodes_walk_midinc_hhs: 0.00011696940462842693
    nodes_walk_node_r1500_sqft: 3.813121013192766e-09
    nodes_walk_office: -0.0006623731797884746
    nodes_walk_population: -0.0003519043333485639
    nodes_walk_race_3_hhs: 1.6866724631744602e-06
    nodes_walk_residential: 3.138903005123215e-05
    nodes_walk_retail: -0.00025257886313989104
    nodes_walk_retail_jobs: -0.0001060159436648122
    non_residential_units: 1.0012039830827385e-18
    parcel_sqft: -2.908575196746738e-09
    parcels_ave_unit_size: 5.344233802603296e-05
    parcels_parcel_size: 3.4704588388052216e-07
    parcels_pct_undev: 0.0009291820598678336
    parcels_total_job_spaces: 0.00016414425526196098
    parcels_total_sqft: -1.93704315417258e-06
    parcels_zones_jobs_within_30_min: -4.974964455457686e-08
    school_district_achievement: -0.000146697944179706
    year_built: 0.005168457840255556
    zones_acres: -3.7155994350690585e-05
    zones_employment: 9.4548125237367e-07
    zones_households: -0.0004088562522866246
    zones_logsum_job_high_income: 2.0034179720749606e-07
    zones_logsum_job_low_income: 8.146893540670054e-07
    zones_logsum_job_mid_income: 3.866815712486235e-09
    zones_logsum_pop_high_income: -2.829704438978574e-07
    zones_logsum_pop_low_income: -5.580666963903264e-07
    zones_logsum_pop_mid_income: 1.271755065843141e-07
    zones_mean_age_of_head: -0.0005391455106812429
    zones_population: 0.00015145891877834685
    zones_retail_jobs: -0.0002075416269888132
    zones_transit_jobs_30min: 3.308090328855205e-06
    zones_transit_jobs_50min: -2.0866843762067492e-06
    zones_z_total_jobs: 4.127914083588213e-06
fit_rsquared: 0.33679499203367935
fitted: true
model_expression:
  left_side: np.log1p(sqft_price_nonres)
  right_side:
  - year_built
  - land_area
  - building_sqft
  - job_spaces
  - non_residential_units
  - jobs_within_30_min
  - parcel_sqft
  - school_district_achievement
  - crime_ucr_rate
  - crime_other_rate
  - building_age
  - b_total_jobs
  - parcels_pct_undev
  - parcels_parcel_size
  - parcels_ave_unit_size
  - parcels_total_job_spaces
  - parcels_total_sqft
  - parcels_zones_jobs_within_30_min
  - zones_acres
  - zones_households
  - zones_population
  - zones_employment
  - zones_retail_jobs
  - zones_logsum_pop_high_income
  - zones_logsum_pop_mid_income
  - zones_logsum_pop_low_income
  - zones_logsum_job_high_income
  - zones_logsum_job_mid_income
  - zones_logsum_job_low_income
  - zones_z_total_jobs
  - zones_transit_jobs_50min
  - zones_transit_jobs_30min
  - zones_mean_age_of_head
  - nodes_walk_population
  - nodes_walk_households
  - nodes_walk_midinc_hhs
  - nodes_walk_race_3_hhs
  - nodes_walk_jobs
  - nodes_walk_retail_jobs
  - nodes_walk_node_r1500_sqft
  - nodes_walk_residential
  - nodes_walk_ave_nonres_sqft_price
  - nodes_walk_retail
  - nodes_walk_office
  - nodes_walk_industrial
  - nodes_walk_medical
  - nodes_walk_ave_unit_sqft
  - nodes_walk_housing_cost
sample_size: 1681
