fit_filters:
- non_residential_sqft > 0
- sqft_price_nonres > 1
- sqft_price_nonres < 650
- hedonic_id == 9331
model_expression:
  left_side: np.log1p(sqft_price_nonres)
model_type: Regression
name: RegressionModel
predict_filters: hedonic_id == 9331
ytransform: np.exp
coef:
  b_total_jobs: 0.0015135954332729498
  building_age: -4.2739422796660494e-05
  building_sqft: -2.207720211969797e-06
  crime_other_rate: 8.461493083533104e-05
  crime_ucr_rate: 0.00024426506046948106
  jobs_within_30_min: -2.7689474016932967e-06
  land_area: 1.734119802450264e-06
  nodes_walk_housing_cost: -6.059436035512626e-07
  nodes_walk_industrial: 0.011641350297137521
  nodes_walk_jobs: -0.00015382016226707563
  nodes_walk_medical: -0.0007002242341067013
  nodes_walk_node_r1500_sqft: 1.4828597337608857e-09
  nodes_walk_office: -4.575962517800089e-05
  nodes_walk_population: -2.9554804490103056e-05
  nodes_walk_residential: -0.0001330520126049386
  nodes_walk_retail: -0.0005171686877290196
  nodes_walk_retail_jobs: 0.00023326640925136992
  parcel_sqft: -1.9096247666201273e-08
  parcels_total_sqft: -1.3876841001266225e-06
  parcels_zones_households: -0.0004510411235827042
  parcels_zones_logsum_job_high_income: -7.893029655289162e-07
  parcels_zones_logsum_job_low_income: -2.8905233364974786e-06
  parcels_zones_logsum_pop_high_income: 1.52500763515508e-06
  parcels_zones_logsum_pop_low_income: 1.3469229318826668e-06
  parcels_zones_population: 0.00020254694119872807
  parcels_zones_retail_jobs: 2.3017399800909083e-06
  parcels_zones_z_total_jobs: 7.64586756418504e-07
  year_built: 0.0003946991992776274
  zones_acres: -4.699371676375352e-05
  zones_employment: 2.2780576073518483e-05
  zones_households: -0.0004808861497233294
  zones_logsum_job_high_income: -8.254615728784907e-07
  zones_logsum_job_low_income: -2.7076517830710644e-06
  zones_logsum_pop_high_income: 6.706345951733198e-07
  zones_logsum_pop_low_income: 1.4347589862036435e-06
  zones_population: 0.00019364427139124653
  zones_retail_jobs: 0.00013831960311471247
  zones_z_total_jobs: 1.668946917093954e-06
sample_size: 283
score: 0.5999874591943077
