fit_filters:
- non_residential_sqft > 0
- sqft_price_nonres > 1
- sqft_price_nonres < 650
- hedonic_id == 351
model_expression:
  left_side: np.log1p(sqft_price_nonres)
model_type: Regression
name: RegressionModel
predict_filters: hedonic_id == 351
ytransform: np.exp
coef:
  building_age: -1.430001341897167e-05
  building_sqft: 1.4362020801162565e-05
  crime_other_rate: 1.3789658365507263e-05
  crime_ucr_rate: -0.00026074077243653924
  jobs_within_30_min: -6.043626932779371e-07
  land_area: 3.8845967940892154e-07
  nodes_walk_ave_unit_sqft: -7.702647524794434e-07
  nodes_walk_hhs_with_children: 6.311320354526368e-05
  nodes_walk_households: -4.603264305658725e-05
  nodes_walk_housing_cost: 7.184254944179192e-07
  nodes_walk_jobs: 7.937741079884539e-05
  nodes_walk_lowinc_hhs: -0.00012502242871347932
  nodes_walk_medical: 0.006860127738479298
  nodes_walk_node_r1500_sqft: 5.0901045454783676e-09
  nodes_walk_office: -0.00013153853339954483
  nodes_walk_race_2_hhs: -2.124857239247594e-05
  nodes_walk_retail: 2.609274317736261e-05
  parcel_sqft: 4.2004946560548214e-08
  parcels_ave_unit_size: -1.7308930792186058e-05
  parcels_parcel_size: -2.824680105714453e-07
  parcels_total_job_spaces: -0.0014251828796690493
  parcels_total_sqft: -9.746938030623711e-06
  parcels_total_units: -0.005967354764455773
  parcels_zones_employment: 1.0819097757118473e-05
  parcels_zones_households: -4.253712221170196e-06
  parcels_zones_jobs_within_30_min: 3.0915372117207425e-07
  parcels_zones_logsum_job_high_income: -3.769778768559476e-07
  parcels_zones_logsum_job_low_income: -4.5982403376034606e-08
  parcels_zones_logsum_pop_high_income: 6.802561524453323e-07
  parcels_zones_logsum_pop_low_income: 7.170431701523623e-08
  parcels_zones_population: 1.1924908194997645e-05
  parcels_zones_transit_jobs_30min: -1.4458845137785396e-06
  parcels_zones_transit_jobs_50min: 9.815276217539466e-08
  parcels_zones_z_total_jobs: 3.901024583879249e-14
  residential_sqft: 0.00023583661330545399
  vacant_job_spaces: -0.00211953580723754
  year_built: 0.0026476569304854825
  zones_employment: 7.775077250361968e-15
  zones_households: -2.7639866906143267e-05
  zones_logsum_job_high_income: -3.1194163776089894e-07
  zones_logsum_job_low_income: -5.3326193917772417e-08
  zones_logsum_pop_high_income: 3.2743652577205954e-07
  zones_logsum_pop_low_income: 2.698972223234373e-08
  zones_population: 1.0133324104324043e-06
  zones_transit_jobs_30min: -1.3867380124042512e-06
  zones_transit_jobs_50min: 1.599391036376689e-07
  zones_z_total_jobs: 8.009566807533303e-16
sample_size: 799
score: 0.5315473970695777
