fit_filters:
- non_residential_sqft > 0
- sqft_price_nonres > 1
- sqft_price_nonres < 650
- hedonic_id == 14751
model_type: regression
name: RegressionModel
predict_filters: hedonic_id == 14751
target_variable: np.log1p(sqft_price_nonres)
ytransform: np.exp
fit_parameters:
  Coefficient:
    Intercept: 0.8091479543453337
    building_sqft: 5.891482389898148e-05
    crime_other_rate: 0.00015380394592763233
    crime_ucr_rate: 0.00013144589548265583
    jobs_within_30_min: -7.395094427022944e-06
    land_area: 2.1367123662458526e-05
    nodes_walk_ave_unit_sqft: 6.03727802982165e-05
    nodes_walk_households: -0.0009670197462202433
    nodes_walk_housing_cost: -7.878721135805359e-06
    nodes_walk_jobs: 0.00010374264522922629
    nodes_walk_medical: 0.007079888486460102
    nodes_walk_node_r1500_sqft: 5.296037135038828e-09
    nodes_walk_population: 0.0015441924127051932
    nodes_walk_race_1_hhs: -0.0038180538923914243
    nodes_walk_residential: 0.003155838726890407
    nodes_walk_retail: -0.0005431815941151375
    nodes_walk_retail_jobs: 0.001345213092402397
    parcel_sqft: 1.1542452278097305e-05
    parcels_ave_unit_size: 0.0002203879519257757
    parcels_parcel_size: -1.443285842139548e-05
    parcels_pct_undev: 0.0009220456404122843
    parcels_total_job_spaces: -0.005678691072441737
    parcels_total_sqft: -0.00011683834837104669
    parcels_zones_jobs_within_30_min: -2.1540454258615986e-09
    vacant_job_spaces: -0.004629037207568025
    year_built: 0.0011803788419779044
    zones_acres: -1.1955065558709948e-05
    zones_employment: -3.672458856769229e-05
    zones_logsum_job_high_income: -6.53377513141078e-06
    zones_logsum_job_low_income: -1.0763394828840661e-05
    zones_logsum_job_mid_income: 3.724969068802292e-06
    zones_logsum_pop_high_income: 4.82373863027351e-06
    zones_logsum_pop_low_income: 6.122097173422614e-06
    zones_logsum_pop_mid_income: -2.487110667643418e-06
    zones_population: -3.62525856737801e-05
    zones_retail_jobs: -0.00029448533052379246
    zones_transit_jobs_30min: 3.302790768985566e-05
    zones_transit_jobs_50min: -1.2142844511920932e-05
    zones_z_total_jobs: -7.978620706762489e-05
fit_rsquared: 0.6720459019119567
fit_rsquared_adj: 0.6720459019119567
fitted: true
model_expression:
  left_side: np.log1p(sqft_price_nonres)
  right_side:
  - year_built
  - land_area
  - building_sqft
  - jobs_within_30_min
  - vacant_job_spaces
  - parcel_sqft
  - crime_ucr_rate
  - crime_other_rate
  - parcels_pct_undev
  - parcels_parcel_size
  - parcels_ave_unit_size
  - parcels_total_job_spaces
  - parcels_total_sqft
  - parcels_zones_jobs_within_30_min
  - zones_acres
  - zones_population
  - zones_employment
  - zones_retail_jobs
  - zones_logsum_pop_high_income
  - zones_logsum_pop_mid_income
  - zones_logsum_pop_low_income
  - zones_logsum_job_high_income
  - zones_logsum_job_mid_income
  - zones_logsum_job_low_income
  - zones_z_total_jobs
  - zones_transit_jobs_50min
  - zones_transit_jobs_30min
  - nodes_walk_population
  - nodes_walk_households
  - nodes_walk_race_1_hhs
  - nodes_walk_jobs
  - nodes_walk_retail_jobs
  - nodes_walk_node_r1500_sqft
  - nodes_walk_residential
  - nodes_walk_retail
  - nodes_walk_medical
  - nodes_walk_ave_unit_sqft
  - nodes_walk_housing_cost
sample_size: 154
