fit_filters:
- non_residential_sqft > 0
- sqft_price_nonres > 1
- sqft_price_nonres < 650
- hedonic_id == 14721
model_expression:
  left_side: np.log1p(sqft_price_nonres)
model_type: Regression
name: RegressionModel
predict_filters: hedonic_id == 14721
ytransform: np.exp
coef:
  b_total_jobs: 0.0015674606426237731
  building_age: -0.0004878211145143325
  building_sqft: -1.0290075629153556e-05
  crime_other_rate: -1.915466189310637e-05
  jobs_within_30_min: 8.916746769818122e-07
  land_area: 8.645302629759788e-06
  nodes_walk_ave_unit_sqft: -5.9278788974174855e-05
  nodes_walk_housing_cost: 3.464403652124767e-06
  nodes_walk_jobs: 0.00020392037945442745
  nodes_walk_medical: 0.0010873831770963952
  nodes_walk_node_r1500_sqft: -1.5975039564017215e-09
  nodes_walk_office: 0.00034204597359886377
  nodes_walk_population: 4.326521473992849e-05
  nodes_walk_retail: 0.009923763364895323
  parcel_sqft: -6.651701695174237e-08
  parcels_ave_unit_size: -1.864675393784239e-06
  parcels_landvalue: 7.806480484110666e-07
  parcels_total_sqft: -1.2168207406993287e-05
  parcels_zones_households: -7.228770997168188e-05
  parcels_zones_logsum_job_high_income: 2.1471241902092625e-06
  parcels_zones_logsum_job_low_income: 9.953668550207802e-08
  parcels_zones_logsum_pop_high_income: -8.748843814825628e-07
  parcels_zones_logsum_pop_low_income: -3.089678842369698e-07
  parcels_zones_population: 0.00012564646349461116
  parcels_zones_retail_jobs: -9.89331583471848e-05
  parcels_zones_transit_jobs_30min: -3.356233329993691e-05
  parcels_zones_transit_jobs_50min: -1.414690154676336e-06
  residential_sqft: -5.4749082930881685e-05
  sqft_per_unit: 0.00039855298544512854
  year_built: 0.0017095558487891975
  zones_acres: -1.0778213825454365e-05
  zones_households: -0.0002286212843211282
  zones_logsum_job_high_income: 1.8448232835636606e-06
  zones_logsum_job_low_income: 2.319520891025793e-07
  zones_logsum_pop_high_income: -1.1023920868697765e-06
  zones_logsum_pop_low_income: 9.797350521384382e-08
  zones_population: 9.118508643809356e-05
  zones_retail_jobs: -1.4184809890577984e-06
  zones_transit_jobs_30min: -1.7728904624784912e-05
  zones_transit_jobs_50min: -3.156561317384007e-07
sample_size: 809
score: 0.319446684464309
