fit_filters:
- non_residential_sqft > 0
- sqft_price_nonres > 1
- sqft_price_nonres < 650
- hedonic_id == 53
model_expression:
  left_side: np.log1p(sqft_price_nonres)
model_type: Regression
name: RegressionModel
predict_filters: hedonic_id == 53
ytransform: np.exp
coef:
  Intercept: -6.261640511807992
  b_total_jobs: 0.0013576615784513242
  building_age: -0.003837708248004233
  building_sqft: 3.405307958369297e-08
  crime_other_rate: -2.8751538530836146e-05
  crime_ucr_rate: 0.00015819655797472617
  jobs_non_home_based: 1.0294651933342426e-16
  jobs_within_30_min: 3.0763700996563733e-07
  land_area: 1.869366964891275e-06
  nodes_walk_ave_nonres_sqft_price: 0.0015361764759053986
  nodes_walk_ave_unit_sqft: -4.620885278421028e-09
  nodes_walk_highinc_hhs: 0.0016586070398243973
  nodes_walk_households: 0.0003047469558250713
  nodes_walk_housing_cost: 3.355089800570778e-07
  nodes_walk_industrial: 0.0013329362420230646
  nodes_walk_jobs: 0.00020767713978827804
  nodes_walk_lowinc_hhs: -0.00030348766534587737
  nodes_walk_max_office_far: 0.001078688029651438
  nodes_walk_medical: 0.008074025985009583
  nodes_walk_midinc_hhs: 0.00016482779093484576
  nodes_walk_node_r1500_sqft: 2.5956123944869982e-09
  nodes_walk_office: 0.000156913802802106
  nodes_walk_population: -0.00011900920106546607
  nodes_walk_race_1_hhs: 9.120059287216954e-05
  nodes_walk_retail: -0.0010095068317496777
  nodes_walk_retail_jobs: 0.00017431445782884844
  parcel_sqft: -6.609108853884869e-10
  parcels_ave_unit_size: -4.163716175912821e-05
  parcels_pptytax: 0.0038296690222363555
  parcels_total_sqft: -2.1431872237706717e-06
  parcels_total_units: 0.0004296241104622333
  parcels_zones_employment: -0.00010849499869559548
  parcels_zones_households: 2.0581742620097206e-05
  parcels_zones_jobs_within_30_min: -6.880179143658849e-08
  parcels_zones_logsum_job_high_income: -1.1370151936659562e-06
  parcels_zones_logsum_job_low_income: -2.4067430331503202e-09
  parcels_zones_logsum_pop_high_income: 3.9561757478013183e-07
  parcels_zones_logsum_pop_low_income: -5.096409144290199e-08
  parcels_zones_population: -2.679504065028592e-06
  parcels_zones_retail_jobs: 0.0002450848152391901
  parcels_zones_transit_jobs_30min: -5.425600101050557e-06
  parcels_zones_transit_jobs_50min: 2.425968624027431e-07
  parcels_zones_z_total_jobs: -2.6911585204758913e-05
  residential_sqft: -2.0438582282312964e-06
  sqft_per_unit: 0.00024009592143388415
  vacant_job_spaces: -0.0009763828443636585
  year_built: 0.004920974385274973
  zones_acres: 1.9591521873411252e-05
  zones_employment: -5.4545933928642845e-06
  zones_households: 6.640440950347234e-06
  zones_logsum_job_high_income: -1.334551759517456e-06
  zones_logsum_job_low_income: 1.85347807279285e-08
  zones_logsum_pop_high_income: 9.601402584017632e-07
  zones_logsum_pop_low_income: -4.8280414097282555e-09
  zones_population: -1.7207210261604592e-05
  zones_transit_jobs_30min: -2.7369176857701402e-06
  zones_transit_jobs_50min: 2.6683042753494363e-07
  zones_z_total_jobs: -3.7148459611824957e-09
sample_size: 416
score: 0.676516095972955
