fit_filters:
- non_residential_sqft > 0
- sqft_price_nonres > 1
- sqft_price_nonres < 650
- hedonic_id == 9333
model_expression:
  left_side: np.log1p(sqft_price_nonres)
model_type: Regression
name: RegressionModel
predict_filters: hedonic_id == 9333
ytransform: np.exp
coef:
  Intercept: 1.3750796245335035
  b_total_jobs: 0.0024660459559812243
  building_age: -0.00034998860217148864
  building_sqft: -6.321784038596067e-06
  crime_other_rate: -0.00015763055058813346
  crime_ucr_rate: 0.0010445278408951122
  jobs_non_home_based: 2.2383591889373295e-17
  jobs_within_30_min: -4.022096248276642e-06
  land_area: 5.2265289555968185e-06
  nodes_walk_ave_nonres_sqft_price: 0.009545707666960853
  nodes_walk_housing_cost: 4.926274499894612e-06
  nodes_walk_industrial: 0.005933056119143553
  nodes_walk_jobs: 7.442416056121365e-05
  nodes_walk_node_r1500_sqft: 9.463480575747014e-09
  nodes_walk_office: -0.0015793704453603255
  nodes_walk_population: -0.0006715866667059476
  nodes_walk_residential: -0.0011565687249200367
  nodes_walk_retail: -0.001917430696890904
  parcel_sqft: 5.031686345561622e-10
  parcels_ave_unit_size: -0.0001487104722575492
  parcels_total_job_spaces: 0.001096450268108585
  parcels_total_sqft: -2.292900718405628e-06
  parcels_zones_jobs_within_30_min: 1.8065364482081466e-07
  year_built: 0.0011476665199878298
  zones_acres: -5.016730383898808e-05
  zones_employment: 6.347938321033122e-05
  zones_logsum_job_high_income: -2.217924323688232e-06
  zones_logsum_job_low_income: 1.157577601740443e-05
  zones_logsum_pop_high_income: 1.188051948918114e-07
  zones_logsum_pop_low_income: 6.320668260097969e-08
  zones_population: 2.3461421662909397e-05
  zones_retail_jobs: -0.00021991646757667414
  zones_z_total_jobs: 2.6183442410845126e-06
sample_size: 411
score: 0.5091265959849871
