fit_filters:
- non_residential_sqft > 0
- sqft_price_nonres > 1
- sqft_price_nonres < 650
- hedonic_id == 9933
model_expression:
  left_side: np.log1p(sqft_price_nonres)
model_type: Regression
name: RegressionModel
predict_filters: hedonic_id == 9933
ytransform: np.exp
coef:
  b_total_jobs: 0.0009568129948441883
  building_age: -0.003059265052565981
  building_sqft: -7.199515921966949e-06
  crime_other_rate: -2.0644190828935208e-05
  crime_ucr_rate: 0.0002629072715618108
  jobs_non_home_based: 1.62498063759291e-16
  jobs_within_30_min: -1.9439674267989035e-07
  land_area: 5.787609058203857e-06
  nodes_walk_ave_nonres_sqft_price: 0.004637919755939343
  nodes_walk_ave_unit_sqft: 2.220645982435546e-06
  nodes_walk_housing_cost: 1.1690497174900668e-06
  nodes_walk_industrial: 0.0019168052518794775
  nodes_walk_jobs: 8.539129665230168e-05
  nodes_walk_medical: -0.0017843705487946599
  nodes_walk_node_r1500_sqft: -4.944508111457023e-08
  nodes_walk_office: -0.0004413857368606668
  nodes_walk_population: -2.6329888968821944e-05
  nodes_walk_race_2_hhs: -0.0006573146520335157
  nodes_walk_retail: 0.0005923055101349251
  nodes_walk_retail_jobs: 0.0006506338653160911
  parcel_sqft: -1.905854793979129e-07
  parcels_ave_unit_size: 7.940630229754444e-05
  parcels_total_sqft: -2.251658565074069e-09
  parcels_zones_employment: -4.830489404381159e-07
  parcels_zones_households: -0.00014071401703843388
  parcels_zones_jobs_within_30_min: 1.049341198328858e-07
  parcels_zones_logsum_job_high_income: 1.9412469951951013e-07
  parcels_zones_logsum_job_low_income: 3.1632311651914733e-07
  parcels_zones_logsum_pop_high_income: -7.525882079373053e-08
  parcels_zones_logsum_pop_low_income: -3.430558068866097e-07
  parcels_zones_mean_age_of_head: 0.0016646815734178263
  parcels_zones_population: 9.185994128238006e-05
  parcels_zones_transit_jobs_30min: 1.8473459356805865e-06
  parcels_zones_transit_jobs_50min: 3.345103203327026e-07
  parcels_zones_z_total_jobs: -1.1374167292938606e-05
  year_built: 0.007525619578443662
  zone_mean_age_of_head: 1.2335196414549782e-18
  zones_acres: 6.914608263338063e-05
  zones_employment: -1.7841171709346303e-12
  zones_households: -0.00019975422143838123
  zones_logsum_job_high_income: 9.807654717368671e-08
  zones_logsum_job_low_income: 3.326570416780094e-07
  zones_logsum_pop_high_income: -1.8434622287436556e-08
  zones_logsum_pop_low_income: -2.611269758741147e-07
  zones_mean_age_of_head: 0.0005226886330105799
  zones_population: 8.23981201227528e-05
  zones_transit_jobs_30min: 7.064370604501683e-07
  zones_transit_jobs_50min: 2.596220638286213e-07
  zones_z_total_jobs: -7.07489540144836e-10
sample_size: 537
score: 0.4851727009251071
