fit_filters:
- non_residential_sqft > 0
- sqft_price_nonres > 1
- sqft_price_nonres < 650
- hedonic_id == 333
model_expression:
  left_side: np.log1p(sqft_price_nonres)
model_type: Regression
name: RegressionModel
predict_filters: hedonic_id == 333
ytransform: np.exp
coef:
  Intercept: -7.226385349368941
  b_total_jobs: 0.001282405148229838
  building_age: -7.7483746753375e-05
  building_sqft: -1.3809584811010312e-06
  crime_other_rate: -2.3100167708228604e-05
  crime_ucr_rate: -0.00022498310337845998
  jobs_non_home_based: 5.692007768201146e-17
  jobs_within_30_min: 2.5104881428604522e-08
  land_area: 5.281671819035046e-07
  nodes_walk_ave_nonres_sqft_price: 0.010832064075788366
  nodes_walk_ave_unit_sqft: 1.0339256107453321e-06
  nodes_walk_housing_cost: 4.0461941261256424e-07
  nodes_walk_medical: -0.0019110563920494348
  nodes_walk_node_r1500_sqft: 5.202872609209841e-10
  nodes_walk_office: -0.0010528824281149124
  nodes_walk_population: 0.000181377918056205
  nodes_walk_race_1_hhs: -0.0007213580695593527
  nodes_walk_retail: -0.0009326821899443716
  nodes_walk_retail_jobs: -0.0002717718530027256
  parcel_sqft: 1.725427021475432e-07
  parcels_ave_unit_size: 3.9854254577916516e-05
  parcels_pptytax: -0.0019290648608156344
  parcels_total_job_spaces: -0.0003427734317813866
  parcels_total_sqft: -5.305792967508812e-07
  parcels_zones_employment: 3.658384571938089e-05
  parcels_zones_households: 1.8004130484709195e-05
  parcels_zones_jobs_within_30_min: 1.2391894329717806e-07
  parcels_zones_logsum_job_high_income: -3.3414034512563745e-08
  parcels_zones_logsum_job_low_income: -2.1273116765701238e-07
  parcels_zones_logsum_pop_high_income: 1.8942347900822752e-08
  parcels_zones_logsum_pop_low_income: 8.6797489609272e-08
  parcels_zones_population: -2.7868592830261835e-05
  parcels_zones_retail_jobs: 7.412406548249162e-05
  parcels_zones_transit_jobs_30min: 2.3801143860380248e-05
  parcels_zones_transit_jobs_50min: -4.800820936617294e-07
  parcels_zones_z_total_jobs: 5.981388303663105e-07
  residential_sqft: 1.4853472052465347e-05
  sqft_per_unit: 0.00012795796845811117
  year_built: 0.005279904478370585
  zones_acres: -5.3193505074095845e-05
  zones_employment: 1.247547836200832e-06
  zones_households: 5.5221434454115674e-05
  zones_logsum_job_high_income: -3.1332622525669294e-08
  zones_logsum_job_low_income: -2.000066439651772e-07
  zones_logsum_pop_high_income: 3.5787448949131406e-08
  zones_logsum_pop_low_income: 7.986702129203857e-08
  zones_population: -1.2694881415931411e-05
  zones_transit_jobs_30min: 1.501110847081444e-05
  zones_transit_jobs_50min: -9.358028594653492e-07
  zones_z_total_jobs: 2.280591633492083e-08
sample_size: 1708
score: 0.38642526041372305
