fit_filters:
- non_residential_sqft > 0
- sqft_price_nonres > 1
- sqft_price_nonres < 650
- hedonic_id == 365
model_type: regression
name: RegressionModel
predict_filters: hedonic_id == 365
target_variable: np.log1p(sqft_price_nonres)
ytransform: np.exp
fit_parameters:
  Coefficient:
    Intercept: -9.953880005581842
    b_total_jobs: 0.0021246814818024432
    building_age: -0.00022072806399023076
    building_sqft: 1.341472791203767e-05
    crime_other_rate: 4.289291629745843e-06
    crime_ucr_rate: -0.00011604601855288828
    jobs_within_30_min: -4.156799094919879e-08
    land_area: -1.6416193068145997e-05
    nodes_walk_ave_nonres_sqft_price: 0.006298642615909
    nodes_walk_ave_unit_sqft: -1.53054314013261e-05
    nodes_walk_households: -0.0001431748013135069
    nodes_walk_housing_cost: -1.7478808580230853e-06
    nodes_walk_industrial: 0.001134715097867426
    nodes_walk_jobs: 8.675880857618967e-05
    nodes_walk_medical: 1.37826970383934e-06
    nodes_walk_node_r1500_sqft: -1.9775266332439596e-09
    nodes_walk_race_3_hhs: -0.0005128239974009381
    nodes_walk_residential: 0.0002971099726073726
    nodes_walk_retail_jobs: 1.0637399351688273e-05
    parcel_sqft: -1.1308302889272416e-07
    parcels_parcel_size: 2.7301211025254193e-07
    parcels_pct_undev: -0.0001496113785704596
    parcels_total_job_spaces: 0.001333027984907501
    parcels_total_sqft: -4.668729540570285e-06
    parcels_zones_jobs_within_30_min: 7.911439758371571e-08
    residential_sqft: 0.0001262918646238288
    vacant_job_spaces: -0.005009959530224672
    year_built: 0.007264057894181119
    zones_acres: -0.0001599345915527913
    zones_employment: 2.6904127619552128e-05
    zones_households: -6.006248319286468e-06
    zones_logsum_job_high_income: 2.3496790338947486e-07
    zones_logsum_job_low_income: -2.334961927429723e-07
    zones_logsum_job_mid_income: 4.3844070167050734e-08
    zones_logsum_pop_high_income: -1.7334379979272956e-07
    zones_logsum_pop_low_income: -3.3610852627637047e-09
    zones_logsum_pop_mid_income: 1.4790456144196861e-08
    zones_population: -1.1069211717633833e-06
    zones_retail_jobs: -7.755208760313078e-05
    zones_transit_jobs_30min: 1.0745196888385725e-06
    zones_transit_jobs_50min: 1.603671288448463e-06
    zones_z_total_jobs: 1.6121752553064768e-06
fit_rsquared: 0.4256771898201751
fitted: true
model_expression:
  left_side: np.log1p(sqft_price_nonres)
  right_side:
  - year_built
  - land_area
  - residential_sqft
  - building_sqft
  - jobs_within_30_min
  - vacant_job_spaces
  - parcel_sqft
  - crime_ucr_rate
  - crime_other_rate
  - building_age
  - b_total_jobs
  - parcels_pct_undev
  - parcels_parcel_size
  - parcels_total_job_spaces
  - parcels_total_sqft
  - parcels_zones_jobs_within_30_min
  - zones_acres
  - zones_households
  - zones_population
  - zones_employment
  - zones_retail_jobs
  - zones_logsum_pop_high_income
  - zones_logsum_pop_mid_income
  - zones_logsum_pop_low_income
  - zones_logsum_job_high_income
  - zones_logsum_job_mid_income
  - zones_logsum_job_low_income
  - zones_z_total_jobs
  - zones_transit_jobs_50min
  - zones_transit_jobs_30min
  - nodes_walk_households
  - nodes_walk_race_3_hhs
  - nodes_walk_jobs
  - nodes_walk_retail_jobs
  - nodes_walk_node_r1500_sqft
  - nodes_walk_residential
  - nodes_walk_ave_nonres_sqft_price
  - nodes_walk_industrial
  - nodes_walk_medical
  - nodes_walk_ave_unit_sqft
  - nodes_walk_housing_cost
sample_size: 1431
