fit_filters:
- non_residential_sqft > 0
- sqft_price_nonres > 1
- sqft_price_nonres < 650
- hedonic_id == 533
model_expression:
  left_side: np.log1p(sqft_price_nonres)
model_type: Regression
name: RegressionModel
predict_filters: hedonic_id == 533
ytransform: np.exp
coef:
  b_total_jobs: 0.0021553930583472006
  building_age: -3.189024442455115e-05
  building_sqft: -1.3670266948877018e-06
  crime_other_rate: 8.263308439265572e-06
  crime_ucr_rate: -2.896433660704732e-05
  jobs_non_home_based: 4.712762139696041e-16
  jobs_within_30_min: -4.564426690746212e-07
  land_area: 4.3571465954014374e-07
  nodes_walk_ave_nonres_sqft_price: 0.005862213535845875
  nodes_walk_ave_unit_sqft: -0.0001191461585829518
  nodes_walk_hhs_with_children: -9.869219328374372e-05
  nodes_walk_housing_cost: 8.191239007204124e-06
  nodes_walk_jobs: -1.2921698397431042e-05
  nodes_walk_lowinc_hhs: -0.0005453361987243957
  nodes_walk_midinc_hhs: 0.00040952327867551047
  nodes_walk_node_r1500_sqft: 1.5590033207014283e-08
  nodes_walk_office: 0.0021656629248741066
  nodes_walk_population: 0.00014659020693568649
  nodes_walk_race_1_hhs: -0.0008836091611546691
  nodes_walk_race_3_hhs: 0.0008014966837197123
  nodes_walk_retail: -0.0010499798860145017
  nodes_walk_retail_jobs: 0.006740781178724423
  parcel_sqft: 7.80288761751963e-07
  parcels_ave_unit_size: -3.232206982999899e-05
  parcels_total_sqft: -1.4341887094049978e-06
  parcels_zones_households: -7.498469688788633e-05
  parcels_zones_jobs_within_30_min: 9.34279213596603e-08
  parcels_zones_logsum_job_high_income: 8.924082318496566e-08
  parcels_zones_logsum_job_low_income: 2.5924033862698178e-08
  parcels_zones_logsum_pop_high_income: -9.308537037439001e-08
  parcels_zones_logsum_pop_low_income: -1.0295899243740366e-09
  parcels_zones_retail_jobs: 0.0005947266747292486
  parcels_zones_transit_jobs_30min: 4.378192420451713e-06
  parcels_zones_transit_jobs_50min: -1.9480070331795297e-06
  parcels_zones_z_total_jobs: -6.903044275738744e-06
  residential_sqft: 1.2896095302700913e-05
  sqft_per_unit: 0.00019908867279640663
  year_built: 0.014638151325665505
  zones_employment: -6.672708242006712e-05
  zones_households: -5.800205838625198e-07
  zones_logsum_job_high_income: 8.502093884562841e-08
  zones_logsum_job_low_income: 1.721198785205635e-08
  zones_logsum_pop_high_income: -1.0197466811113195e-07
  zones_logsum_pop_low_income: -3.014348671535712e-08
  zones_population: 1.4890929673628207e-05
  zones_retail_jobs: 9.855207108476995e-05
  zones_transit_jobs_30min: 2.4090542483540327e-06
  zones_transit_jobs_50min: -1.7529165221397327e-06
  zones_z_total_jobs: -2.524837337707799e-05
sample_size: 714
score: 0.4383863376516941
