fit_filters:
- non_residential_sqft > 0
- sqft_price_nonres > 1
- sqft_price_nonres < 650
- hedonic_id == 531
model_type: regression
name: RegressionModel
predict_filters: hedonic_id == 531
target_variable: np.log1p(sqft_price_nonres)
ytransform: np.exp
fit_parameters:
  Coefficient:
    Intercept: -15.356562008774683
    building_age: -0.0006683530892671631
    building_sqft: -2.0660501644047395e-06
    crime_other_rate: -2.352084665146785e-06
    crime_ucr_rate: -1.5037264185861745e-05
    job_spaces: 3.9126169258085233e-05
    jobs_within_30_min: -6.322878560696626e-07
    land_area: 1.5147741946647577e-06
    nodes_walk_ave_unit_sqft: -4.4180526249016767e-07
    nodes_walk_housing_cost: 2.856962555273521e-06
    nodes_walk_industrial: 0.009456557501271036
    nodes_walk_jobs: -0.00010816575607420875
    nodes_walk_midinc_hhs: 0.0015137957939813916
    nodes_walk_node_r1500_sqft: 1.2254030450451615e-08
    nodes_walk_office: 0.0002528899077945132
    nodes_walk_population: -0.00034431031107750654
    nodes_walk_race_1_hhs: 0.0003749700454423929
    nodes_walk_race_4_hhs: 1.4027501167604739e-05
    nodes_walk_retail: 0.0005501250251848373
    nodes_walk_retail_jobs: 0.0019430879406639615
    non_residential_units: 2.6217691179802097e-17
    parcel_sqft: 3.7319478043817893e-07
    parcels_ave_unit_size: -9.909802153280155e-05
    parcels_parcel_size: 1.805001858434158e-07
    parcels_pct_undev: -0.00010121842052874001
    parcels_total_job_spaces: 0.0004886229712899572
    parcels_total_sqft: -1.6286687393507243e-06
    parcels_zones_jobs_within_30_min: 2.206702431625873e-07
    residential_sqft: 2.9451549646556378e-05
    sqft_per_unit: 0.0006440799592863813
    vacant_job_spaces: 0.00020692274906635553
    year_built: 0.009404684740510108
    zones_acres: -0.00028941083265886794
    zones_households: -0.0001849753049184403
    zones_logsum_job_high_income: 1.3739236081512744e-07
    zones_logsum_job_low_income: -5.100889741563515e-08
    zones_logsum_job_mid_income: 4.5281864593157676e-09
    zones_logsum_pop_high_income: -1.1123582076378348e-07
    zones_logsum_pop_low_income: 8.216251772543077e-08
    zones_logsum_pop_mid_income: -1.2736676147741837e-09
    zones_population: 1.6451870680957076e-05
    zones_retail_jobs: 0.0006935433759082399
    zones_transit_jobs_30min: 8.677419214486611e-06
    zones_transit_jobs_50min: -3.7266315850611813e-06
fit_rsquared: 0.528413421866438
fit_rsquared_adj: 0.528413421866438
fitted: true
model_expression:
  left_side: np.log1p(sqft_price_nonres)
  right_side:
  - year_built
  - sqft_per_unit
  - land_area
  - residential_sqft
  - building_sqft
  - job_spaces
  - non_residential_units
  - jobs_within_30_min
  - vacant_job_spaces
  - parcel_sqft
  - crime_ucr_rate
  - crime_other_rate
  - building_age
  - parcels_pct_undev
  - parcels_parcel_size
  - parcels_ave_unit_size
  - parcels_total_job_spaces
  - parcels_total_sqft
  - parcels_zones_jobs_within_30_min
  - zones_acres
  - zones_households
  - zones_population
  - zones_retail_jobs
  - zones_logsum_pop_high_income
  - zones_logsum_pop_mid_income
  - zones_logsum_pop_low_income
  - zones_logsum_job_high_income
  - zones_logsum_job_mid_income
  - zones_logsum_job_low_income
  - zones_transit_jobs_50min
  - zones_transit_jobs_30min
  - nodes_walk_population
  - nodes_walk_midinc_hhs
  - nodes_walk_race_1_hhs
  - nodes_walk_race_4_hhs
  - nodes_walk_jobs
  - nodes_walk_retail_jobs
  - nodes_walk_node_r1500_sqft
  - nodes_walk_retail
  - nodes_walk_office
  - nodes_walk_industrial
  - nodes_walk_ave_unit_sqft
  - nodes_walk_housing_cost
sample_size: 1694
