fit_filters:
- non_residential_sqft > 0
- sqft_price_nonres > 1
- sqft_price_nonres < 650
- hedonic_id == 95
model_expression:
  left_side: np.log1p(sqft_price_nonres)
model_type: Regression
name: RegressionModel
predict_filters: hedonic_id == 95
ytransform: np.exp
coef:
  Intercept: 10.601937981244129
  b_total_jobs: -0.0008828000480598286
  building_sqft: -5.294108795736842e-08
  crime_other_rate: -2.944015110606989e-05
  crime_ucr_rate: 0.00024540439923306773
  jobs_non_home_based: -6.278413593752778e-17
  jobs_within_30_min: -6.914236808851665e-07
  land_area: 2.1219451002310897e-06
  nodes_walk_ave_nonres_sqft_price: 0.01013315092904764
  nodes_walk_ave_unit_sqft: 0.00011683487253926895
  nodes_walk_highinc_hhs: -0.007575794297515451
  nodes_walk_households: 0.003986873393811388
  nodes_walk_housing_cost: -1.7007331810583462e-06
  nodes_walk_industrial: -3.883247181854027e-05
  nodes_walk_jobs: -8.723535798061644e-06
  nodes_walk_lowinc_hhs: 5.112303264887182e-05
  nodes_walk_max_retail_far: 0.011907783947487923
  nodes_walk_medical: -0.0013529686172107154
  nodes_walk_midinc_hhs: 0.0025118592398456
  nodes_walk_node_r1500_sqft: -1.81778581440492e-08
  nodes_walk_office: -0.002885293199092099
  nodes_walk_population: -0.0020102450688329514
  nodes_walk_race_2_hhs: -0.0032511886891743473
  nodes_walk_race_3_hhs: 0.0025240708877017704
  nodes_walk_race_4_hhs: 0.0033633889860696944
  nodes_walk_residential: 0.0015015723386427127
  nodes_walk_retail: 0.0010435824073923145
  nodes_walk_retail_jobs: 0.00025225086713363343
  parcel_sqft: -2.2637873005282038e-08
  parcels_ave_unit_size: 0.00018786757945898032
  parcels_total_job_spaces: -0.00032608286331644535
  parcels_total_sqft: 7.009274091586405e-07
  parcels_total_units: -0.0015071153637291634
  parcels_zones_jobs_within_30_min: -2.0246295242259473e-07
  parcels_zones_popden: -0.0003791903019944877
  popden: -0.00021152402127587905
  school_district_achievement: 0.00020536537545446748
  vacant_job_spaces: 0.0028422055776786163
  year_built: -0.003643893436262581
  zones_acres: -7.440405364664629e-05
  zones_empden: 0.0011136345273403236
  zones_employment: 2.2347055880921873e-05
  zones_households: -0.00020596016332652896
  zones_logsum_job_high_income: 4.804448390054549e-07
  zones_logsum_job_low_income: -3.2481443569221616e-08
  zones_logsum_pop_high_income: -6.109487639311555e-07
  zones_logsum_pop_low_income: 3.975087334112301e-08
  zones_population: 0.0002058609541627591
  zones_retail_jobs: 0.0006500774933325428
  zones_transit_jobs_30min: -1.8321466665242317e-05
  zones_transit_jobs_50min: 6.198782563390379e-06
  zones_z_total_jobs: 2.3099000003421173e-08
sample_size: 138
score: 0.5129407207016636
