fit_filters:
- non_residential_sqft > 0
- sqft_price_nonres > 1
- sqft_price_nonres < 650
- hedonic_id == 61
model_expression:
  left_side: np.log1p(sqft_price_nonres)
model_type: Regression
name: RegressionModel
predict_filters: hedonic_id == 61
ytransform: np.exp
coef:
  Intercept: -1.407119786923742
  building_age: -0.0006813598327795108
  building_sqft: 4.531756576593296e-06
  crime_other_rate: -4.435105412854083e-05
  crime_ucr_rate: -0.00012748611436609294
  jobs_within_30_min: 6.188522809350558e-08
  land_area: -3.936526479145461e-06
  nodes_walk_ave_nonres_sqft_price: 0.009731002372170353
  nodes_walk_ave_unit_sqft: -4.979686151301777e-05
  nodes_walk_households: -8.055774953968921e-05
  nodes_walk_housing_cost: 6.840166176175439e-06
  nodes_walk_jobs: -1.1037425931387504e-05
  nodes_walk_lowinc_hhs: -0.0008275394607506543
  nodes_walk_medical: -0.0019261415670767353
  nodes_walk_node_r1500_sqft: 2.7769823695222057e-09
  nodes_walk_office: -0.0015819855593993434
  nodes_walk_population: -1.963526934019446e-05
  nodes_walk_race_1_hhs: 0.00037604646334874755
  nodes_walk_race_4_hhs: -0.0016715762516098822
  nodes_walk_residential: -0.0010477485030488424
  nodes_walk_retail: -0.0007986004667191293
  nodes_walk_retail_jobs: 0.00046792192196055206
  parcel_sqft: -1.9117295077406966e-08
  parcels_ave_unit_size: -0.0003562880546648582
  parcels_pptytax: -0.00017268661376465164
  parcels_total_job_spaces: 0.0011696897117393073
  parcels_total_sqft: -2.256170232267638e-06
  parcels_total_units: 0.00033953092745801566
  parcels_zones_jobs_within_30_min: 8.832537798611194e-08
  residential_sqft: 0.0007431251665569132
  vacant_job_spaces: -0.0030870840549381217
  year_built: 0.002645561958702032
  zones_acres: -2.819321050289874e-06
  zones_employment: 2.3970968900483583e-05
  zones_households: -0.0002946632823134038
  zones_logsum_job_high_income: -9.298337973169724e-08
  zones_logsum_job_low_income: -5.19748302395924e-08
  zones_logsum_pop_high_income: 8.269994982315524e-08
  zones_logsum_pop_low_income: -5.991236120893758e-08
  zones_population: 0.00012972459538417296
  zones_retail_jobs: 0.00036025075772669584
  zones_transit_jobs_30min: 6.596763639524101e-06
  zones_transit_jobs_50min: 3.791475293054923e-06
  zones_z_total_jobs: 2.419764777830722e-08
sample_size: 1171
score: 0.5199166707171884
