fit_filters:
- non_residential_sqft > 0
- sqft_price_nonres > 1
- sqft_price_nonres < 650
- hedonic_id == 12523
model_type: regression
name: RegressionModel
predict_filters: hedonic_id == 12523
target_variable: np.log1p(sqft_price_nonres)
ytransform: np.exp
fit_parameters:
  Coefficient:
    Intercept: -1.935705502587954
    b_total_jobs: 0.0007222804163554553
    building_age: -0.0002840552979343525
    building_sqft: -9.446339281017388e-08
    crime_other_rate: -4.8576116515771204e-05
    crime_ucr_rate: 1.9834991025775207e-05
    jobs_non_home_based: 9.791251096918891e-20
    jobs_within_30_min: -1.688916393858631e-08
    land_area: -1.487979648136755e-06
    nodes_walk_ave_unit_sqft: -2.818183769023387e-08
    nodes_walk_housing_cost: -1.0719285254866458e-07
    nodes_walk_industrial: 0.0005356488431526711
    nodes_walk_jobs: 4.129305602789974e-05
    nodes_walk_medical: 0.0003216560745966838
    nodes_walk_node_r1500_sqft: -1.554427558022524e-08
    nodes_walk_office: 0.010123254722371229
    nodes_walk_population: -5.953027428643398e-05
    nodes_walk_race_1_hhs: 0.0004916888255718209
    nodes_walk_race_3_hhs: -0.00014681260515618364
    nodes_walk_retail: -0.00016540696954413743
    nodes_walk_retail_jobs: -7.277244831849242e-06
    parcel_sqft: 2.9090580814401137e-07
    parcels_ave_unit_size: -4.2622782186421105e-07
    parcels_parcel_size: -4.4260002688876287e-07
    parcels_total_job_spaces: -0.0009443768954498814
    parcels_total_sqft: 1.0267512033133903e-06
    parcels_zones_jobs_within_30_min: 5.199101857934677e-08
    residential_sqft: -0.00015281457404253514
    school_district_achievement: -5.4905783673016105e-05
    sqft_per_unit: 0.0007511365513553135
    year_built: 0.0027877700077410463
    zones_acres: -3.542926964841287e-05
    zones_households: 5.627090094068668e-06
    zones_logsum_job_high_income: 2.050517794546316e-08
    zones_logsum_job_low_income: 7.873693487393961e-07
    zones_logsum_job_mid_income: -2.1976308355440907e-07
    zones_logsum_pop_high_income: -3.4513068263139925e-08
    zones_logsum_pop_low_income: -9.328066743462048e-07
    zones_logsum_pop_mid_income: 2.666448747064518e-07
    zones_population: 4.062554664094259e-06
    zones_retail_jobs: 1.3814879609136896e-05
    zones_transit_jobs_30min: -2.032922555998454e-06
    zones_transit_jobs_50min: -2.7865092730909137e-07
    zones_z_total_jobs: -2.4668134801580153e-06
fit_rsquared: 0.4415668712586408
fitted: true
model_expression:
  left_side: np.log1p(sqft_price_nonres)
  right_side:
  - year_built
  - sqft_per_unit
  - land_area
  - residential_sqft
  - building_sqft
  - jobs_within_30_min
  - parcel_sqft
  - school_district_achievement
  - crime_ucr_rate
  - crime_other_rate
  - building_age
  - b_total_jobs
  - jobs_non_home_based
  - parcels_parcel_size
  - parcels_ave_unit_size
  - parcels_total_job_spaces
  - parcels_total_sqft
  - parcels_zones_jobs_within_30_min
  - zones_acres
  - zones_households
  - zones_population
  - zones_retail_jobs
  - zones_logsum_pop_high_income
  - zones_logsum_pop_mid_income
  - zones_logsum_pop_low_income
  - zones_logsum_job_high_income
  - zones_logsum_job_mid_income
  - zones_logsum_job_low_income
  - zones_z_total_jobs
  - zones_transit_jobs_50min
  - zones_transit_jobs_30min
  - nodes_walk_population
  - nodes_walk_race_1_hhs
  - nodes_walk_race_3_hhs
  - nodes_walk_jobs
  - nodes_walk_retail_jobs
  - nodes_walk_node_r1500_sqft
  - nodes_walk_retail
  - nodes_walk_office
  - nodes_walk_industrial
  - nodes_walk_medical
  - nodes_walk_ave_unit_sqft
  - nodes_walk_housing_cost
sample_size: 4448
