fit_filters:
- non_residential_sqft > 0
- sqft_price_nonres > 1
- sqft_price_nonres < 650
- hedonic_id == 321
model_expression:
  left_side: np.log1p(sqft_price_nonres)
model_type: Regression
name: RegressionModel
predict_filters: hedonic_id == 321
ytransform: np.exp
coef:
  building_age: -1.7043965322354237e-05
  building_sqft: 4.660505449020211e-06
  crime_other_rate: 3.981923622441093e-05
  crime_ucr_rate: -0.0001661031175595763
  jobs_within_30_min: -1.1832747986105602e-08
  land_area: -5.023774427022375e-06
  nodes_walk_ave_nonres_sqft_price: 0.00017187450536536403
  nodes_walk_ave_unit_sqft: -1.0174004088475878e-07
  nodes_walk_highinc_hhs: 0.0003392278939073215
  nodes_walk_households: 0.00014676150832523986
  nodes_walk_housing_cost: 5.882568448338348e-07
  nodes_walk_jobs: 0.00010635369396051472
  nodes_walk_lowinc_hhs: -0.0001121663803371849
  nodes_walk_medical: 0.00028681238336514427
  nodes_walk_midinc_hhs: 5.851586881042983e-05
  nodes_walk_node_r1500_sqft: -5.368719502613542e-10
  nodes_walk_office: 0.00027170422787814225
  nodes_walk_race_1_hhs: 0.00014722827464887936
  nodes_walk_retail: 0.007290552533458017
  nodes_walk_retail_jobs: 0.00020609590990038808
  parcel_sqft: 3.749781441234235e-07
  parcels_parcel_size: -2.3488583150505546e-07
  parcels_pct_undev: 0.001114349877420581
  parcels_total_sqft: -4.37269549799354e-06
  parcels_zones_employment: 9.378130834455697e-06
  parcels_zones_households: -2.561071547555562e-05
  parcels_zones_jobs_within_30_min: 3.60422242410721e-08
  parcels_zones_logsum_job_high_income: -7.592069690700563e-09
  parcels_zones_logsum_job_low_income: -5.650170098278799e-08
  parcels_zones_logsum_pop_low_income: 3.3730882197883033e-09
  parcels_zones_population: 1.726554347006057e-05
  parcels_zones_retail_jobs: 0.00012200473665364541
  parcels_zones_transit_jobs_30min: 4.719068881743773e-06
  parcels_zones_transit_jobs_50min: -5.248712428760015e-07
  parcels_zones_z_total_jobs: 2.100173374347308e-07
  residential_sqft: 5.875571200162575e-06
  sqft_per_unit: 0.00022792428154095524
  vacant_job_spaces: -0.0015366003022110452
  year_built: 0.005628568349309691
  zones_employment: 6.45375212342928e-07
  zones_households: -3.4366685989797975e-05
  zones_logsum_job_high_income: -2.1256347559732176e-08
  zones_logsum_job_low_income: -4.096138875683739e-08
  zones_logsum_pop_high_income: 1.5550841423644025e-08
  zones_logsum_pop_low_income: 4.469497479694213e-08
  zones_population: 1.7374170542607688e-05
  zones_retail_jobs: 1.763319182548919e-08
  zones_transit_jobs_30min: 2.2038047974262616e-06
  zones_transit_jobs_50min: -4.890757080159383e-07
  zones_z_total_jobs: 4.049617277922674e-09
sample_size: 6240
score: 0.3830881524232148
