fit_filters:
- non_residential_sqft > 0
- sqft_price_nonres > 1
- sqft_price_nonres < 650
- hedonic_id == 11
model_expression:
  left_side: np.log1p(sqft_price_nonres)
model_type: Regression
name: RegressionModel
predict_filters: hedonic_id == 11
ytransform: np.exp
coef:
  building_age: -0.00015673469602646976
  building_sqft: -9.802254206982453e-06
  county_id: 0.004746727100015986
  crime_other_rate: 0.00018651661760916172
  crime_ucr_rate: -0.0008953394407912326
  job_spaces: -0.0005909250072561019
  jobs_within_30_min: -1.5174873650222622e-06
  land_area: -8.264770563362459e-07
  large_area_id: -0.0027281994600309115
  nodes_walk_ave_nonres_sqft_price: 0.0029751466274696233
  nodes_walk_ave_unit_sqft: 8.52720356792389e-06
  nodes_walk_hhs_with_children: -0.0002069822260402218
  nodes_walk_housing_cost: -1.4819646072106914e-06
  nodes_walk_industrial: 0.00048815719615047544
  nodes_walk_jobs: -0.00014864031888531685
  nodes_walk_lowinc_hhs: -6.912477464666837e-06
  nodes_walk_medical: 0.0003589291399653746
  nodes_walk_node_r1500_sqft: -2.104810344515927e-08
  nodes_walk_office: 0.0024353921802066796
  nodes_walk_population: -0.0001500641534451765
  nodes_walk_race_1_hhs: 0.00027207488605231124
  nodes_walk_race_2_hhs: -0.0011592046678194556
  nodes_walk_race_4_hhs: -0.00540838178968796
  nodes_walk_retail: -0.0019126607225580133
  nodes_walk_retail_jobs: 0.00023336981899398578
  parcel_sqft: -5.489268354995481e-07
  parcels_ave_unit_size: 0.000441210117612066
  parcels_pptytax: 0.006576668325611689
  parcels_total_job_spaces: -2.1409543869618917e-06
  parcels_total_sqft: 6.872282409023133e-06
  parcels_zones_employment: 9.252592460329749e-06
  parcels_zones_households: -0.0002766487360479324
  parcels_zones_jobs_within_30_min: 2.024259572059586e-07
  parcels_zones_logsum_job_high_income: 1.8423864031952918e-07
  parcels_zones_logsum_job_low_income: -2.8592196716413026e-07
  parcels_zones_logsum_pop_high_income: 9.462865919424142e-07
  parcels_zones_logsum_pop_low_income: 1.9672941935723503e-07
  parcels_zones_population: 6.878681109614919e-05
  parcels_zones_retail_jobs: 6.614746297854717e-05
  parcels_zones_transit_jobs_30min: 1.175930459838902e-05
  parcels_zones_transit_jobs_50min: -6.851655171881191e-07
  parcels_zones_z_total_jobs: 1.317482102817178e-07
  residential_sqft: 0.00029278495601346103
  school_district_achievement: 0.003555855599940017
  sqft_per_unit: 0.0016137375797622327
  vacant_job_spaces: -0.005618205651609784
  year_built: 0.004567839803196241
  zones_acres: -8.00332151769147e-05
  zones_employment: 9.946758186548287e-10
  zones_households: -0.00014674783302519008
  zones_logsum_job_high_income: 1.325922226179666e-07
  zones_logsum_job_low_income: -2.5642502596208086e-07
  zones_logsum_pop_high_income: -2.2467242064096783e-07
  zones_logsum_pop_low_income: 2.1596196316802575e-07
  zones_population: 6.287441093352474e-05
  zones_transit_jobs_30min: 1.2172085014120021e-05
  zones_transit_jobs_50min: -8.364136157927347e-07
sample_size: 120
score: 0.7055520611215174
