fit_filters:
- non_residential_sqft > 0
- sqft_price_nonres > 1
- sqft_price_nonres < 650
- hedonic_id == 12531
model_expression:
  left_side: np.log1p(sqft_price_nonres)
model_type: Regression
name: RegressionModel
predict_filters: hedonic_id == 12531
ytransform: np.exp
coef:
  Intercept: -6.017797660023422
  building_age: -0.0005959013206763683
  building_sqft: 1.582276171199798e-06
  crime_ucr_rate: -0.00011722665778343995
  job_spaces: -0.000529023678441492
  jobs_within_30_min: 1.039926183536097e-07
  land_area: -3.471017727942454e-07
  nodes_walk_ave_nonres_sqft_price: 0.00036388146251280435
  nodes_walk_ave_unit_sqft: -3.433709482511439e-05
  nodes_walk_housing_cost: 1.047383829601521e-07
  nodes_walk_industrial: 0.01498758810340916
  nodes_walk_jobs: 2.331285216390203e-05
  nodes_walk_medical: -4.783737314693253e-05
  nodes_walk_node_r1500_sqft: 5.86012268621265e-09
  nodes_walk_office: 0.00023515387592991334
  nodes_walk_population: 4.8941585060149495e-05
  non_residential_units: -8.160637401630976e-17
  parcel_sqft: 5.804683892906342e-10
  parcels_total_job_spaces: 0.0004217977810524844
  parcels_total_sqft: -1.034650170297214e-06
  parcels_zones_households: 2.6419358534683776e-05
  parcels_zones_jobs_within_30_min: 1.1778593331853724e-10
  parcels_zones_logsum_job_high_income: 2.7658608139837868e-08
  parcels_zones_logsum_job_low_income: 4.419790862743581e-08
  parcels_zones_logsum_pop_high_income: -4.029929684962355e-08
  parcels_zones_logsum_pop_low_income: -4.045690064234825e-08
  parcels_zones_population: -1.7398932036737826e-05
  parcels_zones_retail_jobs: 1.0315348317948662e-05
  parcels_zones_transit_jobs_30min: -1.4651501282282933e-07
  parcels_zones_transit_jobs_50min: -6.810041413101571e-08
  vacant_job_spaces: -0.0004661075690611173
  year_built: 0.004598472396482264
  zones_acres: -1.3531903121614322e-05
  zones_households: 3.371961170679811e-05
  zones_logsum_job_high_income: 2.69085705113885e-08
  zones_logsum_job_low_income: 4.1040237515941554e-08
  zones_logsum_pop_high_income: -3.542349472732442e-08
  zones_logsum_pop_low_income: -3.379105553973202e-08
  zones_population: -1.3155212314017328e-05
  zones_retail_jobs: 2.067130244906993e-06
  zones_transit_jobs_30min: -4.1276637536270396e-08
  zones_transit_jobs_50min: -7.00691089578459e-08
sample_size: 3482
score: 0.4796921978099883
