fit_filters:
- non_residential_sqft > 0
- sqft_price_nonres > 1
- sqft_price_nonres < 650
- hedonic_id == 16123
model_expression:
  left_side: np.log1p(sqft_price_nonres)
model_type: Regression
name: RegressionModel
predict_filters: hedonic_id == 16123
ytransform: np.exp
coef:
  Intercept: 1.7525883240865872
  b_total_jobs: 8.610658079543588e-05
  building_age: -0.0006281489193344181
  building_sqft: 4.6012827398104517e-07
  crime_other_rate: 5.905084040023853e-05
  crime_ucr_rate: 9.576320443624567e-05
  jobs_non_home_based: 4.803435121324823e-20
  jobs_within_30_min: 1.2991962278115847e-07
  land_area: -2.6053193052067776e-06
  nodes_walk_ave_unit_sqft: 3.5478339756268123e-06
  nodes_walk_highinc_hhs: -0.0013504505041363859
  nodes_walk_households: -0.0005959902780426579
  nodes_walk_housing_cost: 1.6471518831050212e-06
  nodes_walk_industrial: -0.0014674885229072896
  nodes_walk_jobs: 0.00012944774543259893
  nodes_walk_lowinc_hhs: -0.0009911545185265157
  nodes_walk_midinc_hhs: 0.0007706415281275153
  nodes_walk_node_r1500_sqft: 1.2374556493166983e-08
  nodes_walk_office: 0.008484401129647722
  nodes_walk_population: 0.00039416724800136105
  nodes_walk_race_3_hhs: -0.00011599706108008134
  nodes_walk_retail: -0.00010148812025681441
  nodes_walk_retail_jobs: -0.0008011676341729649
  parcel_sqft: 5.707693032040702e-09
  parcels_total_sqft: -6.343261124736339e-07
  parcels_zones_employment: 7.257805155739341e-05
  parcels_zones_households: -7.958546950477558e-05
  parcels_zones_jobs_within_30_min: -2.192359020366439e-07
  parcels_zones_logsum_job_high_income: -3.9241539709211327e-08
  parcels_zones_logsum_job_low_income: 3.285194797528133e-08
  parcels_zones_logsum_pop_high_income: -9.371897425147285e-08
  parcels_zones_logsum_pop_low_income: -8.949666677639469e-08
  parcels_zones_population: 2.65379091708927e-05
  parcels_zones_retail_jobs: 0.0002601715646315229
  parcels_zones_transit_jobs_30min: -1.5513931468669969e-06
  parcels_zones_transit_jobs_50min: 1.2814403741445706e-06
  parcels_zones_z_total_jobs: 3.5787710887185796e-06
  residential_sqft: -5.502890895952834e-05
  sqft_per_unit: 0.00024217095546455282
  vacant_job_spaces: -0.000822938150766941
  year_built: 0.0008774712473668768
  zones_acres: -3.537169693265689e-05
  zones_employment: 1.4513714344926003e-07
  zones_households: -9.158199378227731e-05
  zones_logsum_job_high_income: -3.7915175297722564e-08
  zones_logsum_job_low_income: 3.236592070103692e-08
  zones_logsum_pop_high_income: -8.895445357052754e-09
  zones_logsum_pop_low_income: -6.700589391192882e-08
  zones_population: 4.169013851686723e-05
  zones_retail_jobs: 3.3532963733498403e-06
  zones_transit_jobs_30min: -1.1058691357647454e-06
  zones_transit_jobs_50min: 8.005603369047375e-07
  zones_z_total_jobs: 3.9415299163467037e-07
sample_size: 1107
score: 0.5320543245526468
