fit_filters:
- non_residential_sqft > 0
- sqft_price_nonres > 1
- sqft_price_nonres < 650
- hedonic_id == 95
model_type: regression
name: RegressionModel
predict_filters: hedonic_id == 95
target_variable: np.log1p(sqft_price_nonres)
ytransform: np.exp
fit_parameters:
  Coefficient:
    Intercept: 7.623754846848438
    b_total_jobs: -0.0009737091166532141
    building_age: 0.0001530469621451722
    building_sqft: 7.157794201571864e-08
    crime_other_rate: -6.11235442350635e-05
    crime_ucr_rate: 0.000392251979638108
    jobs_non_home_based: -4.113094481644649e-17
    jobs_within_30_min: -7.45193854931544e-07
    land_area: 1.7104493478010932e-06
    nodes_walk_ave_nonres_sqft_price: 0.011807692354338007
    nodes_walk_ave_unit_sqft: 0.00014793658080127
    nodes_walk_hhs_with_children: -0.00044764740904900936
    nodes_walk_highinc_hhs: -0.006544089239860302
    nodes_walk_households: 0.00267381179381749
    nodes_walk_housing_cost: -2.884378290246011e-06
    nodes_walk_jobs: 7.921502472867052e-06
    nodes_walk_lowinc_hhs: 2.3418187447481916e-05
    nodes_walk_max_retail_far: 0.014520345254455828
    nodes_walk_medical: -0.0015753712065558262
    nodes_walk_midinc_hhs: 0.002358663800056187
    nodes_walk_node_r1500_sqft: -1.849758494073246e-08
    nodes_walk_office: -0.003366817654702278
    nodes_walk_population: -0.0015220987958547547
    nodes_walk_race_2_hhs: -0.0027626481123053
    nodes_walk_race_3_hhs: 0.0022583278606943097
    nodes_walk_race_4_hhs: 0.004678580065631993
    nodes_walk_residential: 0.0020303041950181767
    nodes_walk_retail: 0.0006603336472327207
    nodes_walk_retail_jobs: 0.00019600604604379126
    parcel_sqft: 9.767851371788973e-08
    parcels_ave_unit_size: 0.00024109173451230083
    parcels_parcel_size: -4.1999068978807723e-07
    parcels_total_job_spaces: -0.00034898800757616756
    parcels_total_sqft: 6.781640802176036e-07
    parcels_total_units: -0.001219114422031665
    parcels_zones_jobs_within_30_min: -1.6668040786544427e-07
    vacant_job_spaces: 0.002325739279385299
    year_built: -0.002229331416995279
    zones_acres: -1.8882285085771118e-05
    zones_empden: 0.00048661056813482776
    zones_employment: 4.716759531367127e-05
    zones_households: 9.745160918791715e-05
    zones_logsum_job_high_income: 4.441508976247546e-07
    zones_logsum_job_low_income: -2.1995934821281858e-08
    zones_logsum_job_mid_income: 1.600236975242054e-08
    zones_logsum_pop_high_income: -5.473387437759885e-07
    zones_logsum_pop_low_income: 1.963313330066762e-07
    zones_logsum_pop_mid_income: -2.535262932997856e-07
    zones_population: 9.01796822277762e-05
    zones_retail_jobs: 0.0007620669978616024
    zones_transit_jobs_30min: -1.7679997323810154e-05
    zones_transit_jobs_50min: 8.388213701006293e-06
fit_rsquared: 0.5309162557991924
fitted: true
sample_size: 138
