fit_filters:
- non_residential_sqft > 0
- sqft_price_nonres > 1
- sqft_price_nonres < 650
- hedonic_id == 14731
model_expression:
  left_side: np.log1p(sqft_price_nonres)
model_type: Regression
name: RegressionModel
predict_filters: hedonic_id == 14731
ytransform: np.exp
coef:
  b_total_jobs: 0.0018214685384976372
  building_sqft: -1.2337793303718181e-05
  crime_ucr_rate: -5.188244717911906e-05
  jobs_non_home_based: 3.017463807966384e-20
  jobs_within_30_min: 3.696657114424614e-06
  land_area: 7.047705180176224e-06
  nodes_walk_ave_unit_sqft: 2.002912504212976e-07
  nodes_walk_housing_cost: -5.027159042491934e-06
  nodes_walk_industrial: 0.022478029231344246
  nodes_walk_jobs: -0.0002921576085843419
  nodes_walk_medical: 0.0009997465916697834
  nodes_walk_node_r1500_sqft: -1.2383672817131048e-08
  nodes_walk_office: -0.0006464562281134387
  nodes_walk_population: -0.0004990639636855644
  nodes_walk_retail_jobs: 0.0003425983872312885
  parcel_sqft: 2.981146423995345e-08
  parcels_ave_unit_size: 0.0003016172275815731
  parcels_total_sqft: -1.3180097370429238e-06
  parcels_zones_employment: -1.3237792442152546e-05
  parcels_zones_households: 0.0006179854194332647
  parcels_zones_jobs_within_30_min: 8.274864370905957e-07
  parcels_zones_logsum_job_high_income: -4.27529052740174e-09
  parcels_zones_logsum_job_low_income: 2.522815744775944e-06
  parcels_zones_logsum_pop_high_income: 4.6306717456946543e-07
  parcels_zones_logsum_pop_low_income: -9.570858160836285e-07
  parcels_zones_population: -0.00026262760751826625
  parcels_zones_retail_jobs: -3.47302544131355e-05
  parcels_zones_transit_jobs_30min: -2.7252725558896905e-05
  parcels_zones_transit_jobs_50min: -5.785023273038566e-06
  parcels_zones_z_total_jobs: -6.026567489547582e-08
  year_built: 0.0044867255119328256
  zones_acres: 2.1554300278838318e-06
  zones_employment: -2.2164943630644434e-06
  zones_households: 0.000712646266564895
  zones_logsum_job_high_income: 4.954257663598738e-08
  zones_logsum_job_low_income: 2.4516980972523455e-06
  zones_logsum_pop_high_income: 1.1451731902557371e-07
  zones_logsum_pop_low_income: -1.1539554323126223e-06
  zones_population: -0.0002555040807687685
  zones_retail_jobs: -6.592586151305556e-05
  zones_transit_jobs_30min: -1.8952867478076674e-05
  zones_transit_jobs_50min: -3.107863943014007e-06
  zones_z_total_jobs: -1.2326268997197424e-06
sample_size: 256
score: 0.505445364736457
