fit_filters:
- non_residential_sqft > 0
- sqft_price_nonres > 1
- sqft_price_nonres < 650
- hedonic_id == 363
model_expression:
  left_side: np.log1p(sqft_price_nonres)
model_type: Regression
name: RegressionModel
predict_filters: hedonic_id == 363
ytransform: np.exp
coef:
  b_total_jobs: 0.0002838791582353532
  building_age: -0.0011165347070500571
  building_sqft: -2.9770025031949352e-06
  crime_other_rate: 1.3917036424041379e-05
  crime_ucr_rate: 0.00010355473554412797
  jobs_within_30_min: 2.434966432329215e-07
  land_area: -6.834313096616143e-07
  nodes_walk_ave_nonres_sqft_price: 0.0018691597726913129
  nodes_walk_ave_unit_sqft: -4.407917418575245e-05
  nodes_walk_hhs_with_children: 0.0022718526310414482
  nodes_walk_highinc_hhs: 0.004846445341871968
  nodes_walk_housing_cost: 2.2414710336228056e-05
  nodes_walk_jobs: 0.00013075161283311834
  nodes_walk_medical: 0.0007263775002318948
  nodes_walk_midinc_hhs: -0.0013660669520837387
  nodes_walk_node_r1500_sqft: 2.2038568352796255e-08
  nodes_walk_office: 0.0005544266379402457
  nodes_walk_population: -0.0003829128029873551
  nodes_walk_race_1_hhs: 0.0005952662080751579
  nodes_walk_race_2_hhs: -0.0008182485743776821
  nodes_walk_residential: -0.006700398164335022
  nodes_walk_retail: -0.0003473413041590411
  nodes_walk_retail_jobs: -0.0017651978623140453
  parcel_sqft: 1.0323407276701071e-06
  parcels_ave_unit_size: -0.00013995058362268118
  parcels_total_sqft: -1.3526623471956484e-06
  parcels_zones_employment: 2.646149933667886e-05
  parcels_zones_households: -1.7439484008113233e-08
  parcels_zones_jobs_within_30_min: -8.501645016635631e-08
  parcels_zones_logsum_job_high_income: -2.088487224048049e-06
  parcels_zones_logsum_job_low_income: 2.4425027129923775e-07
  parcels_zones_logsum_pop_high_income: 2.3497545643084782e-06
  parcels_zones_logsum_pop_low_income: 2.1762267233818137e-08
  parcels_zones_population: -5.278918491831577e-06
  parcels_zones_retail_jobs: 0.0003054588524094895
  parcels_zones_transit_jobs_30min: 1.422976355973016e-05
  parcels_zones_transit_jobs_50min: -3.5377762576964377e-06
  year_built: 0.011634621294065253
  zones_acres: -0.00046994980803295483
  zones_households: -1.9081171361859368e-06
  zones_logsum_job_high_income: -1.7877419255385152e-06
  zones_logsum_job_low_income: 2.21190061954509e-07
  zones_logsum_pop_high_income: 1.0083129048960166e-06
  zones_logsum_pop_low_income: -1.7109323123261722e-07
  zones_population: -5.702659286504463e-06
  zones_transit_jobs_30min: 9.892752060560074e-06
  zones_transit_jobs_50min: -3.5155607274262657e-06
  zones_z_total_jobs: 6.2236942634220495e-09
sample_size: 104
score: 0.6759936965771853
