fit_filters:
- non_residential_sqft > 0
- sqft_price_nonres > 1
- sqft_price_nonres < 650
- hedonic_id == 11521
model_expression:
  left_side: np.log1p(sqft_price_nonres)
model_type: Regression
name: RegressionModel
predict_filters: hedonic_id == 11521
ytransform: np.exp
coef:
  Intercept: 1.2714110028277754
  b_total_jobs: 0.001971102865186927
  building_age: -1.2532261189219461e-05
  building_sqft: -3.6287245596619528e-06
  crime_other_rate: 0.0001405994803823868
  crime_ucr_rate: -0.0004587879129779502
  jobs_non_home_based: 2.7348129713358054e-16
  jobs_within_30_min: 1.4814663899236638e-07
  land_area: 4.896852688206116e-06
  nodes_walk_ave_nonres_sqft_price: 0.00043558829840870117
  nodes_walk_housing_cost: -6.130310801051083e-07
  nodes_walk_industrial: 0.0011954223009623514
  nodes_walk_jobs: -4.593440406719756e-05
  nodes_walk_medical: 0.0006375469726866022
  nodes_walk_node_r1500_sqft: -4.316023992522391e-09
  nodes_walk_population: 0.0002907265980157416
  nodes_walk_retail: 0.013132004837539133
  nodes_walk_retail_jobs: 0.0008675792194786316
  parcel_sqft: 1.8156255991276878e-07
  parcels_total_sqft: -5.780899644427069e-06
  parcels_zones_employment: 6.478083339117436e-05
  parcels_zones_households: -6.243610064275201e-05
  parcels_zones_logsum_job_high_income: 8.776310264982609e-07
  parcels_zones_logsum_job_low_income: -7.166104163949833e-06
  parcels_zones_logsum_pop_high_income: -6.119633989094163e-07
  parcels_zones_logsum_pop_low_income: 3.529104157785396e-06
  parcels_zones_population: 3.483264009459039e-06
  parcels_zones_retail_jobs: 6.676726750833266e-05
  parcels_zones_transit_jobs_30min: -1.629563663927216e-05
  parcels_zones_transit_jobs_50min: -4.380969939252832e-06
  parcels_zones_z_total_jobs: 8.6046855936595e-06
  residential_sqft: 0.0003218106031706508
  sqft_per_unit: 7.472036355319341e-05
  year_built: 0.0008545639038605486
  zones_acres: -1.2150790135557421e-06
  zones_employment: 2.710631254877788e-05
  zones_households: -3.760444492247569e-05
  zones_logsum_job_high_income: 7.67335344651849e-07
  zones_logsum_job_low_income: -6.827331706381562e-06
  zones_logsum_pop_high_income: -4.449709617367029e-07
  zones_logsum_pop_low_income: 3.784614213681958e-06
  zones_retail_jobs: 1.143045337187976e-05
  zones_transit_jobs_30min: -1.5513441555089816e-05
  zones_transit_jobs_50min: -1.7073872838074165e-06
  zones_z_total_jobs: 1.0505597093497416e-05
sample_size: 958
score: 0.4271399261920559
