fit_filters:
- non_residential_sqft > 0
- sqft_price_nonres > 1
- sqft_price_nonres < 650
- hedonic_id == 12533
model_expression:
  left_side: np.log1p(sqft_price_nonres)
model_type: Regression
name: RegressionModel
predict_filters: hedonic_id == 12533
ytransform: np.exp
coef:
  building_age: -0.0011043258383037725
  building_sqft: -1.5555896694400854e-06
  crime_other_rate: 7.998743256358885e-05
  crime_ucr_rate: -0.0004044104755142364
  job_spaces: 0.0004408734659752368
  jobs_within_30_min: 2.6609918102048205e-08
  land_area: 4.878626190538223e-07
  nodes_walk_ave_nonres_sqft_price: 0.0029249595038019095
  nodes_walk_ave_unit_sqft: 5.363951922269976e-07
  nodes_walk_housing_cost: -3.0707077165232644e-07
  nodes_walk_industrial: 0.0032035550150830896
  nodes_walk_jobs: 4.919177379311064e-05
  nodes_walk_medical: -0.000405072567589381
  nodes_walk_node_r1500_sqft: -8.547807742933302e-09
  nodes_walk_office: 0.00022748597456687258
  nodes_walk_population: 7.191646128246683e-05
  nodes_walk_race_1_hhs: 0.00043805372047339263
  nodes_walk_race_2_hhs: -0.00018699872718514764
  nodes_walk_retail: 0.00013972465246488055
  nodes_walk_retail_jobs: 0.00014071694855567057
  non_residential_units: 1.949074932246615e-19
  parcel_sqft: -1.2836484033381784e-08
  parcels_ave_unit_size: 2.1435259669926773e-05
  parcels_total_job_spaces: 6.648034203339563e-05
  parcels_total_sqft: -4.435693227233199e-07
  parcels_zones_employment: 6.043707805765936e-06
  parcels_zones_jobs_within_30_min: -3.3505999297454035e-08
  parcels_zones_logsum_job_high_income: 2.6048927526654825e-08
  parcels_zones_logsum_job_low_income: 1.00092536921966e-07
  parcels_zones_logsum_pop_high_income: -4.005004688651297e-08
  parcels_zones_logsum_pop_low_income: -2.212035489464987e-07
  parcels_zones_mean_age_of_head: -0.001412470662071041
  parcels_zones_retail_jobs: 0.00013912705926775624
  parcels_zones_transit_jobs_30min: 3.104864835405756e-06
  parcels_zones_transit_jobs_50min: -1.1791483260237527e-06
  parcels_zones_z_total_jobs: 2.9331731588830763e-07
  school_district_achievement: -0.0008412669898727705
  year_built: 0.00724308676875438
  zone_mean_age_of_head: -5.302832923284249e-19
  zones_acres: -3.532906432776299e-05
  zones_logsum_job_high_income: 1.7408483747436704e-08
  zones_logsum_job_low_income: 1.0307460955892319e-07
  zones_logsum_pop_high_income: -2.631090811019305e-08
  zones_logsum_pop_low_income: -3.843273017912304e-08
  zones_mean_age_of_head: -5.356870772058721e-05
  zones_population: 4.340015994404257e-06
  zones_retail_jobs: 4.505429410378759e-06
  zones_transit_jobs_30min: 1.8539717731646627e-06
  zones_transit_jobs_50min: -8.126333894509807e-07
  zones_z_total_jobs: 1.7128942526025042e-07
sample_size: 641
score: 0.4185220309085689
