fit_filters:
- non_residential_sqft > 0
- sqft_price_nonres > 1
- sqft_price_nonres < 650
- hedonic_id == 94
model_expression:
  left_side: np.log1p(sqft_price_nonres)
model_type: Regression
name: RegressionModel
predict_filters: hedonic_id == 94
ytransform: np.exp
coef:
  b_total_jobs: 0.0010497735988932626
  building_age: -0.0014191795079652998
  building_sqft: -2.570323490601493e-06
  crime_other_rate: 1.8389385114412392e-05
  crime_ucr_rate: 2.1403464455995685e-05
  jobs_non_home_based: 1.134301737304035e-18
  jobs_within_30_min: -1.168657266221304e-07
  land_area: 2.45460526673006e-06
  large_area_id: -0.0005934107949748345
  nodes_walk_ave_nonres_sqft_price: 1.97563425256232e-05
  nodes_walk_ave_unit_sqft: -0.00011894585512427457
  nodes_walk_hhs_with_children: -0.0003712711753968161
  nodes_walk_highinc_hhs: -0.00010454235915471692
  nodes_walk_households: -0.0008107482091575177
  nodes_walk_housing_cost: 4.742437726411933e-06
  nodes_walk_industrial: 0.0002501921602670015
  nodes_walk_jobs: 0.00018498349396466607
  nodes_walk_lowinc_hhs: 9.33910341128186e-05
  nodes_walk_medical: 0.0003479604508646072
  nodes_walk_midinc_hhs: -4.792925559819699e-05
  nodes_walk_node_r1500_sqft: 7.688648776293631e-09
  nodes_walk_population: 0.0005345494427671323
  nodes_walk_race_2_hhs: 0.00018948971694174963
  nodes_walk_race_3_hhs: -0.0005788793793795642
  nodes_walk_race_4_hhs: -0.0031094294596799416
  nodes_walk_retail: 0.005037219269836313
  nodes_walk_retail_jobs: 8.503213290382661e-05
  parcel_sqft: 9.693389769658528e-08
  parcels_ave_unit_size: -0.00013700523756388243
  parcels_pptytax: -0.00066606195492819
  parcels_total_sqft: -1.297419442206709e-07
  parcels_zones_employment: -5.78096377637188e-07
  parcels_zones_households: 0.00015546517791795227
  parcels_zones_jobs_within_30_min: -9.369764844958164e-08
  parcels_zones_logsum_job_high_income: -1.0182392163747651e-07
  parcels_zones_logsum_job_low_income: -1.92759194336193e-09
  parcels_zones_logsum_pop_high_income: 1.4172107669205595e-07
  parcels_zones_logsum_pop_low_income: -1.4550182510938512e-07
  parcels_zones_population: -0.00011073348732527699
  parcels_zones_retail_jobs: 0.0004630355828623317
  parcels_zones_transit_jobs_30min: 3.5157803237787864e-07
  parcels_zones_transit_jobs_50min: 6.360316721244435e-07
  parcels_zones_z_total_jobs: -4.9765894475043176e-05
  residential_sqft: 2.106885520031451e-06
  sqft_per_unit: 0.00018425375590121884
  vacant_job_spaces: -0.00014483890025718995
  year_built: 0.0020638845143317553
  zones_acres: 2.0974090230772503e-05
  zones_employment: -6.510524045222154e-06
  zones_households: 0.00019955388657354748
  zones_logsum_job_high_income: -1.0644657497426233e-07
  zones_logsum_job_low_income: -5.291281095641254e-09
  zones_logsum_pop_high_income: 1.389912400277483e-07
  zones_logsum_pop_low_income: -2.183094164297528e-08
  zones_population: -8.76615800665223e-05
  zones_retail_jobs: 2.4607463462707634e-05
  zones_transit_jobs_30min: 5.500215838533539e-07
  zones_transit_jobs_50min: 4.5756502309258323e-07
  zones_z_total_jobs: -8.429818568824467e-06
sample_size: 211
score: 0.6086136326364565
