fit_filters:
- non_residential_sqft > 0
- sqft_price_nonres > 1
- sqft_price_nonres < 650
- hedonic_id == 14765
model_expression:
  left_side: np.log1p(sqft_price_nonres)
model_type: Regression
name: RegressionModel
predict_filters: hedonic_id == 14765
ytransform: np.exp
coef:
  Intercept: -1.23303619158788
  b_total_jobs: 0.0076090522853367185
  building_age: -0.0001179355061959698
  building_sqft: -7.466302972178535e-05
  crime_other_rate: 4.094030832255403e-05
  crime_ucr_rate: -0.0002043948467027784
  jobs_non_home_based: 5.23104459133795e-16
  jobs_within_30_min: 6.266736511299764e-06
  land_area: 2.7467836737948317e-05
  nodes_walk_ave_nonres_sqft_price: 0.0082875270486495
  nodes_walk_ave_unit_sqft: -1.2335708007148385e-05
  nodes_walk_housing_cost: 2.2033080841518584e-06
  nodes_walk_jobs: -3.886405877305906e-05
  nodes_walk_lowinc_hhs: -0.00115271222237793
  nodes_walk_node_r1500_sqft: -1.7290642997442478e-08
  nodes_walk_office: -2.1609748085818365e-05
  nodes_walk_population: -0.00021990004822604258
  nodes_walk_residential: -0.002224570923833648
  nodes_walk_retail: 0.0012498111290748094
  nodes_walk_retail_jobs: 0.002894348885417792
  parcel_sqft: 2.0503845489261252e-08
  parcels_ave_unit_size: -0.00010645808221117757
  parcels_total_sqft: -7.681304510585292e-06
  parcels_zones_employment: -7.061631843231768e-05
  parcels_zones_households: 3.768445928449665e-05
  parcels_zones_logsum_job_high_income: 1.0146786351707644e-05
  parcels_zones_logsum_job_low_income: -1.7808498983920347e-06
  parcels_zones_logsum_pop_high_income: -5.324081989151051e-06
  parcels_zones_logsum_pop_low_income: 9.078645439496605e-07
  parcels_zones_population: 0.00010140774489868713
  parcels_zones_retail_jobs: -0.0009151510748813069
  parcels_zones_transit_jobs_30min: -2.8403966289172127e-05
  parcels_zones_transit_jobs_50min: 8.1822441223546e-06
  parcels_zones_z_total_jobs: -6.293014147881343e-06
  residential_sqft: 0.0001402782503081521
  sqft_per_unit: -6.71030550994948e-05
  year_built: 0.0027752807548245538
  zones_acres: -3.8036602811338053e-06
  zones_logsum_job_high_income: 1.0120036512162945e-05
  zones_logsum_job_low_income: -1.7447583665069464e-06
  zones_logsum_pop_high_income: -5.611927267224132e-06
  zones_logsum_pop_low_income: 9.394895667242731e-07
  zones_retail_jobs: -0.00012476197988816194
  zones_transit_jobs_30min: -1.907781029731446e-05
  zones_transit_jobs_50min: 7.79864481986955e-06
  zones_z_total_jobs: -6.529767877560109e-06
sample_size: 273
score: 0.47902646823811434
