fit_filters:
- non_residential_sqft > 0
- sqft_price_nonres > 1
- sqft_price_nonres < 650
- hedonic_id == 9365
model_expression:
  left_side: np.log1p(sqft_price_nonres)
model_type: Regression
name: RegressionModel
predict_filters: hedonic_id == 9365
ytransform: np.exp
coef:
  building_age: -0.00011178021904098663
  building_sqft: 1.1880287667486077e-05
  crime_other_rate: 4.006196011968005e-05
  crime_ucr_rate: -0.0003250722225125544
  jobs_within_30_min: -5.4773096485525576e-11
  land_area: -1.1027912476074903e-05
  nodes_walk_ave_nonres_sqft_price: 0.004967020369569887
  nodes_walk_ave_unit_sqft: -1.5182670148885755e-05
  nodes_walk_housing_cost: 3.2291269434115175e-06
  nodes_walk_industrial: 0.0001863571577564448
  nodes_walk_jobs: 8.39223954172817e-05
  nodes_walk_node_r1500_sqft: 9.077441924124146e-09
  nodes_walk_office: 0.0007800366982182443
  nodes_walk_population: -0.00027581838728275355
  nodes_walk_residential: -0.001621609605916002
  nodes_walk_retail_jobs: 0.0005316179192249069
  parcel_sqft: -1.8889966593053077e-08
  parcels_ave_unit_size: -0.00023691267190326432
  parcels_parcel_size: -2.6054185191542955e-07
  parcels_pct_undev: -5.0247445001078374e-05
  parcels_total_job_spaces: 0.0012233503964337246
  parcels_total_sqft: -2.536418321849365e-05
  parcels_zones_employment: 1.2630570324666328e-05
  parcels_zones_households: 0.00021303966248208968
  parcels_zones_jobs_within_30_min: -1.1909445373160238e-07
  parcels_zones_logsum_job_high_income: -2.5516339523681427e-06
  parcels_zones_logsum_job_low_income: -2.0651100703478805e-06
  parcels_zones_logsum_pop_high_income: 2.1979432831453608e-06
  parcels_zones_logsum_pop_low_income: -8.166921106133674e-07
  parcels_zones_population: -3.590366324890652e-05
  parcels_zones_retail_jobs: -0.000227770261092531
  parcels_zones_z_total_jobs: 3.5705207326092585e-05
  year_built: 0.0036273919659312853
  zones_acres: -3.4107453159901284e-05
  zones_households: 0.00014880416373083395
  zones_logsum_job_high_income: -2.5854966890611204e-06
  zones_logsum_job_low_income: -1.9935994315267812e-06
  zones_logsum_pop_high_income: 2.0505657072800318e-06
  zones_logsum_pop_low_income: -7.532685876221759e-07
  zones_population: -3.334994033461306e-05
  zones_retail_jobs: -0.00018000433112594212
  zones_z_total_jobs: 1.191542004060951e-05
sample_size: 187
score: 0.7472065568603985
