fit_filters:
- non_residential_sqft > 0
- sqft_price_nonres > 1
- sqft_price_nonres < 650
- hedonic_id == 9965
model_type: regression
name: RegressionModel
predict_filters: hedonic_id == 9965
target_variable: np.log1p(sqft_price_nonres)
ytransform: np.exp
fit_parameters:
  Coefficient:
    Intercept: -6.04260398180156
    b_total_jobs: 0.0023309016703674263
    building_age: -0.000989441646652314
    building_sqft: -9.01265675479014e-06
    crime_other_rate: 3.5461285267335644e-05
    crime_ucr_rate: -0.00014359077961937166
    jobs_within_30_min: -6.115827910692674e-07
    land_area: -1.1490628223311293e-05
    nodes_walk_ave_nonres_sqft_price: 0.006915574676827187
    nodes_walk_ave_unit_sqft: -2.2412622454496978e-05
    nodes_walk_hhs_with_children: 0.0004989560469936746
    nodes_walk_housing_cost: -1.1121167128582925e-06
    nodes_walk_jobs: 0.00010034224166051266
    nodes_walk_medical: 4.745618818532301e-05
    nodes_walk_node_r1500_sqft: -3.0738552985686613e-09
    nodes_walk_race_1_hhs: -3.10441257673267e-05
    nodes_walk_retail: 3.4984424458775998e-06
    nodes_walk_retail_jobs: -0.00040159977603432734
    parcel_sqft: -1.898507334169855e-07
    parcels_ave_unit_size: -4.383674124797504e-05
    parcels_parcel_size: 2.2812396014873128e-07
    parcels_pct_undev: -0.0021944063647141897
    parcels_total_sqft: 1.1456118358020725e-07
    parcels_total_units: -0.00039904087472223993
    parcels_zones_jobs_within_30_min: -2.9540442269077996e-08
    residential_sqft: 1.0182516150076484e-05
    sqft_per_unit: 0.0001489197424485623
    year_built: 0.0051451861942519665
    zones_acres: -8.75755582896195e-05
    zones_employment: 2.6480787991418914e-07
    zones_households: 0.00011975737979832189
    zones_logsum_job_high_income: 3.626311405358359e-07
    zones_logsum_job_low_income: -1.0495443782589057e-06
    zones_logsum_job_mid_income: 9.551884505137684e-08
    zones_logsum_pop_high_income: -7.928873767134e-09
    zones_logsum_pop_low_income: 1.2439877572096858e-06
    zones_logsum_pop_mid_income: -1.8365890315481587e-07
    zones_mean_age_of_head: 0.0037978306526590543
    zones_population: -3.485557983374401e-05
    zones_retail_jobs: -0.00019389952214921485
    zones_transit_jobs_30min: -3.5435601908358085e-06
    zones_transit_jobs_50min: -2.0798601646160315e-06
    zones_z_total_jobs: 3.893583917650044e-06
fit_rsquared: 0.30409129660858814
fitted: true
sample_size: 916
