fit_filters:
- non_residential_sqft > 0
- sqft_price_nonres > 1
- sqft_price_nonres < 650
- hedonic_id == 12523
model_expression:
  left_side: np.log1p(sqft_price_nonres)
model_type: Regression
name: RegressionModel
predict_filters: hedonic_id == 12523
ytransform: np.exp
coef:
  building_age: -0.0006904982729257421
  building_sqft: -3.457589468843125e-07
  crime_other_rate: -4.730649133147709e-05
  crime_ucr_rate: -4.232487398004327e-05
  jobs_within_30_min: -1.315663312855681e-07
  land_area: -2.403983114870913e-06
  nodes_walk_ave_nonres_sqft_price: 0.0014031050364593717
  nodes_walk_housing_cost: -4.2420499902222744e-07
  nodes_walk_jobs: 3.49116094378213e-05
  nodes_walk_lowinc_hhs: -0.00019672831317489283
  nodes_walk_medical: 0.0009215596856468742
  nodes_walk_node_r1500_sqft: -7.387555219054222e-09
  nodes_walk_office: 0.0062018533244937255
  nodes_walk_population: -7.598066767787855e-05
  nodes_walk_race_1_hhs: 0.00040187865388974367
  nodes_walk_residential: 0.00022430980083587693
  nodes_walk_retail: -0.00010732667120284346
  nodes_walk_retail_jobs: 7.926347526031327e-05
  parcel_sqft: 2.461543595577176e-07
  parcels_total_sqft: -2.8852953554861494e-09
  parcels_zones_employment: 7.942062428609258e-08
  parcels_zones_households: -1.1280939419682996e-05
  parcels_zones_jobs_within_30_min: 4.112614603028624e-08
  parcels_zones_logsum_job_high_income: 4.384122609780016e-09
  parcels_zones_logsum_job_low_income: 2.20096818545557e-07
  parcels_zones_logsum_pop_high_income: -1.4210216228896073e-08
  parcels_zones_logsum_pop_low_income: -2.3334313338884168e-07
  parcels_zones_population: 1.7786480350589703e-05
  parcels_zones_retail_jobs: -1.4784837288018887e-05
  parcels_zones_transit_jobs_30min: -8.75410242636983e-07
  parcels_zones_transit_jobs_50min: -5.56499356777542e-07
  residential_sqft: -0.00016666849774668886
  school_district_achievement: -0.00014884877425108516
  sqft_per_unit: 0.000863291993795102
  vacant_job_spaces: -0.0005109156960905906
  year_built: 0.0032141580604560503
  zones_acres: -3.989401466759864e-05
  zones_employment: 2.8678501797801994e-07
  zones_households: -1.2258541381824318e-05
  zones_logsum_job_high_income: 1.6937702417909882e-09
  zones_logsum_job_low_income: 2.104025985210811e-07
  zones_logsum_pop_high_income: -4.874518060464125e-09
  zones_logsum_pop_low_income: -1.7525378858484328e-07
  zones_population: 1.112979459967475e-05
  zones_transit_jobs_30min: -9.534635509963835e-07
  zones_transit_jobs_50min: -2.839873176215351e-07
sample_size: 3554
score: 0.4235329181036749
