fit_filters:
- non_residential_sqft > 0
- sqft_price_nonres > 1
- sqft_price_nonres < 650
- hedonic_id == 521
model_expression:
  left_side: np.log1p(sqft_price_nonres)
model_type: Regression
name: RegressionModel
predict_filters: hedonic_id == 521
ytransform: np.exp
coef:
  building_age: -3.816698830715533e-06
  building_sqft: -1.1624274560192125e-05
  crime_other_rate: 2.007725611414091e-05
  crime_ucr_rate: -3.08513934746573e-05
  jobs_within_30_min: -9.865076882038914e-08
  land_area: -4.5844852103354405e-06
  nodes_walk_ave_nonres_sqft_price: 0.0037778909420568088
  nodes_walk_ave_unit_sqft: -1.1449569110691787e-05
  nodes_walk_housing_cost: 1.0632438457875316e-06
  nodes_walk_jobs: 3.4974242919459126e-05
  nodes_walk_lowinc_hhs: -0.0003364422216649636
  nodes_walk_medical: 0.0014113521472214486
  nodes_walk_midinc_hhs: 1.760992173733399e-05
  nodes_walk_node_r1500_sqft: -1.7154126417264272e-08
  nodes_walk_office: 0.0002633254127145254
  nodes_walk_population: 0.00012406370736143488
  nodes_walk_race_2_hhs: -4.2701761788226145e-05
  nodes_walk_race_4_hhs: 0.00032253743808852115
  nodes_walk_retail: 0.007530185101235346
  nodes_walk_retail_jobs: 0.0013753265592109985
  parcel_sqft: 8.907939448273332e-06
  parcels_ave_unit_size: -1.546290909990366e-06
  parcels_total_sqft: -1.919835338430974e-05
  parcels_zones_employment: -9.961958045235487e-06
  parcels_zones_households: 5.351338773660736e-05
  parcels_zones_jobs_within_30_min: -3.2813907460068706e-09
  parcels_zones_logsum_job_high_income: -5.4464979478011895e-08
  parcels_zones_logsum_job_low_income: 2.1263841987687172e-08
  parcels_zones_logsum_pop_high_income: 2.6163624451018566e-08
  parcels_zones_logsum_pop_low_income: 3.785316241556222e-09
  parcels_zones_population: -1.9706147637612548e-05
  parcels_zones_retail_jobs: 0.00013457166784931158
  parcels_zones_transit_jobs_30min: 6.611196368470202e-07
  parcels_zones_transit_jobs_50min: 2.2880611659722317e-07
  parcels_zones_z_total_jobs: -4.1521067781149045e-06
  residential_sqft: 8.267344967171783e-05
  sqft_per_unit: 6.969323258801813e-05
  year_built: 0.019052576548966724
  zones_acres: -8.409153900770729e-05
  zones_employment: -2.0118943030526917e-05
  zones_households: 0.00010228278498089266
  zones_logsum_job_high_income: -5.2343439247779185e-08
  zones_logsum_job_low_income: 1.2509665817468063e-08
  zones_logsum_pop_high_income: 5.7207497581136666e-08
  zones_logsum_pop_low_income: -2.809968083133526e-08
  zones_population: -1.2966713694977118e-05
  zones_retail_jobs: 4.7451201567649626e-05
  zones_transit_jobs_30min: 9.241611941553617e-08
  zones_transit_jobs_50min: 6.485517947543359e-08
  zones_z_total_jobs: -5.8062920166064905e-06
sample_size: 6141
score: 0.375366342817986
