fit_filters:
- non_residential_sqft > 0
- sqft_price_nonres > 1
- sqft_price_nonres < 650
- hedonic_id == 323
model_expression:
  left_side: np.log1p(sqft_price_nonres)
model_type: Regression
name: RegressionModel
predict_filters: hedonic_id == 323
ytransform: np.exp
coef:
  b_total_jobs: 0.0003166382223231759
  building_age: -1.203587265584484e-05
  building_sqft: -2.0857450371289988e-07
  crime_other_rate: 4.881702775523986e-05
  crime_ucr_rate: -0.0001984930842584299
  jobs_non_home_based: 3.754334693494344e-20
  jobs_within_30_min: -1.561761749370312e-07
  land_area: -1.6865256141758297e-06
  nodes_walk_ave_nonres_sqft_price: 0.0012482621872176355
  nodes_walk_ave_unit_sqft: 5.631294524149498e-06
  nodes_walk_households: 3.635366090158895e-05
  nodes_walk_housing_cost: 4.191996370036324e-09
  nodes_walk_jobs: 8.049490394710631e-05
  nodes_walk_midinc_hhs: 0.0003767395707962489
  nodes_walk_node_r1500_sqft: -1.2300708785979393e-09
  nodes_walk_office: 0.00869029094798399
  nodes_walk_race_1_hhs: 8.085440463438754e-05
  parcel_sqft: 1.468949217778281e-07
  parcels_ave_unit_size: 1.291490915988331e-06
  parcels_parcel_size: -3.721545814577466e-08
  parcels_pct_undev: 0.0012542725221787124
  parcels_total_sqft: -1.1947522398986296e-06
  parcels_zones_employment: -8.912521152121504e-06
  parcels_zones_households: -4.113195820744681e-06
  parcels_zones_jobs_within_30_min: 6.417567719681994e-09
  parcels_zones_logsum_job_high_income: 1.9846608550002e-07
  parcels_zones_logsum_job_low_income: -1.0871132957042318e-07
  parcels_zones_logsum_pop_high_income: -1.6601289966579047e-07
  parcels_zones_logsum_pop_low_income: 1.1080823861863873e-07
  parcels_zones_population: 2.1187910746011924e-05
  parcels_zones_retail_jobs: 7.532531788068871e-06
  parcels_zones_transit_jobs_30min: 1.028662026598803e-07
  parcels_zones_transit_jobs_50min: 2.5807997910510305e-07
  parcels_zones_z_total_jobs: -1.7393337196773674e-06
  residential_sqft: -5.388962275321958e-06
  sqft_per_unit: 0.00019863790518624027
  vacant_job_spaces: -0.0003422237890320989
  year_built: 0.00456388904352578
  zones_acres: -7.709548131894086e-05
  zones_employment: -1.3913154507340829e-06
  zones_households: -3.68606076066719e-05
  zones_logsum_job_high_income: 2.0960104106274348e-07
  zones_logsum_job_low_income: -1.1887491735926696e-07
  zones_logsum_pop_high_income: -1.5555357959565636e-07
  zones_logsum_pop_low_income: 6.736291214266179e-08
  zones_population: 1.177771800155774e-05
  zones_retail_jobs: 5.764779222083058e-06
  zones_transit_jobs_30min: 9.324920641760712e-08
  zones_transit_jobs_50min: 8.650565052993525e-08
  zones_z_total_jobs: -1.35263537700648e-06
sample_size: 4303
score: 0.46987917221338726
