fit_filters:
- non_residential_sqft > 0
- sqft_price_nonres > 1
- sqft_price_nonres < 650
- hedonic_id == 11531
model_expression:
  left_side: np.log1p(sqft_price_nonres)
model_type: Regression
name: RegressionModel
predict_filters: hedonic_id == 11531
ytransform: np.exp
coef:
  Intercept: -3.9519928156963253
  building_age: -0.00023985687905314924
  building_sqft: -2.513944600727919e-07
  crime_other_rate: -0.0001605597504420582
  crime_ucr_rate: 0.00038649483990184374
  jobs_within_30_min: -2.495014006841656e-07
  land_area: -3.889405868819904e-07
  nodes_walk_ave_nonres_sqft_price: -0.001587247247958846
  nodes_walk_ave_unit_sqft: 8.519859145057735e-05
  nodes_walk_industrial: 0.019530574283024134
  nodes_walk_jobs: 0.00011281606167501892
  nodes_walk_node_r1500_sqft: -8.325824961420735e-09
  nodes_walk_office: 0.00020298565572095947
  nodes_walk_population: -0.0002248183220999074
  nodes_walk_race_2_hhs: -0.0036399989599782017
  nodes_walk_residential: -0.0022875532963054484
  nodes_walk_retail_jobs: -0.00031190403455773195
  parcel_sqft: 7.178012029334642e-09
  parcels_ave_unit_size: 8.034851562785126e-05
  parcels_total_job_spaces: -0.0015456925475857838
  parcels_total_sqft: 1.6215384837827347e-06
  parcels_zones_jobs_within_30_min: 1.3190254092428718e-07
  vacant_job_spaces: 0.0003347493579715339
  year_built: 0.0032722206136786523
  zone_mean_age_of_head: -8.734696092646774e-19
  zones_acres: -1.6491666689279048e-05
  zones_employment: -3.987216869694834e-05
  zones_households: -0.000447727123061962
  zones_logsum_job_high_income: 2.9005034357041343e-07
  zones_logsum_job_low_income: -3.820255858346197e-06
  zones_logsum_pop_high_income: 1.2618352640283997e-06
  zones_logsum_pop_low_income: -3.5037793136373513e-06
  zones_mean_age_of_head: -0.000525181530758083
  zones_population: 0.00030624737101948325
  zones_retail_jobs: -0.00097953725516357
  zones_transit_jobs_30min: -0.00020419866560318715
  zones_transit_jobs_50min: 8.741235706432584e-05
  zones_z_total_jobs: -8.256043762458039e-06
sample_size: 233
score: 0.6857316800406091
