fit_filters:
- non_residential_sqft > 0
- sqft_price_nonres > 1
- sqft_price_nonres < 650
- hedonic_id == 91
model_expression:
  left_side: np.log1p(sqft_price_nonres)
model_type: Regression
name: RegressionModel
predict_filters: hedonic_id == 91
ytransform: np.exp
coef:
  b_total_jobs: -0.00146240204036696
  building_sqft: -7.884115373210395e-06
  crime_other_rate: -0.0006616512576373936
  crime_ucr_rate: -0.0015220019369337502
  job_spaces: -0.00191078323293725
  jobs_within_30_min: -7.437918214285831e-07
  land_area: 2.9603402747183132e-05
  nodes_walk_ave_nonres_sqft_price: 0.011405494796806153
  nodes_walk_ave_unit_sqft: -0.0006829866259761219
  nodes_walk_housing_cost: 2.8007827472379444e-06
  nodes_walk_industrial: -0.006688405928809786
  nodes_walk_jobs: 0.00011210004697127011
  nodes_walk_medical: -0.0016339033135234632
  nodes_walk_node_r1500_sqft: -4.41748805704476e-07
  nodes_walk_office: 0.004495458487519367
  nodes_walk_population: 0.0018600582904119629
  nodes_walk_race_1_hhs: -0.0020950967252086577
  nodes_walk_race_2_hhs: -0.006371335459676246
  nodes_walk_race_3_hhs: 0.012975904072570038
  nodes_walk_race_4_hhs: 0.010450939286153836
  nodes_walk_retail_jobs: 0.00035641763771272566
  non_residential_units: -1.6077620546050898e-16
  parcel_sqft: 1.0615453833035022e-06
  parcels_ave_unit_size: -0.0004755501958649797
  parcels_parcel_size: -3.089531168509334e-07
  parcels_total_job_spaces: -0.0011909026028245817
  parcels_total_sqft: -3.0262706294430217e-06
  parcels_zones_employment: 1.059847417321819e-07
  parcels_zones_households: 0.0001574525582270347
  parcels_zones_jobs_within_30_min: 6.928827920753826e-07
  parcels_zones_logsum_job_high_income: 4.21111481117352e-06
  parcels_zones_logsum_job_low_income: -2.0584853288900372e-06
  parcels_zones_logsum_pop_high_income: -2.880667055419284e-06
  parcels_zones_logsum_pop_low_income: 1.8536856699942082e-06
  parcels_zones_population: -0.0004061316279715265
  parcels_zones_retail_jobs: -0.000592800181880253
  parcels_zones_transit_jobs_30min: -3.853893547197736e-05
  parcels_zones_transit_jobs_50min: -1.4870994941240555e-05
  school_district_achievement: -0.00562752960141502
  zones_acres: 0.0007695453302963072
  zones_employment: 7.662387335300823e-05
  zones_households: 0.00014625961549548258
  zones_logsum_job_high_income: 3.987363318731663e-06
  zones_logsum_job_low_income: -1.8238220096992536e-06
  zones_logsum_pop_high_income: -3.1729524382830763e-06
  zones_logsum_pop_low_income: 2.0354355574164744e-06
  zones_population: -0.00026168101619283374
  zones_retail_jobs: -3.6898771308577046e-06
  zones_transit_jobs_30min: -6.058083847636814e-06
  zones_transit_jobs_50min: 2.378668602421415e-06
  zones_z_total_jobs: 0.0001353263826783233
sample_size: 37
score: 0.9863018782089027
