fit_filters:
- non_residential_sqft > 0
- sqft_price_nonres > 1
- sqft_price_nonres < 650
- hedonic_id == 9923
model_expression:
  left_side: np.log1p(sqft_price_nonres)
model_type: Regression
name: RegressionModel
predict_filters: hedonic_id == 9923
ytransform: np.exp
coef:
  b_total_jobs: 0.00010900381113238106
  building_age: -0.0028223832693031418
  building_sqft: -9.101671932211536e-06
  crime_other_rate: 5.4361513918686934e-05
  crime_ucr_rate: 1.2513622442586214e-05
  land_area: -9.298053948829495e-06
  nodes_walk_ave_nonres_sqft_price: 0.0012176073104727299
  nodes_walk_ave_unit_sqft: -2.0620001021781132e-05
  nodes_walk_housing_cost: 2.018029740851156e-06
  nodes_walk_jobs: 7.000933543552125e-05
  nodes_walk_lowinc_hhs: -4.774638727982931e-06
  nodes_walk_medical: 0.00019370133707251485
  nodes_walk_node_r1500_sqft: 4.457692812844697e-09
  nodes_walk_office: 0.006353954737027858
  nodes_walk_population: -5.537397940977327e-06
  nodes_walk_race_1_hhs: 0.00012309494679499356
  nodes_walk_race_2_hhs: -0.00015383212727659788
  nodes_walk_retail: 0.00025691430578998195
  nodes_walk_retail_jobs: 0.00035612020564714664
  parcel_sqft: 8.440717115267962e-08
  parcels_ave_unit_size: -3.768106832038762e-06
  parcels_total_sqft: 1.0094340940925752e-05
  parcels_zones_employment: -1.3416353971778529e-05
  parcels_zones_households: 1.562554268133552e-05
  parcels_zones_jobs_within_30_min: -8.923400690833194e-08
  parcels_zones_logsum_job_high_income: -2.8652352067064304e-08
  parcels_zones_logsum_job_low_income: 1.2124558275794418e-07
  parcels_zones_logsum_pop_high_income: 1.9537840214769923e-08
  parcels_zones_logsum_pop_low_income: -2.3377988205688328e-07
  parcels_zones_population: 1.9588470404581764e-06
  parcels_zones_retail_jobs: 0.00010205622073986142
  parcels_zones_transit_jobs_30min: 2.6244421578333734e-06
  parcels_zones_transit_jobs_50min: 9.153210674338781e-08
  parcels_zones_z_total_jobs: -6.67395008120951e-06
  residential_sqft: 6.552884997309715e-05
  sqft_per_unit: 0.0005778109509284729
  vacant_job_spaces: -0.0009649417621252142
  year_built: 0.002419140576307245
  zones_acres: -1.5744899010645493e-05
  zones_employment: -1.1085052365788915e-06
  zones_households: 1.2326955577749616e-05
  zones_logsum_job_high_income: -9.927966042445235e-08
  zones_logsum_job_low_income: 1.4027339075451674e-07
  zones_logsum_pop_high_income: 1.1321778362735139e-07
  zones_logsum_pop_low_income: -1.7293735823544004e-07
  zones_population: 1.2439896622059869e-08
  zones_retail_jobs: 4.212959756129831e-05
  zones_transit_jobs_30min: 8.728149084217135e-07
  zones_transit_jobs_50min: 1.6941582337561118e-08
  zones_z_total_jobs: -3.0389869393301372e-06
sample_size: 1519
score: 0.39389352838776215
