fit_filters:
- non_residential_sqft > 0
- sqft_price_nonres > 1
- sqft_price_nonres < 650
- hedonic_id == 53
model_expression:
  left_side: np.log1p(sqft_price_nonres)
model_type: Regression
name: RegressionModel
predict_filters: hedonic_id == 53
ytransform: np.exp
coef:
  Intercept: -6.267507050715248
  b_total_jobs: 0.0013576772223783296
  building_age: -0.0038344543048035996
  building_sqft: 3.688837413588243e-08
  crime_other_rate: -2.8760397105813502e-05
  crime_ucr_rate: 0.00015811437255328306
  jobs_non_home_based: 2.1418817111694628e-16
  jobs_within_30_min: 3.0718148639591905e-07
  land_area: 1.8657478418936352e-06
  nodes_walk_ave_nonres_sqft_price: 0.001536872964876919
  nodes_walk_ave_unit_sqft: -4.6369538249211575e-09
  nodes_walk_highinc_hhs: 0.0016420821165781972
  nodes_walk_households: 0.0003088302733563352
  nodes_walk_housing_cost: 3.388832238421039e-07
  nodes_walk_industrial: 0.0013327451139781331
  nodes_walk_jobs: 0.00020765176852630886
  nodes_walk_lowinc_hhs: -0.00031164340607504047
  nodes_walk_max_office_far: 0.0010811483158152668
  nodes_walk_medical: 0.008074383849627732
  nodes_walk_midinc_hhs: 0.00017300453470015106
  nodes_walk_node_r1500_sqft: 2.601969793414498e-09
  nodes_walk_office: 0.00015591711907610536
  nodes_walk_population: -0.00011939350574366403
  nodes_walk_race_1_hhs: 8.898792702367822e-05
  nodes_walk_retail: -0.0010093387914170626
  nodes_walk_retail_jobs: 0.0001746998540097554
  parcel_sqft: -7.481616359318451e-10
  parcels_ave_unit_size: -4.179268501259857e-05
  parcels_pptytax: 0.003827196338046951
  parcels_total_sqft: -2.140872415130702e-06
  parcels_total_units: 0.0004287418166533456
  parcels_zones_employment: -0.0001084459906830908
  parcels_zones_households: 1.8854886765287095e-05
  parcels_zones_jobs_within_30_min: -6.876673876552543e-08
  parcels_zones_logsum_job_high_income: -1.1349268359398705e-06
  parcels_zones_logsum_job_low_income: -2.3326865850628005e-09
  parcels_zones_logsum_pop_high_income: 3.9483533791075543e-07
  parcels_zones_logsum_pop_low_income: -5.109646351240879e-08
  parcels_zones_population: -2.6751025228492764e-06
  parcels_zones_retail_jobs: 0.00024560075776415286
  parcels_zones_transit_jobs_30min: -5.4227148294548026e-06
  parcels_zones_transit_jobs_50min: 2.424073977816116e-07
  parcels_zones_z_total_jobs: -2.6978499487804004e-05
  residential_sqft: -2.052910103040237e-06
  sqft_per_unit: 0.0002401342558858187
  vacant_job_spaces: -0.0009764915974236587
  year_built: 0.004923981451246093
  zones_acres: 1.956006197929428e-05
  zones_employment: -5.476104465270133e-06
  zones_households: 6.627804854353173e-06
  zones_logsum_job_high_income: -1.3328507392325551e-06
  zones_logsum_job_low_income: 1.8649338393793696e-08
  zones_logsum_pop_high_income: 9.588180501915155e-07
  zones_logsum_pop_low_income: -4.865831566458721e-09
  zones_population: -1.650451736850954e-05
  zones_transit_jobs_30min: -2.736857424496706e-06
  zones_transit_jobs_50min: 2.6788742986816493e-07
  zones_z_total_jobs: -3.7211389048347825e-09
sample_size: 416
score: 0.6765003774065796
