fit_filters:
- non_residential_sqft > 0
- sqft_price_nonres > 1
- sqft_price_nonres < 650
- hedonic_id == 95
model_expression:
  left_side: np.log1p(sqft_price_nonres)
model_type: Regression
name: RegressionModel
predict_filters: hedonic_id == 95
ytransform: np.exp
coef:
  b_total_jobs: -0.0007990880448271463
  building_age: 0.0003486340692916842
  building_sqft: -2.3397040333317713e-07
  crime_other_rate: -2.772473659415388e-05
  crime_ucr_rate: 0.00027175193146337717
  jobs_non_home_based: -9.106482247183723e-18
  jobs_within_30_min: -6.066631572157951e-07
  land_area: 1.637280830385315e-06
  nodes_walk_ave_nonres_sqft_price: 0.010591117916580876
  nodes_walk_ave_unit_sqft: 0.00010428124295962666
  nodes_walk_highinc_hhs: -0.007749937923643163
  nodes_walk_households: 0.0038406233469137053
  nodes_walk_housing_cost: -2.0702176213310577e-06
  nodes_walk_industrial: -0.00045164945000158166
  nodes_walk_jobs: -7.868384559259978e-06
  nodes_walk_lowinc_hhs: 3.375145472472466e-05
  nodes_walk_max_retail_far: 0.012858156799950435
  nodes_walk_medical: -0.0017146461318616128
  nodes_walk_midinc_hhs: 0.002689898945755846
  nodes_walk_node_r1500_sqft: -1.97330881695627e-08
  nodes_walk_office: -0.0033196089910463014
  nodes_walk_population: -0.001899656178623301
  nodes_walk_race_2_hhs: -0.003287654927971299
  nodes_walk_race_3_hhs: 0.0024323383407025955
  nodes_walk_race_4_hhs: 0.0020729566726461436
  nodes_walk_residential: 0.0016801691963113994
  nodes_walk_retail: 0.0015075106389102364
  nodes_walk_retail_jobs: 0.00022055801179915558
  parcel_sqft: 1.1440968257299963e-07
  parcels_ave_unit_size: 0.00024224384086145772
  parcels_parcel_size: -4.891557670127788e-07
  parcels_total_job_spaces: -0.0003592188421568842
  parcels_total_sqft: 8.155713812529056e-07
  parcels_total_units: -0.0015176554915355186
  parcels_zones_empden: 0.00015592439115561066
  parcels_zones_employment: 3.260923887448655e-05
  parcels_zones_households: -9.230521739832229e-06
  parcels_zones_jobs_within_30_min: -3.071869743482904e-07
  parcels_zones_logsum_job_high_income: 2.44110729065186e-07
  parcels_zones_logsum_job_low_income: -9.040100398594254e-09
  parcels_zones_logsum_pop_high_income: -2.89966364640927e-07
  parcels_zones_logsum_pop_low_income: -5.1202753422659464e-08
  parcels_zones_popden: -0.00042296988369598155
  parcels_zones_population: 0.00014354599845827726
  parcels_zones_retail_jobs: 0.0006130468997462694
  parcels_zones_transit_jobs_30min: -9.7057645253457e-06
  parcels_zones_transit_jobs_50min: 2.991753934436432e-06
  parcels_zones_z_total_jobs: 5.187986383680278e-09
  popden: -0.00045237593870168754
  vacant_job_spaces: 0.0027494020143750218
  year_built: -0.0030775339670441088
  zones_acres: -7.27327349896276e-05
  zones_empden: 0.0009229188338436181
  zones_employment: 2.394470148147224e-09
  zones_households: -8.337252154457782e-05
  zones_logsum_job_high_income: 2.2736523984361971e-07
  zones_logsum_job_low_income: -8.301135954195413e-09
  zones_logsum_pop_high_income: -3.200870076330448e-07
  zones_logsum_pop_low_income: 6.515031270172915e-08
  zones_population: 1.4543770745446847e-05
  zones_retail_jobs: 3.5178802955064635e-06
  zones_transit_jobs_30min: -8.844031665240414e-06
  zones_transit_jobs_50min: 3.3143904145894034e-06
  zones_z_total_jobs: 7.682756343566673e-09
sample_size: 138
score: 0.5166685431587307
