fit_filters:
- non_residential_sqft > 0
- sqft_price_nonres > 1
- sqft_price_nonres < 650
- hedonic_id == 14
model_expression:
  left_side: np.log1p(sqft_price_nonres)
model_type: Regression
name: RegressionModel
predict_filters: hedonic_id == 14
ytransform: np.exp
coef:
  Intercept: -1.8080850402162878
  b_total_jobs: 0.0012566656598152486
  building_age: -0.0003514884449149685
  building_sqft: -5.895753562610371e-05
  crime_other_rate: 0.00029467597190688634
  crime_ucr_rate: -0.00028037597537584804
  jobs_non_home_based: 1.5099484640268662e-16
  jobs_within_30_min: -9.543846646307568e-07
  land_area: 5.7096825073075294e-05
  nodes_walk_ave_nonres_sqft_price: 0.0015553948154301543
  nodes_walk_ave_unit_sqft: 0.000147377373445292
  nodes_walk_hhs_with_children: 0.0006333794281153743
  nodes_walk_highinc_hhs: 0.0032216921634138545
  nodes_walk_housing_cost: -7.85945929649446e-06
  nodes_walk_industrial: 0.0008266538638839777
  nodes_walk_jobs: 0.00014787928340298588
  nodes_walk_lowinc_hhs: -0.0003921267857618415
  nodes_walk_max_office_far: 0.001951161133609178
  nodes_walk_medical: 0.0005741885562475919
  nodes_walk_node_r1500_sqft: -4.443779009197505e-09
  nodes_walk_office: -0.0010603481572594286
  nodes_walk_population: 0.00031399168882783457
  nodes_walk_race_1_hhs: -0.0024893819666828606
  nodes_walk_race_2_hhs: 0.0004027325679416336
  nodes_walk_race_3_hhs: 0.012212211711031755
  nodes_walk_race_4_hhs: -0.00927496839854574
  nodes_walk_residential: 0.0020804562446468944
  nodes_walk_retail: 0.0035648213878433943
  nodes_walk_retail_jobs: -0.00011340654272763499
  parcel_sqft: 6.908777059286707e-08
  parcels_ave_unit_size: 0.0005169731283069768
  parcels_pptytax: -0.0029745735401748023
  parcels_total_job_spaces: 5.8773660128247144e-05
  parcels_total_sqft: -6.007049490764661e-06
  parcels_zones_jobs_within_30_min: -2.444114023581161e-07
  vacant_job_spaces: -9.286551004174664e-05
  year_built: 0.001858525042857687
  zone_mean_age_of_head: 1.1635976499696114e-18
  zones_acres: -0.0002514635013707922
  zones_empden: -0.0043566095004009256
  zones_employment: 0.00017753587737723056
  zones_households: 0.000385286672835466
  zones_logsum_job_high_income: -9.956495971987841e-08
  zones_logsum_job_low_income: -2.0633462037392497e-07
  zones_logsum_pop_high_income: 7.214723215157082e-07
  zones_logsum_pop_low_income: 9.553355484265389e-08
  zones_mean_age_of_head: 0.00957066285462327
  zones_population: -0.00012817273427705517
  zones_retail_jobs: -0.00041315408228020234
  zones_transit_jobs_30min: -2.4325122718728867e-05
  zones_transit_jobs_50min: 5.683742170391579e-06
  zones_z_total_jobs: 2.9047443925289695e-06
sample_size: 117
score: 0.6575676315809074
