fit_filters:
- non_residential_sqft > 0
- sqft_price_nonres > 1
- sqft_price_nonres < 650
- hedonic_id == 521
model_expression:
  left_side: np.log1p(sqft_price_nonres)
model_type: Regression
name: RegressionModel
predict_filters: hedonic_id == 521
ytransform: np.exp
coef:
  Intercept: -33.789489709595216
  b_total_jobs: 0.002570431743867876
  building_age: -0.0009749347375923339
  building_sqft: -2.268987577624369e-05
  crime_other_rate: 1.971395993321385e-05
  crime_ucr_rate: -2.931046469448096e-05
  jobs_within_30_min: -6.837510219848944e-08
  land_area: 9.390690677563344e-06
  nodes_walk_ave_nonres_sqft_price: 0.0038677828083634853
  nodes_walk_ave_unit_sqft: -2.485898398666436e-05
  nodes_walk_households: -0.0001098171282566635
  nodes_walk_housing_cost: 1.640195651128135e-06
  nodes_walk_jobs: 4.5457823941266745e-05
  nodes_walk_lowinc_hhs: -0.0005286290349032911
  nodes_walk_medical: 0.001182863451349675
  nodes_walk_node_r1500_sqft: -2.153984957196457e-08
  nodes_walk_population: 0.00020924324295495316
  nodes_walk_race_2_hhs: -5.372130205938018e-06
  nodes_walk_race_3_hhs: -0.0001639149356946989
  nodes_walk_race_4_hhs: 0.0001966080179513617
  nodes_walk_retail: 0.007700235986263042
  nodes_walk_retail_jobs: 0.001126112805565929
  parcel_sqft: 1.7383498014238302e-06
  parcels_ave_unit_size: -5.647326481392502e-06
  parcels_total_sqft: -3.922336689114568e-06
  parcels_zones_employment: -2.0230196881272445e-05
  parcels_zones_households: 8.362881120946524e-05
  parcels_zones_jobs_within_30_min: -1.2522733430275605e-08
  parcels_zones_logsum_job_high_income: -4.5653998790825805e-08
  parcels_zones_logsum_job_low_income: 2.2428227555752985e-08
  parcels_zones_logsum_pop_high_income: 3.259706664802064e-08
  parcels_zones_logsum_pop_low_income: 6.831339914891404e-09
  parcels_zones_population: -2.759500337700207e-05
  parcels_zones_transit_jobs_30min: 1.528851895243386e-07
  parcels_zones_transit_jobs_50min: 2.2354052784189877e-07
  parcels_zones_z_total_jobs: -7.95359883409543e-07
  residential_sqft: 6.300574085077988e-05
  sqft_per_unit: 0.00011092018928469781
  year_built: 0.01872084376559318
  zones_acres: -5.324136474846569e-05
  zones_employment: -1.6231915325791335e-05
  zones_households: 0.00012743348817789447
  zones_logsum_job_high_income: -4.458934711046859e-08
  zones_logsum_job_low_income: 1.4935614576694555e-08
  zones_logsum_pop_high_income: 5.05412878940441e-08
  zones_logsum_pop_low_income: -2.6116113088675373e-08
  zones_population: -2.1055883757926938e-05
  zones_transit_jobs_30min: 4.115305382048274e-11
  zones_transit_jobs_50min: 1.0553646774226036e-07
  zones_z_total_jobs: -5.47531757804784e-06
sample_size: 6730
score: 0.36825405736952155
