fit_filters:
- non_residential_sqft > 0
- sqft_price_nonres > 1
- sqft_price_nonres < 650
- hedonic_id == 14733
model_type: regression
name: RegressionModel
predict_filters: hedonic_id == 14733
target_variable: np.log1p(sqft_price_nonres)
ytransform: np.exp
fit_parameters:
  Coefficient:
    Intercept: -2.4144418734737125
    building_age: -0.001124119363519972
    building_sqft: -1.3214862738833418e-05
    crime_other_rate: 0.00012804118658374817
    crime_ucr_rate: -0.0008373101449759444
    jobs_within_30_min: -3.653534160522203e-06
    land_area: 1.6090415544970402e-05
    nodes_walk_ave_nonres_sqft_price: 0.008089514708237102
    nodes_walk_ave_unit_sqft: -5.219732643730681e-06
    nodes_walk_hhs_with_children: 0.0005528804064028031
    nodes_walk_housing_cost: -1.4007155014095519e-06
    nodes_walk_industrial: 0.006602219717553324
    nodes_walk_jobs: 0.0007405929543018514
    nodes_walk_lowinc_hhs: 2.0895277954026134e-05
    nodes_walk_medical: -0.001096514027537603
    nodes_walk_node_r1500_sqft: -1.4583486721352015e-08
    nodes_walk_office: -0.0006062279508333411
    nodes_walk_population: 0.00030185755538422694
    nodes_walk_retail_jobs: -0.0034400681760495214
    parcel_sqft: 6.325764773088555e-07
    parcels_parcel_size: -5.959928826603865e-07
    parcels_total_job_spaces: 0.0038149349411105583
    parcels_total_sqft: -7.245028415002664e-06
    parcels_zones_jobs_within_30_min: 1.8443606474728118e-07
    year_built: 0.0027136918779302635
    zones_acres: 8.935309617902338e-06
    zones_employment: 9.471958102582256e-05
    zones_households: -0.0007785503532526449
    zones_logsum_job_high_income: 1.0189060939279467e-06
    zones_logsum_job_low_income: 7.0805338559305384e-06
    zones_logsum_job_mid_income: 1.9303631944791473e-06
    zones_logsum_pop_high_income: -3.2991543290250813e-07
    zones_logsum_pop_low_income: -3.6648085571092034e-06
    zones_logsum_pop_mid_income: -5.648190235478055e-07
    zones_population: 0.0002610061909453024
    zones_retail_jobs: 0.0003084502048537571
    zones_transit_jobs_30min: -2.1975513742265074e-05
    zones_transit_jobs_50min: -2.8905609428865478e-05
    zones_z_total_jobs: 2.453316345726777e-06
fit_rsquared: 0.5024463334178165
fitted: true
model_expression:
  left_side: np.log1p(sqft_price_nonres)
  right_side:
  - year_built
  - land_area
  - building_sqft
  - jobs_within_30_min
  - parcel_sqft
  - crime_ucr_rate
  - crime_other_rate
  - building_age
  - parcels_parcel_size
  - parcels_total_job_spaces
  - parcels_total_sqft
  - parcels_zones_jobs_within_30_min
  - zones_acres
  - zones_households
  - zones_population
  - zones_employment
  - zones_retail_jobs
  - zones_logsum_pop_high_income
  - zones_logsum_pop_mid_income
  - zones_logsum_pop_low_income
  - zones_logsum_job_high_income
  - zones_logsum_job_mid_income
  - zones_logsum_job_low_income
  - zones_z_total_jobs
  - zones_transit_jobs_50min
  - zones_transit_jobs_30min
  - nodes_walk_population
  - nodes_walk_lowinc_hhs
  - nodes_walk_hhs_with_children
  - nodes_walk_jobs
  - nodes_walk_retail_jobs
  - nodes_walk_node_r1500_sqft
  - nodes_walk_ave_nonres_sqft_price
  - nodes_walk_office
  - nodes_walk_industrial
  - nodes_walk_medical
  - nodes_walk_ave_unit_sqft
  - nodes_walk_housing_cost
sample_size: 404
