fit_filters:
- non_residential_sqft > 0
- sqft_price_nonres > 1
- sqft_price_nonres < 650
- hedonic_id == 42
model_expression:
  left_side: np.log1p(sqft_price_nonres)
model_type: Regression
name: RegressionModel
predict_filters: hedonic_id == 42
ytransform: np.exp
coef:
  Intercept: 3.483905081786911
  b_total_jobs: 0.002007265774651858
  building_age: -0.0022157596864646524
  building_sqft: -3.962080330288052e-06
  crime_other_rate: 1.8950807259433934e-05
  crime_ucr_rate: -0.0003663062787596381
  job_spaces: 0.0024853130318338175
  jobs_non_home_based: 4.458600160403113e-16
  jobs_within_30_min: -4.5089007918934887e-07
  land_area: -1.873514148750886e-06
  nodes_walk_ave_nonres_sqft_price: 0.012500421707996121
  nodes_walk_ave_unit_sqft: 4.5842336118705195e-05
  nodes_walk_hhs_with_children: -0.004459562969210346
  nodes_walk_highinc_hhs: 0.0028554375237854505
  nodes_walk_housing_cost: -2.6994274321044247e-06
  nodes_walk_industrial: -0.0047127764676150475
  nodes_walk_jobs: -0.00012197765226343166
  nodes_walk_medical: 0.00033239953065318696
  nodes_walk_midinc_hhs: -0.0023735733628760768
  nodes_walk_node_r1500_sqft: 2.2424942939103263e-08
  nodes_walk_office: -0.0006355891477312618
  nodes_walk_population: 0.0015884639208262126
  nodes_walk_race_1_hhs: -0.0014306424159560873
  nodes_walk_race_2_hhs: 0.001605244198318601
  nodes_walk_residential: -0.00018883981172603765
  nodes_walk_retail: -0.0028419071827439943
  parcel_sqft: -7.055534085978218e-07
  parcels_ave_unit_size: 2.536295028495195e-05
  parcels_total_job_spaces: -0.0036678120430115794
  parcels_total_sqft: 7.5162360996436865e-06
  parcels_zones_households: 0.00015759463705922479
  parcels_zones_jobs_within_30_min: 3.7823866877391295e-07
  parcels_zones_logsum_job_high_income: 7.31709864214603e-07
  parcels_zones_logsum_job_low_income: -8.80140051969132e-08
  parcels_zones_logsum_pop_high_income: -5.22112654182608e-07
  parcels_zones_logsum_pop_low_income: 9.410983782307782e-09
  parcels_zones_mean_age_of_head: 0.009625063652366685
  parcels_zones_popden: -0.009370332391313711
  parcels_zones_population: -0.0001384038083322499
  parcels_zones_retail_jobs: 0.00011703987809252243
  parcels_zones_transit_jobs_30min: 1.7724013722605728e-06
  parcels_zones_transit_jobs_50min: -7.438412443047526e-07
  residential_sqft: 2.515992356344499e-05
  school_district_achievement: -7.545188676433229e-05
  zone_mean_age_of_head: 2.4970429324097445e-16
  zones_acres: 1.2083052279680311e-05
  zones_employment: 1.1183863318961056e-05
  zones_households: 0.0002902677733015551
  zones_logsum_job_high_income: 6.942602752746253e-07
  zones_logsum_job_low_income: -8.156549583460005e-08
  zones_logsum_pop_high_income: -5.279703445622421e-07
  zones_logsum_pop_low_income: 4.057056337634768e-08
  zones_mean_age_of_head: 0.0024047931008760177
  zones_population: -0.00012185618206582007
  zones_retail_jobs: 0.0009971552973466473
  zones_transit_jobs_30min: 3.3175551904924913e-06
  zones_transit_jobs_50min: 1.3500229729379633e-06
  zones_z_total_jobs: 2.690956064393185e-05
sample_size: 106
score: 0.8061615336621416
