fit_filters:
- non_residential_sqft > 0
- sqft_price_nonres > 1
- sqft_price_nonres < 650
- hedonic_id == 9361
model_expression:
  left_side: np.log1p(sqft_price_nonres)
model_type: Regression
name: RegressionModel
predict_filters: hedonic_id == 9361
ytransform: np.exp
coef:
  b_total_jobs: 0.0037378688035806192
  building_age: 0.009051847274680067
  building_sqft: -5.3102093473178614e-05
  crime_other_rate: -0.0006155195301625411
  jobs_non_home_based: 4.489594683019721e-16
  jobs_within_30_min: 4.823377752929189e-05
  land_area: 6.547391274557856e-05
  nodes_walk_ave_nonres_sqft_price: 0.008042500865667362
  nodes_walk_ave_unit_sqft: 0.0004225697689677459
  nodes_walk_housing_cost: -2.061007222188935e-05
  nodes_walk_industrial: -0.004539854122989893
  nodes_walk_jobs: -0.0031587655580263916
  nodes_walk_node_r1500_sqft: -1.5260243242388947e-07
  nodes_walk_population: 0.008564847751223115
  nodes_walk_retail: -0.010158923738048779
  nodes_walk_retail_jobs: 0.011878930805114526
  parcel_sqft: 4.76805065208501e-09
  parcels_ave_unit_size: 0.0005680005082198955
  parcels_total_sqft: -2.4534674057119267e-05
  parcels_zones_employment: -0.00011015655450618134
  parcels_zones_households: 0.0031145946357321666
  parcels_zones_jobs_within_30_min: 1.269278701117419e-05
  parcels_zones_logsum_job_high_income: -3.312297572091265e-06
  parcels_zones_logsum_job_low_income: 5.20998825174052e-07
  parcels_zones_logsum_pop_high_income: 1.2101090981012774e-06
  parcels_zones_logsum_pop_low_income: 3.2454930064454486e-06
  parcels_zones_population: -0.0011433805458103293
  parcels_zones_retail_jobs: 5.040706217915766e-05
  parcels_zones_z_total_jobs: -6.701890150849542e-06
  zones_acres: 0.0003051011141530389
  zones_employment: -0.00014851345366602374
  zones_households: 0.0023762409129364976
  zones_logsum_job_high_income: -2.8267815234637825e-06
  zones_logsum_job_low_income: 6.007089893053474e-07
  zones_logsum_pop_high_income: 2.6002672193764707e-06
  zones_logsum_pop_low_income: 2.619690408530497e-06
  zones_population: -0.001143141066111277
  zones_retail_jobs: 0.0006559190820205747
sample_size: 26
score: 0.9757431247245391
