fit_filters:
- non_residential_sqft > 0
- sqft_price_nonres > 1
- sqft_price_nonres < 650
- hedonic_id == 9311
model_expression:
  left_side: np.log1p(sqft_price_nonres)
model_type: Regression
name: RegressionModel
predict_filters: hedonic_id == 9311
ytransform: np.exp
coef:
  building_sqft: 3.155930457704067e-23
  jobs_within_30_min: 1.3057759204261612e-05
  land_area: 6.115317469176627e-07
  nodes_walk_housing_cost: 1.0250752555352551e-05
  nodes_walk_node_r1500_sqft: 1.5334220997324327e-08
  parcel_sqft: -1.3343926492636075e-06
  parcels_landvalue: 4.390132689780762e-07
  parcels_total_sqft: -3.5550738806913243e-06
  parcels_zones_jobs_within_30_min: -1.4639900027744223e-06
  parcels_zones_logsum_job_high_income: 1.6439302032387687e-08
  parcels_zones_logsum_pop_high_income: -1.3973980994255833e-07
  parcels_zones_logsum_pop_low_income: -8.553698467437273e-08
  parcels_zones_population: 1.0717849332654476e-06
  zones_logsum_job_high_income: 1.6573064620926706e-08
  zones_logsum_pop_high_income: 1.133442247195478e-08
  zones_logsum_pop_low_income: -7.978700388145814e-08
sample_size: 5
score: 0.9999999778534812
