fit_filters:
- non_residential_sqft > 0
- sqft_price_nonres > 1
- sqft_price_nonres < 650
- hedonic_id == 331
model_expression:
  left_side: np.log1p(sqft_price_nonres)
model_type: Regression
name: RegressionModel
predict_filters: hedonic_id == 331
ytransform: np.exp
coef:
  Intercept: -0.051416143482662324
  b_total_jobs: 1.3808484366453195e-05
  building_age: -0.00259827917796986
  building_sqft: -1.4725563631038677e-06
  crime_other_rate: 9.818645901110827e-05
  crime_ucr_rate: -0.0004125557066136804
  job_spaces: 0.000703500614643066
  land_area: 2.6573837319302136e-07
  nodes_walk_ave_nonres_sqft_price: -0.0002821325730102028
  nodes_walk_housing_cost: 2.1579746487641382e-07
  nodes_walk_industrial: 0.011172174267330524
  nodes_walk_jobs: 3.3452486299040103e-05
  nodes_walk_lowinc_hhs: -0.0004447515637738666
  nodes_walk_medical: -0.0011507459782084044
  nodes_walk_midinc_hhs: 0.0006028512717050484
  nodes_walk_node_r1500_sqft: 1.5968850945317215e-08
  nodes_walk_office: 0.00014951582708251087
  nodes_walk_population: 6.606942734036971e-06
  nodes_walk_race_1_hhs: 0.00042259933860163925
  nodes_walk_residential: 0.00020707393039903985
  nodes_walk_retail: 0.0007491892779303363
  nodes_walk_retail_jobs: 0.0002944110289964402
  non_residential_units: 1.0481780280731852e-16
  parcel_sqft: 6.025753414419723e-08
  parcels_ave_unit_size: 8.760762862277031e-05
  parcels_total_job_spaces: 3.943370919914287e-05
  parcels_total_sqft: -5.346736643676564e-07
  parcels_zones_employment: 5.239725814315701e-05
  parcels_zones_households: 6.811376259658975e-05
  parcels_zones_jobs_within_30_min: 1.7134437327763705e-07
  parcels_zones_logsum_job_high_income: -4.230699619172604e-08
  parcels_zones_logsum_job_low_income: -9.563540402953374e-08
  parcels_zones_logsum_pop_high_income: 1.3461624382638082e-08
  parcels_zones_logsum_pop_low_income: 4.807372394817397e-08
  parcels_zones_mean_age_of_head: 0.0012143293929722594
  parcels_zones_population: -2.5924726512338602e-05
  parcels_zones_retail_jobs: 0.00012467239334248954
  parcels_zones_transit_jobs_30min: -1.1268108078294318e-05
  parcels_zones_transit_jobs_50min: -8.923883882928364e-08
  parcels_zones_z_total_jobs: 3.123709045121799e-06
  school_district_achievement: -0.002208515236364751
  year_built: 0.0014174894243831062
  zones_acres: -0.00011463422541042785
  zones_employment: 9.354390474909617e-06
  zones_households: 0.00010874386655801598
  zones_logsum_job_high_income: -5.4140884765031275e-08
  zones_logsum_job_low_income: -7.670243740073995e-08
  zones_logsum_pop_high_income: 3.369479142420738e-08
  zones_logsum_pop_low_income: 9.505182179230329e-08
  zones_population: -1.9854723221902674e-05
  zones_transit_jobs_30min: -6.8570552130390245e-06
  zones_transit_jobs_50min: -5.3158614847379965e-09
  zones_z_total_jobs: 3.158109432193827e-06
sample_size: 2047
score: 0.49316909776079054
