fit_filters:
- non_residential_sqft > 0
- sqft_price_nonres > 1
- sqft_price_nonres < 650
- hedonic_id == 331
model_type: regression
name: RegressionModel
predict_filters: hedonic_id == 331
target_variable: np.log1p(sqft_price_nonres)
ytransform: np.exp
fit_parameters:
  Coefficient:
    Intercept: 2.318835460229226
    b_total_jobs: 2.2945240059696806e-05
    building_age: -0.00443636623808879
    building_sqft: -1.6342207380175922e-06
    crime_other_rate: 0.00015827653931511384
    crime_ucr_rate: -0.0003313901851481368
    job_spaces: 0.0008099393257560623
    jobs_within_30_min: -1.0080694250122407e-07
    land_area: 3.212150471972229e-07
    nodes_walk_ave_unit_sqft: 2.637667947179057e-06
    nodes_walk_housing_cost: 4.7588565020147e-09
    nodes_walk_industrial: 0.011277407995769399
    nodes_walk_jobs: 5.158894278511036e-05
    nodes_walk_lowinc_hhs: -0.0003689203748195928
    nodes_walk_medical: -0.0008334259684340805
    nodes_walk_midinc_hhs: 0.00015388653809992066
    nodes_walk_node_r1500_sqft: 1.6666066617204093e-08
    nodes_walk_office: 0.00016670741744126871
    nodes_walk_population: 6.467888014652196e-05
    nodes_walk_race_1_hhs: 0.00035984414350937285
    nodes_walk_residential: 0.00033627679227899804
    nodes_walk_retail: 0.000628551409564449
    nodes_walk_retail_jobs: 8.823924205614515e-05
    non_residential_units: 1.1753508910309299e-16
    parcel_sqft: 1.4496246990329098e-07
    parcels_ave_unit_size: 0.00010558116294152422
    parcels_parcel_size: -2.1337230101389943e-07
    parcels_pct_undev: 0.0011170164664893608
    parcels_total_job_spaces: 0.00018804669891662822
    parcels_total_sqft: -9.095353974053272e-07
    parcels_zones_jobs_within_30_min: 2.5516177968375246e-08
    year_built: 0.00013893352403108913
    zones_acres: -0.00010960534673580073
    zones_employment: 1.5571751213756237e-05
    zones_households: 0.00017992920714170454
    zones_logsum_job_high_income: -6.010502144488972e-07
    zones_logsum_job_low_income: -5.214356650778959e-07
    zones_logsum_job_mid_income: 1.7324806285005114e-07
    zones_logsum_pop_high_income: 3.680741368061976e-07
    zones_logsum_pop_low_income: 3.883817802389269e-07
    zones_logsum_pop_mid_income: -5.330874425465246e-08
    zones_mean_age_of_head: 0.00044891675664817814
    zones_population: -5.565464325627197e-05
    zones_retail_jobs: 0.00017079670197573142
    zones_transit_jobs_30min: -2.0703228287079908e-05
    zones_transit_jobs_50min: -1.5603273150532822e-07
    zones_z_total_jobs: 2.6355857697826686e-05
fit_rsquared: 0.512208602115447
fitted: true
sample_size: 2047
