fit_filters:
- non_residential_sqft > 0
- sqft_price_nonres > 1
- sqft_price_nonres < 650
- hedonic_id == 551
model_expression:
  left_side: np.log1p(sqft_price_nonres)
model_type: Regression
name: RegressionModel
predict_filters: hedonic_id == 551
ytransform: np.exp
coef:
  Intercept: -9.944712430510183
  b_total_jobs: -0.000556764915399911
  building_sqft: 3.8124931958774714e-06
  crime_other_rate: 6.230442239327864e-05
  crime_ucr_rate: -5.127687637795832e-05
  jobs_within_30_min: -1.618719976855453e-07
  land_area: -2.8136033707206158e-05
  nodes_walk_ave_nonres_sqft_price: -0.0053601712362829875
  nodes_walk_ave_unit_sqft: -4.03891903519772e-05
  nodes_walk_households: 4.535967637592656e-06
  nodes_walk_housing_cost: -2.087493960978632e-06
  nodes_walk_jobs: 8.011162903253148e-06
  nodes_walk_medical: 0.011822501100740257
  nodes_walk_midinc_hhs: 5.04427324249858e-05
  nodes_walk_node_r1500_sqft: -7.202841316146273e-08
  nodes_walk_office: 0.0037697527314857165
  nodes_walk_population: -5.727819463700924e-06
  nodes_walk_race_1_hhs: 0.0005324505194043544
  nodes_walk_race_2_hhs: 0.00022306556226670736
  nodes_walk_race_3_hhs: -0.0021907476403219567
  nodes_walk_retail: 0.0024281668137654385
  parcel_sqft: 6.128045765942487e-06
  parcels_ave_unit_size: -2.554029063198603e-05
  parcels_total_job_spaces: 0.0007538999127054178
  parcels_total_sqft: -5.620207293856764e-06
  parcels_zones_employment: 6.072506462484949e-06
  parcels_zones_jobs_within_30_min: -8.256443908739372e-09
  parcels_zones_logsum_job_high_income: 6.174050178137123e-08
  parcels_zones_logsum_job_low_income: -2.6685110485937987e-08
  parcels_zones_logsum_pop_high_income: 8.335285175043295e-08
  parcels_zones_logsum_pop_low_income: -5.232192989426198e-08
  parcels_zones_retail_jobs: -0.0002398375186058636
  parcels_zones_transit_jobs_30min: 6.1308202197522e-07
  parcels_zones_transit_jobs_50min: 3.1627790191327614e-07
  residential_sqft: 1.194215707496368e-05
  sqft_per_unit: 0.0001496054652903891
  year_built: 0.0067457241726465375
  zones_acres: 0.0005112964942833125
  zones_logsum_job_high_income: 6.042128371949644e-08
  zones_logsum_job_low_income: -1.670835729444373e-08
  zones_logsum_pop_high_income: -7.539144874430183e-08
  zones_logsum_pop_low_income: 2.5862461564574417e-08
  zones_population: 3.051376340867216e-06
  zones_retail_jobs: -0.0005713916231111495
  zones_transit_jobs_30min: 6.91695230961222e-07
  zones_transit_jobs_50min: 3.9743120928225777e-07
sample_size: 454
score: 0.4480091509526527
