fit_filters:
- non_residential_sqft > 0
- sqft_price_nonres > 1
- sqft_price_nonres < 650
- hedonic_id == 533
model_expression:
  left_side: np.log1p(sqft_price_nonres)
model_type: Regression
name: RegressionModel
predict_filters: hedonic_id == 533
ytransform: np.exp
coef:
  Intercept: -20.652467901112495
  b_total_jobs: 0.0011235410101846932
  building_age: -2.2293207517564023e-05
  building_sqft: 1.379237329560191e-06
  crime_other_rate: 9.071845994087774e-06
  crime_ucr_rate: -4.872514264772557e-05
  jobs_non_home_based: 2.3369222345641836e-16
  jobs_within_30_min: -5.947072502388562e-07
  land_area: -2.1576434994851996e-07
  nodes_walk_ave_nonres_sqft_price: 0.0067656616615695345
  nodes_walk_ave_unit_sqft: -7.737802562147783e-05
  nodes_walk_hhs_with_children: -0.0029052302938445814
  nodes_walk_housing_cost: 3.1956685848127757e-06
  nodes_walk_jobs: 1.882910309019613e-05
  nodes_walk_medical: 2.0033299809007298e-05
  nodes_walk_node_r1500_sqft: 2.3934907144994202e-08
  nodes_walk_office: 0.0003839573932193093
  nodes_walk_population: 0.0003464410778731816
  nodes_walk_race_1_hhs: -0.0007139631689687886
  nodes_walk_race_2_hhs: -7.598266564072941e-06
  nodes_walk_race_3_hhs: 0.0002735450219086194
  nodes_walk_retail: -0.001010760966158691
  nodes_walk_retail_jobs: 0.005673210176042622
  parcel_sqft: 9.876417798576237e-07
  parcels_ave_unit_size: -7.269428829838078e-05
  parcels_total_job_spaces: 0.0004331517483329217
  parcels_total_sqft: -4.524768310146777e-06
  parcels_zones_employment: -7.275281850183961e-06
  parcels_zones_jobs_within_30_min: 1.0920056556885944e-07
  parcels_zones_logsum_job_high_income: 6.36352212979969e-08
  parcels_zones_logsum_job_low_income: 2.2601493506608467e-08
  parcels_zones_logsum_pop_high_income: -6.979323679175685e-08
  parcels_zones_logsum_pop_low_income: -8.502364208430626e-09
  parcels_zones_population: -1.8258251410209e-05
  parcels_zones_retail_jobs: 0.0012823429879018956
  parcels_zones_transit_jobs_30min: 4.161655556456664e-06
  parcels_zones_transit_jobs_50min: -1.7782431978131811e-06
  parcels_zones_z_total_jobs: -5.559810424497491e-06
  residential_sqft: 3.355072767797602e-06
  sqft_per_unit: 0.00031405673920492584
  year_built: 0.012233882604592815
  zones_acres: -6.927554168925366e-05
  zones_employment: -4.999531781795165e-05
  zones_logsum_job_high_income: 6.050708208103184e-08
  zones_logsum_job_low_income: 1.2767492560765741e-08
  zones_logsum_pop_high_income: -7.49360953878201e-08
  zones_logsum_pop_low_income: -2.6352959857701077e-08
  zones_population: -1.1391936325809216e-08
  zones_retail_jobs: 0.0001607511889759442
  zones_transit_jobs_30min: 2.0220039183273307e-06
  zones_transit_jobs_50min: -1.6760685959658156e-06
  zones_z_total_jobs: -1.284586381677435e-05
sample_size: 1048
score: 0.4202014738506603
