fit_filters:
- non_residential_sqft > 0
- sqft_price_nonres > 1
- sqft_price_nonres < 650
- hedonic_id == 14751
model_expression:
  left_side: np.log1p(sqft_price_nonres)
model_type: Regression
name: RegressionModel
predict_filters: hedonic_id == 14751
ytransform: np.exp
coef:
  Intercept: -1.1527895526171381
  building_sqft: 9.598518247972779e-05
  crime_other_rate: 0.00017457262420448807
  jobs_within_30_min: -6.95418405476067e-06
  land_area: -1.0888920364430802e-05
  nodes_walk_households: -0.0024564871387173326
  nodes_walk_housing_cost: 8.70593890997868e-06
  nodes_walk_industrial: -9.140222133060787e-05
  nodes_walk_jobs: 7.307475459553386e-05
  nodes_walk_medical: 0.006383619943771031
  nodes_walk_midinc_hhs: -0.0012980358515056057
  nodes_walk_node_r1500_sqft: 1.1722536456949375e-08
  nodes_walk_population: 0.002184478369661981
  nodes_walk_race_1_hhs: -0.002458980965396262
  nodes_walk_retail_jobs: 0.001122283260135954
  parcel_sqft: 4.565366469130817e-06
  parcels_ave_unit_size: -4.9315743234998683e-05
  parcels_total_job_spaces: -0.005722983918602482
  parcels_total_sqft: -9.991168475189468e-05
  parcels_zones_households: 1.9862835949787024e-05
  parcels_zones_jobs_within_30_min: -2.531658430286916e-06
  parcels_zones_logsum_job_high_income: -2.5503283310302783e-07
  parcels_zones_logsum_job_low_income: -4.295865543738388e-06
  parcels_zones_logsum_pop_high_income: 5.031931439955214e-07
  parcels_zones_logsum_pop_low_income: 2.235291896166539e-06
  parcels_zones_population: -0.00017484272170465757
  parcels_zones_retail_jobs: -0.0002637617173389746
  parcels_zones_transit_jobs_30min: 2.431254793393797e-05
  parcels_zones_transit_jobs_50min: -1.1693596491664022e-06
  vacant_job_spaces: -0.006926780938477563
  year_built: 0.002500325706420028
  zones_acres: -1.3328472484926841e-05
  zones_employment: -9.951228445306802e-08
  zones_households: 0.0002451902684398836
  zones_logsum_job_high_income: -2.3452567971996497e-07
  zones_logsum_job_low_income: -4.231614751078366e-06
  zones_logsum_pop_high_income: 1.6235739293540498e-07
  zones_logsum_pop_low_income: 2.174380767014486e-06
  zones_population: -3.416466203984243e-05
  zones_retail_jobs: -8.120029233321694e-05
  zones_transit_jobs_30min: 1.5323242128733244e-05
  zones_transit_jobs_50min: -1.6365803540048444e-06
  zones_z_total_jobs: -7.983329834426317e-06
sample_size: 154
score: 0.6358085812212624
