fit_filters:
- non_residential_sqft > 0
- sqft_price_nonres > 1
- sqft_price_nonres < 650
- hedonic_id == 32
model_expression:
  left_side: np.log1p(sqft_price_nonres)
model_type: Regression
name: RegressionModel
predict_filters: hedonic_id == 32
ytransform: np.exp
coef:
  building_age: -0.0032121083076491396
  building_sqft: -3.7342351601834066e-06
  crime_other_rate: 2.8500349272980805e-05
  crime_ucr_rate: -8.163332134259306e-05
  job_spaces: 0.0015803096442132353
  jobs_within_30_min: -7.045300321449557e-08
  land_area: 7.364108797907393e-07
  nodes_walk_ave_unit_sqft: 1.415062802341064e-07
  nodes_walk_hhs_with_children: -0.0005718326506384194
  nodes_walk_housing_cost: -1.0785761986517459e-06
  nodes_walk_industrial: 0.009657363462847929
  nodes_walk_jobs: -2.3757911481265326e-06
  nodes_walk_medical: 0.00046660393782663206
  nodes_walk_midinc_hhs: -0.0002213200118801478
  nodes_walk_node_r1500_sqft: -5.305758163193661e-09
  nodes_walk_office: -5.4953683746336656e-05
  nodes_walk_population: 6.303655898173541e-05
  nodes_walk_race_1_hhs: 0.0009195369229018443
  nodes_walk_race_2_hhs: -0.0005142803547473322
  nodes_walk_residential: 0.00022163694017627173
  nodes_walk_retail: -8.657593536884172e-05
  non_residential_units: 1.0223777611527967e-16
  parcel_sqft: -1.4022241051104822e-07
  parcels_ave_unit_size: 9.317170588566485e-05
  parcels_parcel_size: -2.129985064031118e-08
  parcels_total_job_spaces: 0.00014749343193033948
  parcels_total_sqft: -2.1292917803800867e-07
  parcels_zones_employment: 1.6605644071013128e-06
  parcels_zones_households: -0.0004902103993175336
  parcels_zones_jobs_within_30_min: 9.006916869351785e-08
  parcels_zones_logsum_job_high_income: 5.288179115884085e-08
  parcels_zones_logsum_job_low_income: 8.025876549512342e-08
  parcels_zones_logsum_pop_high_income: -4.593036951152395e-08
  parcels_zones_logsum_pop_low_income: -1.838952470775899e-07
  parcels_zones_population: 0.00014690395034791656
  parcels_zones_retail_jobs: -2.3022930587487193e-05
  parcels_zones_transit_jobs_30min: -1.322133842015093e-07
  parcels_zones_transit_jobs_50min: 6.440846733555841e-07
  parcels_zones_z_total_jobs: 1.4558972907375226e-07
  school_district_achievement: 0.0013541818567352501
  vacant_job_spaces: 0.0008841693906757715
  year_built: 0.003024314642907237
  zones_acres: -1.2467033727008565e-05
  zones_households: -0.00029630593038523176
  zones_logsum_job_high_income: 2.8028644484536973e-08
  zones_logsum_job_low_income: 8.200491799976904e-08
  zones_logsum_pop_high_income: -1.7745588438667226e-08
  zones_logsum_pop_low_income: -8.569598156362196e-08
  zones_population: 0.0001441384239904246
  zones_retail_jobs: -6.459145107144484e-05
  zones_transit_jobs_30min: -4.0573062572256014e-07
  zones_transit_jobs_50min: 1.3609214558876095e-07
  zones_z_total_jobs: 1.6673158425662236e-07
sample_size: 265
score: 0.7536909906177764
