fit_filters:
- non_residential_sqft > 0
- sqft_price_nonres > 1
- sqft_price_nonres < 650
- hedonic_id == 42
model_expression:
  left_side: np.log1p(sqft_price_nonres)
model_type: Regression
name: RegressionModel
predict_filters: hedonic_id == 42
ytransform: np.exp
coef:
  b_total_jobs: 0.0004885523612469356
  building_sqft: 6.51537606454921e-06
  county_id: 0.006280368357378998
  crime_other_rate: 0.00011384704842151887
  crime_ucr_rate: -0.000703527981274621
  jobs_non_home_based: 6.229452053230698e-17
  jobs_within_30_min: -5.877759636808776e-07
  land_area: -8.204756550850247e-06
  large_area_id: -0.00027376613016975176
  nodes_walk_ave_nonres_sqft_price: 0.004310732015140353
  nodes_walk_ave_unit_sqft: 7.170082894762197e-05
  nodes_walk_hhs_with_children: -0.005464794394970772
  nodes_walk_highinc_hhs: 0.0031221177673089024
  nodes_walk_housing_cost: -1.7792716808945407e-06
  nodes_walk_jobs: -6.29947713112885e-05
  nodes_walk_lowinc_hhs: -0.000436185883246277
  nodes_walk_medical: 0.0030039612491776662
  nodes_walk_midinc_hhs: -0.0005235567205533125
  nodes_walk_node_r1500_sqft: 4.429770793743073e-08
  nodes_walk_office: -0.00018768519644385455
  nodes_walk_population: 0.001662023221048025
  nodes_walk_race_1_hhs: -0.002850370704256482
  nodes_walk_residential: 0.001057481222473642
  nodes_walk_retail: -0.0016134189937736451
  nodes_walk_retail_jobs: -0.00268230091774341
  parcel_sqft: -1.7479889860980142e-07
  parcels_total_sqft: 2.5683936685638797e-06
  parcels_zones_employment: -1.4906865827831116e-05
  parcels_zones_households: 0.0008238993198496766
  parcels_zones_jobs_within_30_min: 1.7064135621587635e-07
  parcels_zones_logsum_job_high_income: 7.416604789890517e-07
  parcels_zones_logsum_job_low_income: 1.644556822173121e-08
  parcels_zones_logsum_pop_high_income: -2.7887004287308736e-07
  parcels_zones_logsum_pop_low_income: -1.2030874881541406e-07
  parcels_zones_population: -0.00031182058699001484
  parcels_zones_retail_jobs: 0.0028779238641145296
  parcels_zones_transit_jobs_30min: -2.5378805326397987e-06
  parcels_zones_transit_jobs_50min: 1.4474869243757609e-06
  parcels_zones_z_total_jobs: -7.600964869229939e-05
  residential_sqft: 1.0068392543025038e-05
  vacant_job_spaces: -0.0022213785498740868
  zones_acres: 6.584759719974999e-06
  zones_employment: -4.6111462457258705e-06
  zones_households: 0.000741869755494954
  zones_logsum_job_high_income: 5.689242124181194e-07
  zones_logsum_job_low_income: 2.9448014071184713e-08
  zones_logsum_pop_high_income: -2.1720124896155166e-07
  zones_logsum_pop_low_income: -6.057407544640957e-08
  zones_population: -0.0002838299954600824
  zones_retail_jobs: 1.999357218905573e-07
  zones_transit_jobs_30min: -2.5283526922774182e-06
  zones_transit_jobs_50min: 1.363962069623033e-06
  zones_z_total_jobs: -4.235911550601183e-05
sample_size: 85
score: 0.8254156589326488
