fit_filters:
- non_residential_sqft > 0
- sqft_price_nonres > 1
- sqft_price_nonres < 650
- hedonic_id == 32
model_expression:
  left_side: np.log1p(sqft_price_nonres)
model_type: Regression
name: RegressionModel
predict_filters: hedonic_id == 32
ytransform: np.exp
coef:
  Intercept: -2.4705992697772614
  building_age: -0.003216111116438103
  building_sqft: -3.767432244195068e-06
  crime_other_rate: 2.6830723952640043e-05
  crime_ucr_rate: -8.333785667924496e-05
  job_spaces: 0.0015714703216288138
  jobs_within_30_min: -6.747624936993677e-08
  land_area: 7.677043295916104e-07
  nodes_walk_ave_unit_sqft: 3.800199436642576e-07
  nodes_walk_hhs_with_children: -0.0005216513632156596
  nodes_walk_housing_cost: -1.2123145320922953e-06
  nodes_walk_industrial: 0.009664541727802522
  nodes_walk_jobs: -3.3122492627804638e-06
  nodes_walk_medical: 0.0004764596427036858
  nodes_walk_midinc_hhs: -0.00010142588565406716
  nodes_walk_node_r1500_sqft: -5.278766322153593e-09
  nodes_walk_office: -6.198417661560079e-05
  nodes_walk_population: 5.2510423114939776e-05
  nodes_walk_race_1_hhs: 0.0008691531395689482
  nodes_walk_race_2_hhs: -0.0005469825542729377
  nodes_walk_residential: 0.0002528623770932439
  nodes_walk_retail: -6.024768249619414e-05
  non_residential_units: 9.477873314856447e-17
  parcel_sqft: -1.4261963804292768e-07
  parcels_ave_unit_size: 9.483384848173873e-05
  parcels_total_job_spaces: 0.00014301362717303667
  parcels_total_sqft: -2.0696892427102947e-07
  parcels_zones_employment: 3.479605267702152e-07
  parcels_zones_households: -0.0004925273268165117
  parcels_zones_jobs_within_30_min: 9.90563240085697e-08
  parcels_zones_logsum_job_high_income: 7.500256389633682e-08
  parcels_zones_logsum_job_low_income: 8.081777598510876e-08
  parcels_zones_logsum_pop_high_income: -6.248728000775091e-08
  parcels_zones_logsum_pop_low_income: -1.8396541408253993e-07
  parcels_zones_mean_age_of_head: 0.0003299496995149325
  parcels_zones_population: 0.0001475254742353048
  parcels_zones_retail_jobs: -2.0389750543092053e-05
  parcels_zones_transit_jobs_30min: -9.399848208142788e-08
  parcels_zones_transit_jobs_50min: 6.109826804290287e-07
  parcels_zones_z_total_jobs: 8.003697645731753e-07
  school_district_achievement: 0.0013755551192640102
  vacant_job_spaces: 0.0008968451609723386
  year_built: 0.0029837752595714305
  zone_mean_age_of_head: 2.961849752336796e-19
  zones_acres: -1.2669717696687642e-05
  zones_households: -0.00030157746465146767
  zones_logsum_job_high_income: 4.998800532429704e-08
  zones_logsum_job_low_income: 8.284137038332324e-08
  zones_logsum_pop_high_income: -3.396040763781234e-08
  zones_logsum_pop_low_income: -8.493577503177146e-08
  zones_mean_age_of_head: 0.000167279880416266
  zones_population: 0.00014478408586928793
  zones_retail_jobs: -6.859205694960062e-05
  zones_transit_jobs_30min: -3.548692078681271e-07
  zones_transit_jobs_50min: 1.1816702811367883e-07
  zones_z_total_jobs: 3.3725843335861614e-07
sample_size: 265
score: 0.7541043665639299
