fit_filters:
- non_residential_sqft > 0
- sqft_price_nonres > 1
- sqft_price_nonres < 650
- hedonic_id == 95
model_expression:
  left_side: np.log1p(sqft_price_nonres)
model_type: Regression
name: RegressionModel
predict_filters: hedonic_id == 95
ytransform: np.exp
coef:
  building_sqft: -6.509113402860884e-06
  county_id: 0.007069396886578406
  crime_other_rate: -2.9892963214299744e-05
  crime_ucr_rate: 0.0005100703695700702
  jobs_within_30_min: 7.838720531551329e-07
  land_area: 1.582431887703979e-05
  large_area_id: 0.0008048417675508778
  nodes_walk_ave_nonres_sqft_price: 0.0005727981936844998
  nodes_walk_ave_unit_sqft: 0.00015479151791981718
  nodes_walk_hhs_with_children: 0.006416304328827229
  nodes_walk_highinc_hhs: -0.007402452976494972
  nodes_walk_households: 0.008301658114777073
  nodes_walk_housing_cost: -1.0500576245371389e-06
  nodes_walk_industrial: -0.0023940592159661456
  nodes_walk_jobs: -3.685475859829056e-05
  nodes_walk_lowinc_hhs: 0.00024425063131171065
  nodes_walk_max_retail_far: 0.009257487599086442
  nodes_walk_medical: -0.0004070150571438612
  nodes_walk_midinc_hhs: 0.0007608346615014435
  nodes_walk_node_r1500_sqft: 1.611167921607631e-07
  nodes_walk_office: 0.0001006475682658721
  nodes_walk_population: -0.004254590786789352
  nodes_walk_race_2_hhs: -0.0046816117039365735
  nodes_walk_race_3_hhs: 0.009311174998339484
  nodes_walk_residential: -0.0005592360624959255
  nodes_walk_retail_jobs: 0.0001587740797026702
  parcel_sqft: 1.558156073537736e-06
  parcels_ave_unit_size: 0.00016426544618203414
  parcels_total_job_spaces: 0.0010752684994663202
  parcels_total_sqft: 3.167596161503041e-06
  parcels_zones_empden: 0.0003887905539276941
  parcels_zones_households: -0.00042801591194029554
  parcels_zones_jobs_within_30_min: -1.2139059978584226e-06
  parcels_zones_logsum_job_high_income: 1.3306698032429338e-07
  parcels_zones_logsum_job_low_income: 1.737819996510645e-08
  parcels_zones_logsum_pop_high_income: -1.2319476584363603e-07
  parcels_zones_logsum_pop_low_income: -1.3272793326158888e-07
  parcels_zones_mean_age_of_head: -0.009600786201506568
  parcels_zones_popden: 0.000476886949833667
  parcels_zones_population: 0.0006302757485144407
  parcels_zones_retail_jobs: 0.003660758884218895
  parcels_zones_transit_jobs_30min: -3.2250618113517816e-06
  parcels_zones_transit_jobs_50min: -1.1645906795236946e-06
  popden: 0.0027185513377333804
  school_district_achievement: 0.010111853187806427
  year_built: -0.015494838972249847
  zone_mean_age_of_head: -1.704510951882165e-16
  zones_acres: 2.6781212754805103e-05
  zones_employment: -3.7776525599380973e-06
  zones_households: -0.0017579967393746157
  zones_logsum_job_high_income: 1.3427279595484383e-07
  zones_logsum_job_low_income: 1.860606463358571e-08
  zones_logsum_pop_high_income: -3.007822073625788e-07
  zones_logsum_pop_low_income: -2.2792079869160887e-08
  zones_mean_age_of_head: -0.006870293487794747
  zones_population: 0.00041946685028407537
  zones_retail_jobs: 3.307154306823452e-05
  zones_transit_jobs_30min: -3.670643188363533e-06
  zones_transit_jobs_50min: -3.512386890986458e-08
  zones_z_total_jobs: -2.612786644158178e-07
sample_size: 63
score: 0.8773114408419841
