fit_filters:
- non_residential_sqft > 0
- sqft_price_nonres > 1
- sqft_price_nonres < 650
- hedonic_id == 16121
model_expression:
  left_side: np.log1p(sqft_price_nonres)
model_type: Regression
name: RegressionModel
predict_filters: hedonic_id == 16121
ytransform: np.exp
coef:
  b_total_jobs: 0.0020005592341898935
  building_age: -0.0018134160542620462
  building_sqft: -1.8478698211940162e-07
  crime_other_rate: 0.00028941702937657966
  crime_ucr_rate: -0.0004137060338364958
  jobs_within_30_min: 3.1333371920247127e-07
  land_area: -6.125409585788981e-06
  nodes_walk_ave_nonres_sqft_price: 0.002273075670690684
  nodes_walk_ave_unit_sqft: -1.0139436187779513e-05
  nodes_walk_housing_cost: -1.1769940121204288e-06
  nodes_walk_industrial: -0.00044756576485889684
  nodes_walk_jobs: 3.5273950379247955e-05
  nodes_walk_lowinc_hhs: -0.000110401362716473
  nodes_walk_medical: -0.00014650061322543325
  nodes_walk_midinc_hhs: 0.0005531493018013267
  nodes_walk_node_r1500_sqft: -7.620327406604578e-10
  nodes_walk_population: -5.2760910355444094e-05
  nodes_walk_race_1_hhs: -0.00022067531314981422
  nodes_walk_retail: 0.0049689326487831875
  nodes_walk_retail_jobs: -0.00017542235070723252
  parcel_sqft: -1.225219320307285e-07
  parcels_ave_unit_size: -3.326095248196404e-06
  parcels_total_sqft: -1.961075324054038e-06
  parcels_zones_employment: -8.729524320294033e-08
  parcels_zones_households: -0.0001789307043034462
  parcels_zones_jobs_within_30_min: -6.62083442452555e-07
  parcels_zones_logsum_job_high_income: 1.244515913611024e-07
  parcels_zones_logsum_job_low_income: 8.02479458700505e-08
  parcels_zones_logsum_pop_high_income: -1.8174371438869824e-07
  parcels_zones_logsum_pop_low_income: -8.961437423376139e-08
  parcels_zones_population: 9.871495556926463e-05
  parcels_zones_retail_jobs: 0.0006538107136818506
  parcels_zones_transit_jobs_30min: -1.3116927041497686e-06
  parcels_zones_transit_jobs_50min: 1.1331034709019557e-06
  parcels_zones_z_total_jobs: -1.0575217538542451e-07
  residential_sqft: 7.256089609771523e-05
  sqft_per_unit: 0.0001851123399051759
  year_built: 0.0009281940115693014
  zones_acres: -3.024128878054735e-05
  zones_employment: -1.0833153631538007e-05
  zones_households: -0.00021387179896364999
  zones_logsum_job_high_income: 1.2266094709628685e-07
  zones_logsum_job_low_income: 7.497505343047999e-08
  zones_logsum_pop_high_income: -1.7763661901635415e-07
  zones_logsum_pop_low_income: -1.0126460739133812e-07
  zones_population: 0.00010895816277001723
  zones_retail_jobs: 8.561143380614555e-08
  zones_transit_jobs_30min: -1.0368674876306686e-06
  zones_transit_jobs_50min: 7.512119059190205e-07
  zones_z_total_jobs: -6.183044176543338e-06
sample_size: 1171
score: 0.4764431054678381
