fit_filters:
- non_residential_sqft > 0
- sqft_price_nonres > 1
- sqft_price_nonres < 650
- hedonic_id == 533
model_expression:
  left_side: np.log1p(sqft_price_nonres)
model_type: Regression
name: RegressionModel
predict_filters: hedonic_id == 533
ytransform: np.exp
coef:
  Intercept: -20.673908349730816
  b_total_jobs: 0.001124125351758096
  building_age: -1.1909296400614999e-05
  building_sqft: 1.3792487769229222e-06
  crime_other_rate: 9.0702409828657e-06
  crime_ucr_rate: -4.880863984510548e-05
  jobs_non_home_based: 2.21608924763265e-16
  jobs_within_30_min: -5.945147027239282e-07
  land_area: -2.1537316337547265e-07
  nodes_walk_ave_nonres_sqft_price: 0.006757127957017568
  nodes_walk_ave_unit_sqft: -7.742742590217098e-05
  nodes_walk_hhs_with_children: -0.002880597642934602
  nodes_walk_housing_cost: 3.187212119219722e-06
  nodes_walk_jobs: 1.9059266112654504e-05
  nodes_walk_medical: 2.335615606499336e-05
  nodes_walk_node_r1500_sqft: 2.385572770252858e-08
  nodes_walk_office: 0.0003861459360152256
  nodes_walk_population: 0.00034448743141254955
  nodes_walk_race_1_hhs: -0.000712271767526067
  nodes_walk_race_2_hhs: -8.25033322238916e-06
  nodes_walk_race_3_hhs: 0.00026893574210313034
  nodes_walk_retail: -0.0010081884768786886
  nodes_walk_retail_jobs: 0.005673234789829757
  parcel_sqft: 9.8801063411769e-07
  parcels_ave_unit_size: -7.264125745886212e-05
  parcels_total_job_spaces: 0.00043308325924410054
  parcels_total_sqft: -4.525837352136839e-06
  parcels_zones_jobs_within_30_min: 1.0931913176985427e-07
  residential_sqft: 3.5373202571885945e-06
  sqft_per_unit: 0.0003123498860635815
  year_built: 0.01224460338289549
  zones_acres: -6.881065822189577e-05
  zones_employment: -4.005156213724283e-05
  zones_logsum_job_high_income: 1.2418548284660747e-07
  zones_logsum_job_low_income: 3.542229536223269e-08
  zones_logsum_pop_high_income: -1.4474996185319335e-07
  zones_logsum_pop_low_income: -3.4906651248072856e-08
  zones_population: -1.841445319057309e-05
  zones_retail_jobs: 0.0014451927141977256
  zones_transit_jobs_30min: 6.180325080634898e-06
  zones_transit_jobs_50min: -3.4533523891587965e-06
  zones_z_total_jobs: -3.5870690164022436e-05
sample_size: 1048
score: 0.42012655435879265
