fit_filters:
- non_residential_sqft > 0
- sqft_price_nonres > 1
- sqft_price_nonres < 650
- hedonic_id == 11533
model_expression:
  left_side: np.log1p(sqft_price_nonres)
model_type: Regression
name: RegressionModel
predict_filters: hedonic_id == 11533
ytransform: np.exp
coef:
  Intercept: 1.7092059080421258
  building_sqft: 4.694954505454435e-06
  crime_other_rate: 0.0003486654864894844
  jobs_within_30_min: -3.2047284478432204e-06
  land_area: -5.9583737826442045e-06
  nodes_walk_ave_nonres_sqft_price: 0.005367823462611952
  nodes_walk_ave_unit_sqft: 0.00017191089030477543
  nodes_walk_housing_cost: -8.390150465999287e-06
  nodes_walk_jobs: 0.0007885357023556724
  nodes_walk_medical: -0.00023945573096773002
  nodes_walk_node_r1500_sqft: 4.083844932140085e-09
  nodes_walk_office: 0.0015970744943285644
  nodes_walk_population: -0.0003010391956817711
  nodes_walk_residential: 0.004961515383626064
  parcel_sqft: -6.169245196255616e-08
  parcels_ave_unit_size: 0.0004913180175887252
  parcels_total_job_spaces: 0.004091956228120134
  parcels_total_sqft: -4.55798217364171e-06
  parcels_zones_employment: 9.468315228383809e-05
  parcels_zones_households: 1.686565276901883e-05
  parcels_zones_jobs_within_30_min: 1.3209776487057153e-07
  parcels_zones_logsum_job_high_income: 1.845036219283122e-06
  parcels_zones_logsum_job_low_income: 6.665986351699541e-06
  parcels_zones_logsum_pop_high_income: -1.3353197342823967e-06
  parcels_zones_logsum_pop_low_income: 7.536763186740129e-07
  parcels_zones_population: -0.00015052690091925077
  parcels_zones_retail_jobs: -0.0013903878380923888
  parcels_zones_transit_jobs_30min: -0.00024765424601293375
  parcels_zones_transit_jobs_50min: -2.3636613165211858e-05
  parcels_zones_z_total_jobs: 0.00013235952990007835
  school_district_achievement: 0.004231623779333656
  zones_acres: 9.799945985451343e-06
  zones_households: 0.0001271457805210498
  zones_logsum_job_high_income: 1.8982232853766768e-06
  zones_logsum_job_low_income: 6.396322684979629e-06
  zones_logsum_pop_high_income: -1.9583354152462035e-06
  zones_logsum_pop_low_income: 6.214720656810924e-07
  zones_population: -5.165550102740993e-06
  zones_retail_jobs: -0.0002580786865770147
  zones_transit_jobs_30min: -0.0001498000924693603
  zones_transit_jobs_50min: -3.0562855067077727e-06
  zones_z_total_jobs: 1.1974678989252964e-06
sample_size: 268
score: 0.6405666628181226
