fit_filters:
- non_residential_sqft > 0
- sqft_price_nonres > 1
- sqft_price_nonres < 650
- hedonic_id == 61
model_expression:
  left_side: np.log1p(sqft_price_nonres)
model_type: Regression
name: RegressionModel
predict_filters: hedonic_id == 61
ytransform: np.exp
coef:
  b_total_jobs: 0.0018841661187811276
  building_age: -0.0017908300877293312
  building_sqft: 1.7864843251801145e-06
  crime_other_rate: -7.311503002719191e-05
  crime_ucr_rate: -0.00012785765888625772
  jobs_within_30_min: -1.5296757539459344e-07
  land_area: -6.2306785709817225e-06
  nodes_walk_ave_nonres_sqft_price: 0.006523721830149242
  nodes_walk_ave_unit_sqft: -8.697616634558241e-05
  nodes_walk_highinc_hhs: 0.002561492184822119
  nodes_walk_housing_cost: 4.314616619851347e-07
  nodes_walk_jobs: -3.211650957699784e-05
  nodes_walk_max_office_far: 0.003854409595121393
  nodes_walk_midinc_hhs: -0.0010597002876391298
  nodes_walk_node_r1500_sqft: -3.288655985030578e-09
  nodes_walk_office: -0.0007974386361891321
  nodes_walk_population: -4.922421489390666e-05
  nodes_walk_race_1_hhs: 0.0004347699243586908
  nodes_walk_race_2_hhs: -4.3051997475331673e-05
  nodes_walk_retail: -0.0009416494421619504
  nodes_walk_retail_jobs: 0.0002782751436645327
  parcel_sqft: 1.1328192404796436e-08
  parcels_ave_unit_size: -2.7206123558151527e-05
  parcels_total_sqft: -3.380999206358709e-07
  parcels_zones_employment: 7.498227690823135e-05
  parcels_zones_households: -0.00017252646967237014
  parcels_zones_jobs_within_30_min: 3.407942886209855e-07
  parcels_zones_logsum_job_high_income: -1.4047015822926525e-07
  parcels_zones_logsum_job_low_income: -7.402565066300446e-08
  parcels_zones_logsum_pop_high_income: 1.3784845491033281e-07
  parcels_zones_logsum_pop_low_income: -2.006231337073597e-08
  parcels_zones_population: 5.764636799474604e-05
  parcels_zones_retail_jobs: 0.00011340558479216546
  parcels_zones_transit_jobs_30min: 5.699135948863013e-06
  parcels_zones_transit_jobs_50min: 2.382525553995723e-06
  residential_sqft: 0.0007465429435284917
  school_district_achievement: 0.001186163874749565
  sqft_per_unit: -0.00011312208415154361
  vacant_job_spaces: -0.0013579500978065377
  year_built: 0.0012559021524281007
  zones_acres: 2.9592043849440708e-05
  zones_households: -0.00013705801871650205
  zones_logsum_job_high_income: -1.7101642842337011e-07
  zones_logsum_job_low_income: -8.258144409784406e-08
  zones_logsum_pop_high_income: 1.0607347500361625e-07
  zones_logsum_pop_low_income: -2.1399296819910946e-08
  zones_population: 5.898354442874905e-05
  zones_retail_jobs: 0.0001212009494597799
  zones_transit_jobs_30min: 4.457552312450699e-06
  zones_transit_jobs_50min: 1.391416858933285e-06
  zones_z_total_jobs: 7.543336115395752e-21
sample_size: 509
score: 0.4536464758753235
