fit_filters:
- non_residential_sqft > 0
- sqft_price_nonres > 1
- sqft_price_nonres < 650
- hedonic_id == 11531
model_type: regression
name: RegressionModel
predict_filters: hedonic_id == 11531
target_variable: np.log1p(sqft_price_nonres)
ytransform: np.exp
fit_parameters:
  Coefficient:
    Intercept: -6.274647250331708
    building_age: -0.0002113780818793392
    building_sqft: -1.2323106743770526e-07
    crime_other_rate: -0.0001755294389384919
    crime_ucr_rate: 0.00016349298120772705
    jobs_within_30_min: -1.493546736165391e-06
    land_area: -4.0093963339067783e-07
    nodes_walk_ave_nonres_sqft_price: -0.0013141662867755572
    nodes_walk_ave_unit_sqft: 0.00023803314935385664
    nodes_walk_households: -0.0008157918753838823
    nodes_walk_housing_cost: -6.314591562031344e-06
    nodes_walk_industrial: 0.019085303181276
    nodes_walk_jobs: 2.791682079793944e-06
    nodes_walk_node_r1500_sqft: -6.967130981464564e-09
    nodes_walk_office: 0.0006697006925184943
    nodes_walk_retail_jobs: -0.0001851580822047129
    parcel_sqft: 1.1580213375258658e-08
    parcels_ave_unit_size: 0.00011726648451223854
    parcels_parcel_size: -1.1585062582621787e-08
    parcels_pct_undev: 3.5803653544102214e-05
    parcels_total_job_spaces: -0.0013755727767084745
    parcels_total_sqft: 1.3073083498887191e-06
    parcels_zones_jobs_within_30_min: 3.7075265452127816e-07
    vacant_job_spaces: 0.0002758186059668069
    year_built: 0.0038241120074287626
    zones_acres: -1.3773637657249348e-05
    zones_employment: -6.435033671966617e-05
    zones_households: -0.0005906487650914351
    zones_logsum_job_high_income: 5.879117459153774e-06
    zones_logsum_job_low_income: 1.7617682179171493e-05
    zones_logsum_job_mid_income: -1.5486092237294744e-05
    zones_logsum_pop_high_income: 6.091134959268592e-06
    zones_logsum_pop_low_income: -3.7560486976220253e-07
    zones_logsum_pop_mid_income: -6.363203395338331e-06
    zones_population: 0.0004038085299481156
    zones_retail_jobs: -0.0006524903532043026
    zones_transit_jobs_30min: -0.00047440130778682776
    zones_transit_jobs_50min: 6.539945230509062e-06
fit_rsquared: 0.6886300124044809
fitted: true
sample_size: 233
