fit_filters:
- non_residential_sqft > 0
- sqft_price_nonres > 1
- sqft_price_nonres < 650
- hedonic_id == 9323
model_type: regression
name: RegressionModel
predict_filters: hedonic_id == 9323
target_variable: np.log1p(sqft_price_nonres)
ytransform: np.exp
fit_parameters:
  Coefficient:
    Intercept: 1.5544829120429449
    building_age: -0.0009594830974958918
    building_sqft: 9.326053123917217e-06
    crime_other_rate: 9.089299574996313e-05
    jobs_within_30_min: -1.423916732363278e-06
    land_area: -1.1807405770628678e-05
    nodes_walk_ave_nonres_sqft_price: 0.00032824406101991405
    nodes_walk_ave_unit_sqft: 4.590312250815677e-05
    nodes_walk_housing_cost: -1.0336472343853208e-06
    nodes_walk_industrial: -0.00015714971904268933
    nodes_walk_jobs: 4.5843677144718445e-05
    nodes_walk_medical: 0.0004992633620398076
    nodes_walk_node_r1500_sqft: -7.927958199551337e-09
    nodes_walk_office: 0.008312606024977113
    nodes_walk_population: -0.0001643073603785726
    nodes_walk_retail: 4.562514785131979e-05
    nodes_walk_retail_jobs: 0.0005640594899144272
    parcel_sqft: -4.082066670316911e-08
    parcels_ave_unit_size: 1.145546192165677e-05
    parcels_parcel_size: -5.703410504268519e-08
    parcels_pct_undev: 0.0006562768388674701
    parcels_total_sqft: -2.722491853760486e-06
    sqft_per_unit: 0.0005314132429789421
    vacant_job_spaces: -0.001551111702274869
    year_built: 0.0005275933391774805
    zones_acres: -1.7793625525214604e-05
    zones_employment: -1.8262282040181133e-05
    zones_households: -7.272140139368858e-06
    zones_logsum_job_high_income: 4.124840292040479e-06
    zones_logsum_job_low_income: -5.954658869214513e-06
    zones_logsum_job_mid_income: -7.832277397066223e-06
    zones_logsum_pop_high_income: 3.0228052151523178e-06
    zones_logsum_pop_low_income: 4.424971845655265e-06
    zones_logsum_pop_mid_income: -2.1780799879448257e-06
    zones_population: 3.636515931206608e-05
    zones_retail_jobs: -4.314811569818008e-05
    zones_z_total_jobs: -2.8426600554764738e-06
fit_rsquared: 0.390460803139253
fitted: true
sample_size: 540
