fit_filters:
- non_residential_sqft > 0
- sqft_price_nonres > 1
- sqft_price_nonres < 650
- hedonic_id == 9933
model_expression:
  left_side: np.log1p(sqft_price_nonres)
model_type: Regression
name: RegressionModel
predict_filters: hedonic_id == 9933
ytransform: np.exp
coef:
  Intercept: -11.584907577383948
  building_age: -0.0008526911527372133
  building_sqft: -4.5517881747681275e-06
  crime_other_rate: -5.5577885309461875e-05
  crime_ucr_rate: -8.172729988823694e-05
  jobs_within_30_min: 5.7443038487690184e-08
  land_area: 5.1602035116776635e-06
  nodes_walk_ave_nonres_sqft_price: 0.00864295099844599
  nodes_walk_ave_unit_sqft: -1.535410041581825e-05
  nodes_walk_highinc_hhs: 0.0016932033247806376
  nodes_walk_housing_cost: 4.803391087756954e-07
  nodes_walk_industrial: 0.0042633011514167825
  nodes_walk_jobs: 0.00010598969333448239
  nodes_walk_medical: -0.0014767002344819537
  nodes_walk_midinc_hhs: -0.0003180199738001041
  nodes_walk_node_r1500_sqft: -2.2783224086665468e-08
  nodes_walk_office: -0.00036771459535316786
  nodes_walk_residential: 0.0006606351315153837
  nodes_walk_retail: -0.0006024757427794368
  nodes_walk_retail_jobs: -0.0003931168494205378
  parcel_sqft: -3.996460743571034e-08
  parcels_ave_unit_size: -1.3850913353170201e-05
  parcels_total_job_spaces: 0.0008597672576473401
  parcels_total_sqft: -1.4577636025227546e-06
  parcels_zones_employment: 5.235828766898413e-07
  parcels_zones_households: -0.00021617142156909257
  parcels_zones_jobs_within_30_min: 1.5782568297183522e-07
  parcels_zones_logsum_job_high_income: -1.5960803096574013e-07
  parcels_zones_logsum_job_low_income: 4.5303407524430843e-07
  parcels_zones_logsum_pop_high_income: 7.243902573689335e-08
  parcels_zones_logsum_pop_low_income: -2.8525504954890667e-07
  parcels_zones_population: 7.324549303886175e-05
  parcels_zones_retail_jobs: -9.607225854886835e-05
  parcels_zones_transit_jobs_30min: 5.792366920400225e-06
  parcels_zones_z_total_jobs: 4.614792798799151e-09
  year_built: 0.0074339342102587224
  zones_acres: 9.228311244848524e-06
  zones_employment: 1.0127306789184111e-08
  zones_households: -0.00017488630512735418
  zones_logsum_job_high_income: -1.237212539173115e-07
  zones_logsum_job_low_income: 4.264585239071445e-07
  zones_logsum_pop_high_income: 9.287585982397804e-08
  zones_logsum_pop_low_income: -3.2826549839040547e-07
  zones_population: 7.021789711559227e-05
  zones_retail_jobs: -6.693791786139535e-06
  zones_transit_jobs_30min: 1.8798864299887665e-06
  zones_transit_jobs_50min: -1.873621944666112e-07
  zones_z_total_jobs: 1.2964294526328555e-06
sample_size: 1282
score: 0.3984470734438923
