fit_filters:
- non_residential_sqft > 0
- sqft_price_nonres > 1
- sqft_price_nonres < 650
- hedonic_id == 11565
model_expression:
  left_side: np.log1p(sqft_price_nonres)
model_type: Regression
name: RegressionModel
predict_filters: hedonic_id == 11565
ytransform: np.exp
coef:
  building_age: -0.0002878764652659595
  crime_other_rate: 2.945908504287062e-05
  crime_ucr_rate: 0.00012572267921830377
  jobs_within_30_min: 1.5520420522184923e-07
  land_area: -1.9040253541612334e-05
  nodes_walk_ave_nonres_sqft_price: 0.00573306597336342
  nodes_walk_ave_unit_sqft: 8.854777583751875e-05
  nodes_walk_housing_cost: -1.35720025105728e-05
  nodes_walk_jobs: 0.00020323673371431793
  nodes_walk_lowinc_hhs: 0.0003614814333996795
  nodes_walk_medical: -0.0006488249257033712
  nodes_walk_midinc_hhs: -0.0005149729778976025
  nodes_walk_node_r1500_sqft: -2.338947474682874e-08
  nodes_walk_office: -0.00017962837215807458
  nodes_walk_residential: 0.002270629362987609
  nodes_walk_retail: -0.002584418281788753
  nodes_walk_retail_jobs: 0.0006429545590031765
  parcel_sqft: 1.4118716149890955e-08
  parcels_ave_unit_size: 0.0002138777766567154
  parcels_total_sqft: 2.617537460036331e-05
  parcels_zones_employment: 7.19791601704163e-06
  parcels_zones_households: 0.0004547036887114003
  parcels_zones_jobs_within_30_min: 6.872630897650131e-07
  parcels_zones_logsum_job_high_income: -2.981756004594788e-06
  parcels_zones_logsum_job_low_income: -6.325800234991857e-06
  parcels_zones_logsum_pop_high_income: 9.092906068756129e-07
  parcels_zones_logsum_pop_low_income: 1.4568882744816551e-06
  parcels_zones_population: -0.00022754543282487252
  parcels_zones_transit_jobs_30min: -0.0001925656915960901
  parcels_zones_transit_jobs_50min: -3.560697093934675e-05
  parcels_zones_z_total_jobs: 8.49141985603344e-05
  vacant_job_spaces: -0.014883015816593709
  year_built: 0.006050707944218234
  zones_acres: -8.262103180716615e-06
  zones_employment: 0.0002611092776999026
  zones_households: 0.0004965808690843194
  zones_logsum_job_high_income: -4.440057236772944e-06
  zones_logsum_job_low_income: -3.5816832347502394e-06
  zones_logsum_pop_high_income: 2.306001307296583e-06
  zones_logsum_pop_low_income: 4.417759588113798e-06
  zones_population: -0.00024320607145234075
  zones_transit_jobs_30min: -0.00017313191621140672
  zones_transit_jobs_50min: -1.627866458715222e-05
  zones_z_total_jobs: 1.8851643777934966e-05
sample_size: 166
score: 0.6733003345435626
