fit_filters:
- non_residential_sqft > 0
- sqft_price_nonres > 1
- sqft_price_nonres < 650
- hedonic_id == 9965
model_expression:
  left_side: np.log1p(sqft_price_nonres)
model_type: Regression
name: RegressionModel
predict_filters: hedonic_id == 9965
ytransform: np.exp
coef:
  b_total_jobs: 0.0023292894210304306
  building_age: -0.0010087671727969385
  building_sqft: -9.318590796788825e-06
  crime_other_rate: 3.614479772021771e-05
  crime_ucr_rate: -0.0001295169953638833
  jobs_within_30_min: -6.288118076373383e-07
  land_area: -1.110649577453369e-05
  nodes_walk_ave_nonres_sqft_price: 0.00686756828254663
  nodes_walk_ave_unit_sqft: -1.412855711704647e-05
  nodes_walk_hhs_with_children: 0.0006142577751342505
  nodes_walk_housing_cost: -1.1046072094708326e-06
  nodes_walk_jobs: 9.627221653147778e-05
  nodes_walk_medical: 4.1993005761631944e-05
  nodes_walk_node_r1500_sqft: -2.3063542454449187e-09
  nodes_walk_race_1_hhs: -9.16741916914262e-05
  nodes_walk_retail: 1.4598473026044864e-05
  nodes_walk_retail_jobs: -0.0003742637920344249
  parcel_sqft: -1.9366060349686115e-07
  parcels_ave_unit_size: -4.9088015735965585e-05
  parcels_parcel_size: 2.2503497359652437e-07
  parcels_pct_undev: -0.0022327356044312793
  parcels_total_sqft: 1.0023303196001658e-07
  parcels_total_units: -0.00031109972654390404
  parcels_zones_employment: 3.415861254171547e-08
  parcels_zones_households: 5.627652380590927e-05
  parcels_zones_jobs_within_30_min: -4.022726471481546e-08
  parcels_zones_logsum_job_high_income: 1.1611920662690114e-07
  parcels_zones_logsum_job_low_income: -4.0208024636787875e-07
  parcels_zones_logsum_pop_high_income: 1.8453755308572987e-07
  parcels_zones_logsum_pop_low_income: 5.288021867426298e-07
  parcels_zones_mean_age_of_head: 0.0029469353483946234
  parcels_zones_population: -1.5800444698097202e-05
  parcels_zones_retail_jobs: -0.00015383142440689212
  parcels_zones_transit_jobs_30min: -3.151344419213904e-06
  parcels_zones_transit_jobs_50min: -1.4076468149973994e-06
  parcels_zones_z_total_jobs: 3.0814466470158664e-06
  residential_sqft: 1.0653093341108037e-05
  sqft_per_unit: 0.00014924544659682113
  year_built: 0.00512046911188486
  zones_acres: -8.761555700487665e-05
  zones_households: 5.19299673274018e-05
  zones_logsum_job_high_income: 2.4664463869407694e-07
  zones_logsum_job_low_income: -4.2434001061254975e-07
  zones_logsum_pop_high_income: -2.0946184645537285e-07
  zones_logsum_pop_low_income: 4.18171531501512e-07
  zones_mean_age_of_head: 0.000840227275955453
  zones_population: -1.5632702073034158e-05
  zones_retail_jobs: -2.7774118947181632e-05
  zones_transit_jobs_30min: -5.8283415446508e-07
  zones_transit_jobs_50min: -8.335975242243264e-07
sample_size: 916
score: 0.3031167702075377
