fit_filters:
- non_residential_sqft > 0
- sqft_price_nonres > 1
- sqft_price_nonres < 650
- hedonic_id == 331
model_expression:
  left_side: np.log1p(sqft_price_nonres)
model_type: Regression
name: RegressionModel
predict_filters: hedonic_id == 331
ytransform: np.exp
coef:
  b_total_jobs: 0.00037372453808105923
  building_age: -0.0004327785844574377
  building_sqft: -1.2814245954152618e-06
  crime_other_rate: -1.6376297519068515e-05
  crime_ucr_rate: -0.0002472019765544045
  jobs_non_home_based: 1.7818298528933937e-17
  jobs_within_30_min: -2.0868970495024413e-07
  land_area: 4.2740685936303464e-07
  nodes_walk_housing_cost: -8.360602826164676e-07
  nodes_walk_industrial: 0.008068455495928318
  nodes_walk_jobs: 0.0001826944405016161
  nodes_walk_medical: -0.00021162204483495572
  nodes_walk_node_r1500_sqft: 5.815042057169746e-09
  nodes_walk_population: -5.206863784381586e-05
  nodes_walk_race_1_hhs: 0.0004759568639001931
  nodes_walk_residential: 0.00021860571467661284
  nodes_walk_retail: 0.0004096237792586132
  nodes_walk_retail_jobs: -5.170846986195158e-05
  parcel_sqft: 4.244162434712465e-07
  parcels_total_sqft: -1.4220459555763092e-06
  parcels_zones_employment: 2.1836988802251903e-05
  parcels_zones_households: -5.83834356108815e-05
  parcels_zones_jobs_within_30_min: 2.6387371969331747e-07
  parcels_zones_logsum_job_high_income: -3.3825882880782903e-07
  parcels_zones_logsum_job_low_income: 5.649900032054815e-08
  parcels_zones_logsum_pop_high_income: 2.4219101460851297e-07
  parcels_zones_logsum_pop_low_income: -1.62992626778383e-07
  parcels_zones_population: 4.2975697697840224e-05
  parcels_zones_transit_jobs_30min: 1.3403067740236643e-06
  parcels_zones_transit_jobs_50min: 3.3724984365351815e-07
  parcels_zones_z_total_jobs: 5.771214625546755e-06
  vacant_job_spaces: -8.552783179550985e-05
  year_built: 0.004304504070212347
  zones_acres: -9.472519553996371e-06
  zones_households: -7.601992186596887e-05
  zones_logsum_job_high_income: -3.5115539522715867e-07
  zones_logsum_job_low_income: 7.261403685182274e-08
  zones_logsum_pop_high_income: 2.683847449138281e-07
  zones_logsum_pop_low_income: -1.1562325218085484e-07
  zones_population: 3.898421263391638e-05
  zones_transit_jobs_30min: 1.4212195112772413e-06
  zones_transit_jobs_50min: 2.7045351370068845e-07
  zones_z_total_jobs: 3.310554592449338e-06
sample_size: 1352
score: 0.47981691022898143
