fit_filters:
- non_residential_sqft > 0
- sqft_price_nonres > 1
- sqft_price_nonres < 650
- hedonic_id == 351
model_expression:
  left_side: np.log1p(sqft_price_nonres)
model_type: Regression
name: RegressionModel
predict_filters: hedonic_id == 351
ytransform: np.exp
coef:
  building_age: -0.0021359348580682466
  building_sqft: -2.119311776069584e-06
  crime_other_rate: 3.451970024429012e-05
  crime_ucr_rate: -0.0002603105972009831
  job_spaces: -0.0003301293954216998
  jobs_within_30_min: -3.806867996342439e-07
  land_area: 1.0473234941938276e-06
  nodes_walk_households: -6.597578117919912e-05
  nodes_walk_housing_cost: 3.067269701861312e-07
  nodes_walk_jobs: 3.695097629166957e-05
  nodes_walk_medical: 0.005355513873618108
  nodes_walk_node_r1500_sqft: 4.312292141924775e-09
  nodes_walk_office: 0.0003361255136982103
  nodes_walk_race_1_hhs: -1.3457711633619811e-05
  nodes_walk_race_2_hhs: -0.00015329680016448182
  nodes_walk_residential: 0.0005779564970518079
  nodes_walk_retail: 0.00045710439943931876
  nodes_walk_retail_jobs: -4.807141159932516e-05
  non_residential_units: -8.202892863116777e-17
  parcel_sqft: -1.3486374652262609e-06
  parcels_ave_unit_size: -1.0996145196893387e-05
  parcels_total_sqft: 4.623694010709632e-06
  parcels_zones_employment: 2.1596430393862176e-05
  parcels_zones_households: -8.819322682545877e-05
  parcels_zones_jobs_within_30_min: 1.0179104036329516e-07
  parcels_zones_logsum_job_high_income: -1.2920476148834197e-07
  parcels_zones_logsum_job_low_income: -4.4314157154446025e-08
  parcels_zones_logsum_pop_high_income: 3.3973164345855724e-07
  parcels_zones_logsum_pop_low_income: 5.214340553059749e-08
  parcels_zones_population: 3.2595843846568856e-05
  parcels_zones_transit_jobs_30min: 1.1496048305547972e-06
  parcels_zones_transit_jobs_50min: 5.5546239966893324e-08
  residential_sqft: 0.000265623268198284
  vacant_job_spaces: -0.0007239908532380069
  year_built: 0.0013495721468695047
  zones_acres: -1.1078122237986048e-05
  zones_employment: 9.886060884334551e-07
  zones_households: -7.590673836464128e-05
  zones_logsum_job_high_income: -8.390078748595626e-08
  zones_logsum_job_low_income: -4.72121657466843e-08
  zones_logsum_pop_high_income: 8.024852873937228e-08
  zones_logsum_pop_low_income: 1.3479797140850356e-08
  zones_population: 2.2796764774074923e-05
  zones_retail_jobs: -2.8258355713761214e-05
  zones_transit_jobs_50min: 3.0034854196067815e-08
  zones_z_total_jobs: 2.6676011775149135e-06
sample_size: 718
score: 0.4893158482932263
