fit_filters:
- non_residential_sqft > 0
- sqft_price_nonres > 1
- sqft_price_nonres < 650
- hedonic_id == 14765
model_expression:
  left_side: np.log1p(sqft_price_nonres)
model_type: Regression
name: RegressionModel
predict_filters: hedonic_id == 14765
ytransform: np.exp
coef:
  Intercept: -1.3341632115913615
  b_total_jobs: 0.007657130224669172
  building_age: -0.00010661154121837249
  building_sqft: -7.516893024498911e-05
  crime_other_rate: 4.146107115827102e-05
  crime_ucr_rate: -0.00021912820954915745
  jobs_non_home_based: 5.113110219288747e-16
  jobs_within_30_min: 6.0184131949789245e-06
  land_area: 2.7738496975200712e-05
  nodes_walk_ave_nonres_sqft_price: 0.008246712768191512
  nodes_walk_ave_unit_sqft: -9.584765489645003e-06
  nodes_walk_housing_cost: 2.324857216133043e-06
  nodes_walk_jobs: -4.043751691785648e-05
  nodes_walk_lowinc_hhs: -0.0011775617994521843
  nodes_walk_node_r1500_sqft: -1.740373136700333e-08
  nodes_walk_office: -1.9980776148412327e-05
  nodes_walk_population: -0.00020372106872205867
  nodes_walk_residential: -0.002247564709287216
  nodes_walk_retail: 0.0012562209365554774
  nodes_walk_retail_jobs: 0.0029015145077590228
  parcel_sqft: 2.058744697829858e-08
  parcels_ave_unit_size: -0.00011345213465524152
  parcels_total_sqft: -7.541568856323336e-06
  residential_sqft: 0.0001406107069953137
  sqft_per_unit: -6.635787225796058e-05
  year_built: 0.0027806042735541215
  zones_acres: -4.275507960753821e-06
  zones_employment: -6.56917788862159e-05
  zones_households: 7.730639477277357e-05
  zones_logsum_job_high_income: 1.011172800215647e-05
  zones_logsum_job_low_income: -3.4941028851785756e-06
  zones_logsum_pop_high_income: -5.3635785610801906e-06
  zones_logsum_pop_low_income: 1.8358871217742053e-06
  zones_population: 8.784351877932707e-05
  zones_retail_jobs: -0.0010384546838666294
  zones_transit_jobs_30min: -4.590153459432223e-05
  zones_transit_jobs_50min: 1.696716364471502e-05
  zones_z_total_jobs: -1.570536380796565e-05
sample_size: 273
score: 0.4769407759533584
