fit_filters:
- non_residential_sqft > 0
- sqft_price_nonres > 1
- sqft_price_nonres < 650
- hedonic_id == 52
model_expression:
  left_side: np.log1p(sqft_price_nonres)
model_type: Regression
name: RegressionModel
predict_filters: hedonic_id == 52
ytransform: np.exp
coef:
  b_total_jobs: 0.00010133773866996465
  building_sqft: 2.4254603684254538e-06
  crime_other_rate: 6.984239789967106e-05
  crime_ucr_rate: 0.0006625240394112907
  job_spaces: -0.00043928956654272944
  jobs_within_30_min: -3.1397530943070235e-06
  land_area: -5.031591738621998e-06
  nodes_walk_ave_nonres_sqft_price: 0.0004340721910200727
  nodes_walk_ave_unit_sqft: -0.00036934026242438014
  nodes_walk_highinc_hhs: -0.0025578368282158023
  nodes_walk_housing_cost: 3.609856728039997e-05
  nodes_walk_jobs: 0.0002993473682509547
  nodes_walk_medical: 0.005836662611345197
  nodes_walk_midinc_hhs: 0.008305939171834201
  nodes_walk_node_r1500_sqft: -1.5700862674860464e-07
  nodes_walk_office: 0.0002841720497373969
  nodes_walk_population: -0.001110568835516682
  nodes_walk_race_2_hhs: 0.005012025150331132
  nodes_walk_race_3_hhs: -0.004876235502696002
  nodes_walk_residential: -0.01563601048192662
  nodes_walk_retail: -0.00252819951136755
  nodes_walk_retail_jobs: 0.0022688335699819345
  non_residential_units: -8.256393036192562e-17
  parcel_sqft: 4.722688710721673e-07
  parcels_ave_unit_size: -0.0008549248664388208
  parcels_parcel_size: -6.014434696552906e-07
  parcels_total_job_spaces: -0.0007557405643326662
  parcels_total_sqft: -1.4766295925429714e-06
  parcels_zones_empden: -0.0003375883688962367
  parcels_zones_employment: 3.804307029139418e-06
  parcels_zones_households: -0.002737057947299509
  parcels_zones_jobs_within_30_min: 2.132964963043393e-06
  parcels_zones_logsum_job_high_income: -3.2192576771923544e-07
  parcels_zones_logsum_job_low_income: 6.124835716375216e-08
  parcels_zones_logsum_pop_high_income: 5.950184439136073e-07
  parcels_zones_logsum_pop_low_income: -5.922135682157227e-07
  parcels_zones_mean_age_of_head: -0.010266996708706637
  parcels_zones_population: 0.0008312384312617325
  parcels_zones_retail_jobs: 0.003962719689917678
  parcels_zones_transit_jobs_30min: 1.8282903797029193e-05
  parcels_zones_transit_jobs_50min: -5.866194914910717e-06
  parcels_zones_z_total_jobs: 5.921159878715475e-05
  vacant_job_spaces: -0.0010568210794116616
  zone_mean_age_of_head: -7.212136013556544e-19
  zones_acres: 0.0001170140335542972
  zones_empden: -0.0007698012595153507
  zones_employment: -5.9525564576260495e-05
  zones_households: -0.0017660570661843737
  zones_logsum_job_high_income: -3.377000151079258e-07
  zones_logsum_job_low_income: 1.1697028174170437e-07
  zones_logsum_pop_high_income: 5.411989014183938e-07
  zones_logsum_pop_low_income: -4.627893606543685e-07
  zones_mean_age_of_head: -0.0036434117897898672
  zones_population: 0.0008205683097250189
  zones_retail_jobs: 0.001069897117909001
  zones_transit_jobs_30min: 1.673105248228615e-05
  zones_transit_jobs_50min: -4.508877205323966e-06
  zones_z_total_jobs: 4.42552138349381e-05
sample_size: 45
score: 0.9876321932299
