fit_filters:
- non_residential_sqft > 0
- sqft_price_nonres > 1
- sqft_price_nonres < 650
- hedonic_id == 11533
model_expression:
  left_side: np.log1p(sqft_price_nonres)
model_type: Regression
name: RegressionModel
predict_filters: hedonic_id == 11533
ytransform: np.exp
coef:
  building_sqft: 4.7744681481589346e-06
  crime_other_rate: 0.0003436700526308774
  crime_ucr_rate: 1.6986266347905956e-05
  jobs_within_30_min: -3.1379542814261642e-06
  land_area: -6.0196720477641585e-06
  nodes_walk_ave_nonres_sqft_price: 0.005007631231160346
  nodes_walk_ave_unit_sqft: 0.00018279052179965736
  nodes_walk_housing_cost: -9.039915782449162e-06
  nodes_walk_jobs: 0.0008267611444317184
  nodes_walk_medical: -0.0002540571411928544
  nodes_walk_node_r1500_sqft: 3.781069826573397e-09
  nodes_walk_office: 0.0017768289960647633
  nodes_walk_population: -0.00029072759532139343
  nodes_walk_residential: 0.005206868664643081
  nodes_walk_retail_jobs: 1.7645066312404726e-05
  parcel_sqft: -6.235768055306239e-08
  parcels_ave_unit_size: 0.0004975806922311782
  parcels_parcel_size: 1.7736450907525802e-08
  parcels_pct_undev: -0.0008431191828367409
  parcels_total_job_spaces: 0.004111213036391412
  parcels_total_sqft: -4.543330215586997e-06
  parcels_zones_employment: 8.904079584447882e-05
  parcels_zones_households: 4.428696501558996e-05
  parcels_zones_jobs_within_30_min: 1.5096771178377927e-07
  parcels_zones_logsum_job_high_income: 2.0941783924313614e-06
  parcels_zones_logsum_job_low_income: 7.6173979706900965e-06
  parcels_zones_logsum_pop_high_income: -1.5302877599049657e-06
  parcels_zones_logsum_pop_low_income: 3.4489203637395344e-07
  parcels_zones_population: -0.00015661306824058655
  parcels_zones_retail_jobs: -0.0014275669706785466
  parcels_zones_transit_jobs_30min: -0.00023954468941564817
  parcels_zones_transit_jobs_50min: -2.5263800532704245e-05
  parcels_zones_z_total_jobs: 0.0001324951403355129
  school_district_achievement: 0.002661297836813526
  zones_acres: 8.537358468896757e-06
  zones_households: 0.00019073343789161054
  zones_logsum_job_high_income: 2.1477827335101298e-06
  zones_logsum_job_low_income: 7.3418570808704645e-06
  zones_logsum_pop_high_income: -2.128494548971534e-06
  zones_logsum_pop_low_income: 2.1124695286867313e-07
  zones_population: -2.8858856616537155e-05
  zones_retail_jobs: -0.0003060447866094823
  zones_transit_jobs_30min: -0.00015921697431023856
  zones_transit_jobs_50min: -4.1499282077282495e-06
sample_size: 268
score: 0.6416078945721543
