fit_filters:
- non_residential_sqft > 0
- sqft_price_nonres > 1
- sqft_price_nonres < 650
- hedonic_id == 12565
model_expression:
  left_side: np.log1p(sqft_price_nonres)
model_type: Regression
name: RegressionModel
predict_filters: hedonic_id == 12565
ytransform: np.exp
coef:
  Intercept: -6.915335016739145
  b_total_jobs: 0.00031008753496559365
  building_age: -0.00013843811981982415
  building_sqft: -4.0905788945237586e-05
  crime_other_rate: 3.7701802843904717e-05
  crime_ucr_rate: -6.889425914415491e-05
  jobs_non_home_based: 2.2750211259477093e-17
  jobs_within_30_min: 8.308946483197373e-08
  land_area: 2.0903165577246707e-05
  nodes_walk_ave_nonres_sqft_price: 0.007542105398482908
  nodes_walk_ave_unit_sqft: -5.38027478564884e-05
  nodes_walk_highinc_hhs: 0.0007265987817226343
  nodes_walk_housing_cost: 1.3387388396357075e-06
  nodes_walk_industrial: 0.000827030276029717
  nodes_walk_jobs: -1.3115911648531246e-05
  nodes_walk_midinc_hhs: -0.00031247720423647536
  nodes_walk_node_r1500_sqft: 9.527188331504216e-09
  nodes_walk_office: 0.00013934920871109754
  nodes_walk_population: -8.364373115237418e-05
  nodes_walk_race_2_hhs: 0.00027573131005753686
  nodes_walk_retail_jobs: 0.00018790687155406142
  parcel_sqft: -1.2630568509666122e-07
  parcels_ave_unit_size: -2.1676266403797365e-05
  parcels_total_job_spaces: 0.0016448336921841993
  parcels_total_sqft: -6.524697297709045e-06
  parcels_zones_employment: -9.942105283017455e-06
  parcels_zones_households: 8.802847898462153e-05
  parcels_zones_jobs_within_30_min: -4.1173357959817865e-08
  parcels_zones_logsum_job_high_income: 3.508517655177776e-07
  parcels_zones_logsum_job_low_income: -2.5809571176967345e-07
  parcels_zones_logsum_pop_high_income: -2.925878911941842e-07
  parcels_zones_logsum_pop_low_income: 2.914281285534263e-07
  parcels_zones_population: -5.0644653315617335e-05
  parcels_zones_retail_jobs: -3.7895750750424745e-13
  parcels_zones_transit_jobs_30min: -2.844718810914193e-06
  parcels_zones_transit_jobs_50min: 5.248716909942028e-07
  parcels_zones_z_total_jobs: -1.1654997420494085e-10
  vacant_job_spaces: -0.000534841256116829
  year_built: 0.005728276798034983
  zones_acres: -5.2030503631284546e-05
  zones_employment: -3.966095790388258e-06
  zones_households: 0.00011642521839768723
  zones_logsum_job_high_income: 3.9397349757200114e-07
  zones_logsum_job_low_income: -2.689598964724807e-07
  zones_logsum_pop_high_income: -3.707647441232081e-07
  zones_logsum_pop_low_income: 2.379570878070374e-07
  zones_population: -4.160563172651851e-05
  zones_retail_jobs: -1.6346219810506604e-05
  zones_transit_jobs_30min: -6.608057376225589e-07
  zones_transit_jobs_50min: 3.3226868448149486e-07
  zones_z_total_jobs: -3.406260111358042e-08
sample_size: 1189
score: 0.37595544833013417
