fit_filters:
- non_residential_sqft > 0
- sqft_price_nonres > 1
- sqft_price_nonres < 650
- hedonic_id == 321
model_type: regression
name: RegressionModel
predict_filters: hedonic_id == 321
target_variable: np.log1p(sqft_price_nonres)
ytransform: np.exp
fit_parameters:
  Coefficient:
    Intercept: -7.77590859763641
    building_age: -1.78454553168725e-05
    building_sqft: 4.7598240553963465e-06
    crime_other_rate: 3.9667567062779076e-05
    crime_ucr_rate: -0.0001653168969281084
    jobs_within_30_min: -4.834260988243224e-09
    land_area: -5.142223438363148e-06
    nodes_walk_ave_nonres_sqft_price: 0.00020222320672930874
    nodes_walk_highinc_hhs: 0.00040315926748275393
    nodes_walk_households: 0.00015574733101361487
    nodes_walk_housing_cost: 6.105736266708328e-07
    nodes_walk_jobs: 0.00010731883748161485
    nodes_walk_lowinc_hhs: -0.00011592131892182462
    nodes_walk_medical: 0.0002675504238431896
    nodes_walk_midinc_hhs: 5.66058969472852e-05
    nodes_walk_node_r1500_sqft: -5.523068498172048e-10
    nodes_walk_office: 0.0002573215912368455
    nodes_walk_race_1_hhs: 0.00011923309017527494
    nodes_walk_retail: 0.0072473070990017475
    nodes_walk_retail_jobs: 0.00020540301545944424
    parcel_sqft: 3.7255308875303915e-07
    parcels_parcel_size: -2.395801086383272e-07
    parcels_pct_undev: 0.0011013076334285574
    parcels_total_sqft: -4.360504699487123e-06
    parcels_zones_jobs_within_30_min: 3.5791386900276886e-08
    residential_sqft: 5.139738540796448e-06
    sqft_per_unit: 0.0002273329227336411
    vacant_job_spaces: -0.0015332760818666006
    year_built: 0.005633580697926265
    zones_employment: 9.599013999441455e-06
    zones_households: -5.3688798202329115e-05
    zones_logsum_job_high_income: -4.02641469605777e-08
    zones_logsum_job_low_income: -2.112133197230901e-07
    zones_logsum_job_mid_income: 6.553184691181984e-08
    zones_logsum_pop_high_income: 3.540857715047349e-08
    zones_logsum_pop_low_income: 1.648109551095631e-07
    zones_logsum_pop_mid_income: -7.946540311881314e-08
    zones_population: 3.293452841396811e-05
    zones_retail_jobs: 0.00012201133882953845
    zones_transit_jobs_30min: 7.1578074554467946e-06
    zones_transit_jobs_50min: -9.94789779683941e-07
    zones_z_total_jobs: 1.6844032702685795e-06
fit_rsquared: 0.38331484056172593
fitted: true
model_expression:
  left_side: np.log1p(sqft_price_nonres)
  right_side:
  - year_built
  - sqft_per_unit
  - land_area
  - residential_sqft
  - building_sqft
  - jobs_within_30_min
  - vacant_job_spaces
  - parcel_sqft
  - crime_ucr_rate
  - crime_other_rate
  - building_age
  - parcels_pct_undev
  - parcels_parcel_size
  - parcels_total_sqft
  - parcels_zones_jobs_within_30_min
  - zones_households
  - zones_population
  - zones_employment
  - zones_retail_jobs
  - zones_logsum_pop_high_income
  - zones_logsum_pop_mid_income
  - zones_logsum_pop_low_income
  - zones_logsum_job_high_income
  - zones_logsum_job_mid_income
  - zones_logsum_job_low_income
  - zones_z_total_jobs
  - zones_transit_jobs_50min
  - zones_transit_jobs_30min
  - nodes_walk_households
  - nodes_walk_midinc_hhs
  - nodes_walk_lowinc_hhs
  - nodes_walk_highinc_hhs
  - nodes_walk_race_1_hhs
  - nodes_walk_jobs
  - nodes_walk_retail_jobs
  - nodes_walk_node_r1500_sqft
  - nodes_walk_ave_nonres_sqft_price
  - nodes_walk_retail
  - nodes_walk_office
  - nodes_walk_medical
  - nodes_walk_housing_cost
sample_size: 6240
