fit_filters:
- non_residential_sqft > 0
- sqft_price_nonres > 1
- sqft_price_nonres < 650
- hedonic_id == 14
model_expression:
  left_side: np.log1p(sqft_price_nonres)
model_type: Regression
name: RegressionModel
predict_filters: hedonic_id == 14
ytransform: np.exp
coef:
  b_total_jobs: 0.0017882684687485224
  building_age: -0.00032683321136977347
  building_sqft: -5.865624382959438e-05
  crime_other_rate: 0.00030628894367831295
  crime_ucr_rate: -0.0003102432581247173
  jobs_non_home_based: 2.2296921415241697e-16
  jobs_within_30_min: -8.842419387606925e-07
  land_area: 5.587462129186904e-05
  nodes_walk_ave_nonres_sqft_price: 0.0016114685173671745
  nodes_walk_ave_unit_sqft: 0.00014963045718660142
  nodes_walk_hhs_with_children: 0.0004642683184407604
  nodes_walk_highinc_hhs: 0.0028357830848829003
  nodes_walk_housing_cost: -7.260863119077704e-06
  nodes_walk_industrial: 0.0009800833610019064
  nodes_walk_jobs: 0.0001676120235462421
  nodes_walk_lowinc_hhs: -0.0005076240933685899
  nodes_walk_max_office_far: 0.0028252273213139984
  nodes_walk_medical: 0.0005143381342626598
  nodes_walk_node_r1500_sqft: 4.240240421547289e-11
  nodes_walk_office: -0.0011575103559162147
  nodes_walk_population: 0.00041930418372098245
  nodes_walk_race_1_hhs: -0.002395118465440797
  nodes_walk_race_2_hhs: 0.00016227320601688307
  nodes_walk_race_3_hhs: 0.011602551432675395
  nodes_walk_race_4_hhs: -0.009621666574916515
  nodes_walk_residential: 0.001675713880300186
  nodes_walk_retail: 0.0036537389763415073
  nodes_walk_retail_jobs: -0.00024177621325900957
  parcel_sqft: 6.581190792673842e-08
  parcels_ave_unit_size: 0.0005236062474337305
  parcels_parcel_size: 0.0001779788732466123
  parcels_pptytax: -0.0034067168385931348
  parcels_total_job_spaces: -0.00043323661603497784
  parcels_total_sqft: -5.231057749430486e-06
  parcels_zones_empden: -0.0027117144729020084
  parcels_zones_employment: 0.0001725768426156551
  parcels_zones_households: 0.0003220666503512763
  parcels_zones_jobs_within_30_min: -2.5152449395118037e-07
  parcels_zones_logsum_job_high_income: -2.0401333265776025e-08
  parcels_zones_logsum_job_low_income: -1.25706106368227e-07
  parcels_zones_logsum_pop_high_income: 4.825961743152945e-07
  parcels_zones_logsum_pop_low_income: 1.7966113932022244e-08
  parcels_zones_mean_age_of_head: 0.0050080993199373945
  parcels_zones_population: -6.759780983963894e-05
  parcels_zones_retail_jobs: -2.4830085495964144e-05
  parcels_zones_transit_jobs_30min: -1.793091647782268e-05
  parcels_zones_transit_jobs_50min: 2.407630487239288e-06
  parcels_zones_z_total_jobs: 6.107625125021766e-08
  school_district_achievement: 0.00016489705384309917
  year_built: 0.0016665855804754125
  zones_acres: -0.0002466816843267394
  zones_empden: -0.002143844401130673
  zones_employment: 4.755477824432231e-08
  zones_households: 0.00012051521262134785
  zones_logsum_job_high_income: -3.2097159866065374e-08
  zones_logsum_job_low_income: -8.605263335889354e-08
  zones_logsum_pop_high_income: 2.0238878075653862e-07
  zones_logsum_pop_low_income: 9.137081980865542e-08
  zones_mean_age_of_head: 0.004557439715982484
  zones_population: -8.098648745749741e-05
  zones_retail_jobs: -0.00036518783113911543
  zones_transit_jobs_30min: -6.490194100323062e-06
  zones_transit_jobs_50min: 2.6536227579664266e-06
  zones_z_total_jobs: 1.4227717551117866e-06
sample_size: 117
score: 0.661995976311614
