fit_filters:
- non_residential_sqft > 0
- sqft_price_nonres > 1
- sqft_price_nonres < 650
- hedonic_id == 16131
model_expression:
  left_side: np.log1p(sqft_price_nonres)
model_type: Regression
name: RegressionModel
predict_filters: hedonic_id == 16131
ytransform: np.exp
coef:
  building_age: -0.0007983219676898982
  building_sqft: 1.181234949176793e-07
  crime_other_rate: 8.768042961249937e-06
  crime_ucr_rate: -0.0002357156759816536
  job_spaces: 0.0011387234918907134
  jobs_within_30_min: 8.650985671871448e-07
  land_area: -1.054253749433497e-06
  nodes_walk_ave_unit_sqft: -0.0001605372379077902
  nodes_walk_housing_cost: 7.82048317748787e-07
  nodes_walk_industrial: 0.00981409643868352
  nodes_walk_jobs: 0.00017811606983185354
  nodes_walk_lowinc_hhs: -0.0011700937234079343
  nodes_walk_max_office_far: -0.0027479758755192627
  nodes_walk_medical: -0.0017022783327189912
  nodes_walk_midinc_hhs: 0.0013617678725714763
  nodes_walk_node_r1500_sqft: 3.6466410213502855e-08
  nodes_walk_office: -3.2750904851816484e-05
  nodes_walk_race_1_hhs: -0.0019623623796870327
  nodes_walk_retail: 0.0007445897797613607
  nodes_walk_retail_jobs: -0.0006597024910512721
  non_residential_units: 1.0670971324519609e-16
  parcel_sqft: 1.485663335487894e-07
  parcels_ave_unit_size: -3.70333957522394e-08
  parcels_total_job_spaces: 1.251398542760201e-06
  parcels_total_sqft: -1.8526066941493986e-06
  parcels_zones_empden: 0.0005826520411583174
  parcels_zones_employment: 8.310707260030214e-05
  parcels_zones_households: 0.00019339766397688955
  parcels_zones_jobs_within_30_min: 5.077366179463035e-07
  parcels_zones_logsum_job_high_income: -1.1441735322113935e-07
  parcels_zones_logsum_job_low_income: 9.860314687694144e-08
  parcels_zones_logsum_pop_high_income: 4.100484624823625e-08
  parcels_zones_logsum_pop_low_income: -2.1716229250051062e-08
  parcels_zones_population: -3.104729587302617e-05
  parcels_zones_retail_jobs: 0.0006932025064966325
  parcels_zones_transit_jobs_30min: 8.761927548265159e-06
  parcels_zones_transit_jobs_50min: -1.0825593351895816e-06
  parcels_zones_z_total_jobs: 1.1236382605623635e-07
  vacant_job_spaces: 7.339386904673449e-06
  year_built: 0.0017434722711483401
  zones_acres: -1.4086534764294331e-05
  zones_households: 0.00012234274044012965
  zones_logsum_job_high_income: -7.746962410036177e-08
  zones_logsum_job_low_income: 7.736074037058963e-08
  zones_logsum_pop_high_income: 1.0045257841870063e-07
  zones_logsum_pop_low_income: -1.6811965483361384e-07
  zones_population: -1.6243858797660878e-05
  zones_retail_jobs: 7.417919395646413e-05
  zones_transit_jobs_30min: 6.823107711300955e-06
  zones_transit_jobs_50min: -1.3674093964366527e-06
  zones_z_total_jobs: 1.2148863059366646e-08
sample_size: 344
score: 0.5950760330510518
