fit_filters:
- non_residential_sqft > 0
- sqft_price_nonres > 1
- sqft_price_nonres < 650
- hedonic_id == 11533
model_expression:
  left_side: np.log1p(sqft_price_nonres)
model_type: Regression
name: RegressionModel
predict_filters: hedonic_id == 11533
ytransform: np.exp
coef:
  Intercept: 1.6887286043979461
  building_sqft: 4.691968295074999e-06
  crime_other_rate: 0.00034844128116136855
  jobs_within_30_min: -3.1490816863457007e-06
  land_area: -5.976702759027572e-06
  nodes_walk_ave_nonres_sqft_price: 0.0053551593073574676
  nodes_walk_ave_unit_sqft: 0.00017078977300786211
  nodes_walk_housing_cost: -8.455707843398415e-06
  nodes_walk_jobs: 0.0007844035881017092
  nodes_walk_medical: -0.00021863547214919283
  nodes_walk_node_r1500_sqft: 4.09134309247159e-09
  nodes_walk_office: 0.0015929472523645788
  nodes_walk_population: -0.00029278240940821876
  nodes_walk_residential: 0.005002482511907474
  parcel_sqft: -6.175160680500624e-08
  parcels_ave_unit_size: 0.0004941691324770742
  parcels_total_job_spaces: 0.004109879302054146
  parcels_total_sqft: -4.5730432365421805e-06
  parcels_zones_jobs_within_30_min: 1.348951011448494e-07
  school_district_achievement: 0.004336887248330511
  zones_acres: 9.992804037541935e-06
  zones_employment: 8.977402287742813e-05
  zones_households: 0.00011911450750026779
  zones_logsum_job_high_income: 2.44949655970587e-06
  zones_logsum_job_low_income: 1.3431476560069943e-05
  zones_logsum_pop_high_income: -2.5548664258951846e-06
  zones_logsum_pop_low_income: 1.0838379464110123e-06
  zones_population: -0.00014774535673084863
  zones_retail_jobs: -0.0016276037376963634
  zones_transit_jobs_30min: -0.0003907271128835258
  zones_transit_jobs_50min: -2.7007838746980155e-05
  zones_z_total_jobs: 0.00013963207283986047
sample_size: 268
score: 0.6405541266362542
