fit_filters:
- non_residential_sqft > 0
- sqft_price_nonres > 1
- sqft_price_nonres < 650
- hedonic_id == 11551
model_expression:
  left_side: np.log1p(sqft_price_nonres)
model_type: Regression
name: RegressionModel
predict_filters: hedonic_id == 11551
ytransform: np.exp
coef:
  b_total_jobs: 0.0027908577056603183
  building_age: -0.0009220333450591305
  building_sqft: -6.49159043090327e-05
  crime_other_rate: 1.1788765526103087e-05
  crime_ucr_rate: -0.0003648063096833454
  jobs_non_home_based: 3.0639433286373685e-16
  jobs_within_30_min: -2.33701056394249e-06
  land_area: 7.609845633005636e-05
  nodes_walk_ave_unit_sqft: -5.1351930479713905e-05
  nodes_walk_housing_cost: 7.206243678090272e-06
  nodes_walk_jobs: 0.0006165789435987689
  nodes_walk_medical: 0.007063945014945995
  nodes_walk_node_r1500_sqft: 1.851564372823612e-08
  nodes_walk_office: -0.0010034658771811145
  nodes_walk_population: -1.0553404386651247e-05
  nodes_walk_retail: 0.0007475722934990474
  nodes_walk_retail_jobs: -0.0002793462827951321
  parcel_sqft: 2.9783904648692124e-06
  parcels_ave_unit_size: -0.00016512575162874662
  parcels_parcel_size: -3.638776936380005e-06
  parcels_total_sqft: -3.122622043483823e-05
  parcels_zones_employment: -0.0001543818247095081
  parcels_zones_households: -4.116341539381266e-05
  parcels_zones_jobs_within_30_min: 5.702630142432023e-07
  parcels_zones_logsum_job_high_income: 3.014071972423034e-06
  parcels_zones_logsum_job_low_income: 1.9066287565971496e-05
  parcels_zones_logsum_pop_high_income: -1.9508271498874256e-06
  parcels_zones_logsum_pop_low_income: -7.595147604864923e-06
  parcels_zones_population: 7.976900083849943e-06
  parcels_zones_transit_jobs_30min: -0.0001898720243458122
  parcels_zones_transit_jobs_50min: -1.518407489086674e-05
  parcels_zones_z_total_jobs: -1.1050465432763535e-05
  year_built: 0.0021610351744051435
  zones_acres: -3.6169195946469085e-05
  zones_households: -6.924459116866711e-06
  zones_logsum_job_high_income: 2.546392659398686e-06
  zones_logsum_job_low_income: 1.9950138551735898e-05
  zones_logsum_pop_high_income: -1.9093450586571708e-06
  zones_logsum_pop_low_income: -6.755956564709257e-06
  zones_population: 8.520059484333215e-06
  zones_transit_jobs_30min: -0.00016004163259647486
  zones_transit_jobs_50min: -1.0014103610874254e-05
  zones_z_total_jobs: -4.283041886998913e-06
sample_size: 99
score: 0.7949495585935787
