fit_filters:
- non_residential_sqft > 0
- sqft_price_nonres > 1
- sqft_price_nonres < 650
- hedonic_id == 321
model_expression:
  left_side: np.log1p(sqft_price_nonres)
model_type: Regression
name: RegressionModel
predict_filters: hedonic_id == 321
ytransform: np.exp
coef:
  b_total_jobs: 0.0007638154897939999
  building_age: -0.0015456680187056501
  building_sqft: 1.0229658805059438e-07
  crime_other_rate: 1.696136635885599e-05
  crime_ucr_rate: -0.00011722535802212508
  jobs_non_home_based: 2.8975837190393686e-17
  jobs_within_30_min: -9.583077011811113e-08
  land_area: -7.615634689906787e-06
  nodes_walk_ave_nonres_sqft_price: 0.0008176922730119741
  nodes_walk_ave_unit_sqft: -8.797834698382882e-06
  nodes_walk_highinc_hhs: 0.0005262403990583643
  nodes_walk_housing_cost: 1.1029634254856394e-06
  nodes_walk_jobs: 9.06332994779722e-05
  nodes_walk_lowinc_hhs: -6.621661297255113e-05
  nodes_walk_medical: 4.993835941243837e-05
  nodes_walk_node_r1500_sqft: -6.471097557204648e-09
  nodes_walk_office: 0.0004964407353423016
  nodes_walk_population: 1.803662893709026e-05
  nodes_walk_race_1_hhs: 0.00018450299969808082
  nodes_walk_residential: 0.00012912794742689452
  nodes_walk_retail: 0.006087232393319585
  nodes_walk_retail_jobs: 0.0003547682226923193
  parcel_sqft: 2.9187578642034116e-07
  parcels_ave_unit_size: -1.017690009484912e-05
  parcels_total_sqft: -8.655704212108997e-07
  parcels_zones_employment: 2.1580919794598823e-05
  parcels_zones_households: -6.0935191336380996e-05
  parcels_zones_jobs_within_30_min: 8.435504499521582e-08
  parcels_zones_logsum_job_high_income: 9.063916599700487e-08
  parcels_zones_logsum_job_low_income: -6.819454991113873e-08
  parcels_zones_logsum_pop_high_income: -6.903480200750604e-08
  parcels_zones_logsum_pop_low_income: 7.7927306645867e-09
  parcels_zones_population: 2.0980544446196062e-05
  parcels_zones_retail_jobs: 3.2292503130052434e-05
  parcels_zones_transit_jobs_30min: 5.127609028991377e-06
  parcels_zones_transit_jobs_50min: -4.092633593900214e-07
  parcels_zones_z_total_jobs: 6.40947614344246e-07
  residential_sqft: -1.0955102831392001e-05
  sqft_per_unit: 0.00025416598672238966
  vacant_job_spaces: -0.0001933473912034774
  year_built: 0.004829922559463703
  zones_acres: -2.3287829063013363e-05
  zones_employment: 3.5706786627651676e-07
  zones_households: -4.5437195080350134e-05
  zones_logsum_job_high_income: 7.716673418110833e-08
  zones_logsum_job_low_income: -5.291115934157613e-08
  zones_logsum_pop_high_income: -5.53760815981362e-08
  zones_logsum_pop_low_income: 3.9628554882271206e-08
  zones_population: 2.0387509412929743e-05
  zones_transit_jobs_30min: 2.319851843775349e-06
  zones_transit_jobs_50min: -4.321960465682063e-07
sample_size: 5332
score: 0.3755209623485537
