fit_filters:
- non_residential_sqft > 0
- sqft_price_nonres > 1
- sqft_price_nonres < 650
- hedonic_id == 53
model_expression:
  left_side: np.log1p(sqft_price_nonres)
model_type: Regression
name: RegressionModel
predict_filters: hedonic_id == 53
ytransform: np.exp
coef:
  b_total_jobs: 0.0010957204767043653
  building_age: -0.004403945211049849
  building_sqft: -2.0211433327522314e-06
  crime_other_rate: -1.912062827419778e-05
  crime_ucr_rate: 0.0001504788575929274
  jobs_within_30_min: 3.643221925831716e-07
  land_area: -2.2258254778579945e-07
  large_area_id: 0.0007677145642262708
  nodes_walk_ave_nonres_sqft_price: 0.00041357540664473645
  nodes_walk_ave_unit_sqft: 4.457753557934658e-06
  nodes_walk_highinc_hhs: 0.0013991314124614726
  nodes_walk_housing_cost: 1.863119366876324e-06
  nodes_walk_industrial: 0.0009923609325529277
  nodes_walk_jobs: 0.000312058513674196
  nodes_walk_lowinc_hhs: -0.0002968819835291166
  nodes_walk_max_office_far: 0.0012823723489700052
  nodes_walk_medical: 0.007457980292100715
  nodes_walk_node_r1500_sqft: -2.969641033402218e-09
  nodes_walk_office: 0.00047644269741711846
  nodes_walk_population: -8.222286324755879e-05
  nodes_walk_race_1_hhs: 0.00038804846959844454
  nodes_walk_race_2_hhs: 0.00034892674358764735
  nodes_walk_retail: -0.00047207890009521523
  parcel_sqft: 2.7040666062550493e-07
  parcels_ave_unit_size: 1.1180302728906878e-06
  parcels_total_sqft: -4.852556221384601e-07
  parcels_zones_employment: -3.123340514363678e-05
  parcels_zones_jobs_within_30_min: 9.097689291472053e-08
  parcels_zones_logsum_job_high_income: -2.292869576603692e-06
  parcels_zones_logsum_job_low_income: -9.900483106584104e-09
  parcels_zones_logsum_pop_high_income: 1.0440511878652155e-06
  parcels_zones_logsum_pop_low_income: -5.3653069107175095e-08
  parcels_zones_population: 5.9506758234083555e-05
  parcels_zones_retail_jobs: 0.0002393585378638217
  parcels_zones_transit_jobs_30min: -6.1370745629666305e-06
  parcels_zones_transit_jobs_50min: 5.683064195479861e-07
  parcels_zones_z_total_jobs: -4.3339792146068914e-05
  residential_sqft: -6.513496890025602e-07
  sqft_per_unit: 0.0001701344554031174
  vacant_job_spaces: -0.00063511555106966
  year_built: 0.002623066199506917
  zones_acres: 1.9271815419529976e-05
  zones_employment: -6.377125148312594e-06
  zones_households: -6.324071053884697e-05
  zones_logsum_job_high_income: -2.5268191545793035e-06
  zones_logsum_job_low_income: 1.502623966818176e-08
  zones_logsum_pop_high_income: 1.6970467248400946e-06
  zones_logsum_pop_low_income: -3.1778832568635257e-09
  zones_transit_jobs_30min: -2.758034841389382e-06
  zones_transit_jobs_50min: 5.792662201943305e-07
sample_size: 314
score: 0.6428262563205713
