fit_filters:
- non_residential_sqft > 0
- sqft_price_nonres > 1
- sqft_price_nonres < 650
- hedonic_id == 91
model_expression:
  left_side: np.log1p(sqft_price_nonres)
model_type: Regression
name: RegressionModel
predict_filters: hedonic_id == 91
ytransform: np.exp
coef:
  building_sqft: 9.43850909398025e-06
  county_id: 2.228317717268553e-05
  crime_other_rate: -7.283471775153594e-05
  crime_ucr_rate: -0.0013792204710369029
  jobs_within_30_min: -1.9986520559766737e-06
  land_area: 2.0875255889452074e-06
  large_area_id: 0.011401717876001747
  nodes_walk_ave_nonres_sqft_price: 0.010939432138493575
  nodes_walk_ave_unit_sqft: -0.0010167331379634865
  nodes_walk_highinc_hhs: -3.1366634927148744e-05
  nodes_walk_housing_cost: -1.3865109098909018e-05
  nodes_walk_industrial: -0.002619790108342628
  nodes_walk_jobs: 0.0004381926264581963
  nodes_walk_medical: -0.0011301236305714243
  nodes_walk_node_r1500_sqft: -4.3620293720071914e-07
  nodes_walk_population: 0.002578732047713994
  nodes_walk_race_2_hhs: -0.005287016478349206
  nodes_walk_race_3_hhs: 0.008462536189780418
  nodes_walk_race_4_hhs: 0.009524485519582852
  nodes_walk_residential: 0.0030599093622173962
  nodes_walk_retail_jobs: -0.0005248993594463854
  parcel_sqft: 1.4382333245694484e-06
  parcels_ave_unit_size: -0.00040072028268341403
  parcels_total_sqft: -7.689605891262589e-06
  parcels_zones_employment: -0.000256045294803117
  parcels_zones_households: -0.0014523461240168278
  parcels_zones_jobs_within_30_min: 1.1352719823477028e-08
  parcels_zones_logsum_job_high_income: 1.3854489740544256e-06
  parcels_zones_logsum_job_low_income: -9.148678443206807e-07
  parcels_zones_logsum_pop_high_income: 1.6775874209089792e-06
  parcels_zones_logsum_pop_low_income: 4.025631218102416e-07
  parcels_zones_population: 0.0002668517518276804
  parcels_zones_retail_jobs: -0.00012603383122398556
  parcels_zones_transit_jobs_30min: -6.51566559367813e-05
  parcels_zones_transit_jobs_50min: -2.0220097323381196e-05
  parcels_zones_z_total_jobs: -6.871459548708567e-05
  year_built: 0.0022361016413734785
  zones_acres: 0.0033084972633906865
  zones_employment: 0.0001552804600171351
  zones_households: -0.0013269689633611803
  zones_logsum_job_high_income: -3.710559422849887e-07
  zones_logsum_job_low_income: -4.970923189902834e-07
  zones_logsum_pop_high_income: 1.6967804917427176e-08
  zones_logsum_pop_low_income: 1.2729136365282432e-06
  zones_population: 0.0001097791662904586
  zones_retail_jobs: -0.00031486864596198897
  zones_transit_jobs_30min: -1.6668497932819976e-05
  zones_transit_jobs_50min: 6.492319081441148e-06
  zones_z_total_jobs: 7.099488200458626e-05
sample_size: 31
score: 0.9945874517773728
