fit_filters:
- non_residential_sqft > 0
- sqft_price_nonres > 1
- sqft_price_nonres < 650
- hedonic_id == 12565
model_expression:
  left_side: np.log1p(sqft_price_nonres)
model_type: Regression
name: RegressionModel
predict_filters: hedonic_id == 12565
ytransform: np.exp
coef:
  Intercept: -6.9151678147714835
  b_total_jobs: 0.0003110223082048121
  building_age: -0.00013879564204933255
  building_sqft: -4.091172121959164e-05
  crime_other_rate: 3.760606800254582e-05
  crime_ucr_rate: -6.884548787206775e-05
  jobs_within_30_min: 8.315434533192652e-08
  land_area: 2.089928836443027e-05
  nodes_walk_ave_nonres_sqft_price: 0.007543490927828931
  nodes_walk_ave_unit_sqft: -5.3694040533604554e-05
  nodes_walk_highinc_hhs: 0.0007155981172193078
  nodes_walk_housing_cost: 1.3407555598787778e-06
  nodes_walk_industrial: 0.0008260835056901399
  nodes_walk_jobs: -1.3036946130774938e-05
  nodes_walk_midinc_hhs: -0.0003069985595788168
  nodes_walk_node_r1500_sqft: 9.539006419523359e-09
  nodes_walk_office: 0.00013976804532667074
  nodes_walk_population: -8.36783888933824e-05
  nodes_walk_race_2_hhs: 0.0002722373268937868
  nodes_walk_retail_jobs: 0.00018777622853545354
  parcel_sqft: -1.2637161080319328e-07
  parcels_ave_unit_size: -2.176939195377e-05
  parcels_total_job_spaces: 0.0016440598480654937
  parcels_total_sqft: -6.52294436919747e-06
  parcels_zones_employment: -9.917117860706766e-06
  parcels_zones_households: 8.759225541448184e-05
  parcels_zones_jobs_within_30_min: -4.114323416062288e-08
  parcels_zones_logsum_job_high_income: 3.5067774990588956e-07
  parcels_zones_logsum_job_low_income: -2.5766494770633076e-07
  parcels_zones_logsum_pop_high_income: -2.923075072881239e-07
  parcels_zones_logsum_pop_low_income: 2.910439664360485e-07
  parcels_zones_population: -5.040605329072951e-05
  parcels_zones_retail_jobs: -3.768937178833616e-13
  parcels_zones_transit_jobs_30min: -2.838934155379952e-06
  parcels_zones_transit_jobs_50min: 5.258207949446403e-07
  parcels_zones_z_total_jobs: -1.1462383310324766e-10
  vacant_job_spaces: -0.0005320807763258637
  year_built: 0.005727942442524591
  zones_acres: -5.208606939100189e-05
  zones_employment: -3.971512570444868e-06
  zones_households: 0.00011589144442329219
  zones_logsum_job_high_income: 3.938389238130618e-07
  zones_logsum_job_low_income: -2.685693890742741e-07
  zones_logsum_pop_high_income: -3.706766600121948e-07
  zones_logsum_pop_low_income: 2.375280432310419e-07
  zones_population: -4.136132416684278e-05
  zones_retail_jobs: -1.6216211825403892e-05
  zones_transit_jobs_30min: -6.606915864599024e-07
  zones_transit_jobs_50min: 3.327809431004258e-07
  zones_z_total_jobs: -3.420523607100217e-08
sample_size: 1189
score: 0.3758904554345608
