fit_filters:
- non_residential_sqft > 0
- sqft_price_nonres > 1
- sqft_price_nonres < 650
- hedonic_id == 16165
model_expression:
  left_side: np.log1p(sqft_price_nonres)
model_type: Regression
name: RegressionModel
predict_filters: hedonic_id == 16165
ytransform: np.exp
coef:
  building_sqft: -1.5005229239317376e-05
  crime_other_rate: 4.974650387892747e-05
  crime_ucr_rate: 5.867914101810972e-05
  jobs_within_30_min: 1.439258343916181e-06
  land_area: -9.54140764623518e-06
  nodes_walk_ave_nonres_sqft_price: 0.005086599429369871
  nodes_walk_ave_unit_sqft: 2.0585668105445977e-05
  nodes_walk_housing_cost: -2.3075056202116786e-06
  nodes_walk_industrial: 0.0007847474378529662
  nodes_walk_jobs: -6.381158309450065e-06
  nodes_walk_medical: -0.0003111019677811326
  nodes_walk_midinc_hhs: 2.6482088157469727e-06
  nodes_walk_node_r1500_sqft: -2.8726007114207998e-08
  nodes_walk_office: 0.00048562186731034197
  nodes_walk_population: 0.0003963849096580467
  nodes_walk_race_1_hhs: -0.001200441765199784
  nodes_walk_race_3_hhs: 0.0009441397687599645
  nodes_walk_retail: 0.0007278227014449045
  nodes_walk_retail_jobs: -0.00012569472903103883
  parcel_sqft: 1.0900460118193315e-07
  parcels_ave_unit_size: 4.882685472761531e-05
  parcels_parcel_size: 5.364184341290562e-08
  parcels_total_job_spaces: 0.0018626638729536279
  parcels_total_sqft: -7.882283420631726e-06
  parcels_zones_empden: -8.153940184105375e-05
  parcels_zones_employment: -9.149323040065123e-07
  parcels_zones_households: -2.7856987374990348e-08
  parcels_zones_jobs_within_30_min: 1.2712555799982232e-07
  parcels_zones_logsum_job_high_income: 8.6561731139513e-07
  parcels_zones_logsum_job_low_income: 3.1821678937711035e-09
  parcels_zones_logsum_pop_high_income: -1.0029723216006506e-06
  parcels_zones_logsum_pop_low_income: 8.54044709322094e-09
  parcels_zones_population: -2.304417487679305e-05
  parcels_zones_retail_jobs: 0.0005715803813321038
  parcels_zones_transit_jobs_30min: -1.5343299221688242e-06
  parcels_zones_transit_jobs_50min: 6.970898741665769e-07
  residential_sqft: 6.306769118445318e-05
  school_district_achievement: 0.0012781933358679467
  sqft_per_unit: 0.00018570759898994512
  vacant_job_spaces: -0.00468385261758531
  year_built: 0.0017285567231222734
  zones_acres: -3.796844327352836e-05
  zones_empden: -1.866203135534834e-05
  zones_households: -4.0503338287972514e-07
  zones_logsum_job_high_income: 8.528881351461583e-07
  zones_logsum_job_low_income: 2.3396236260450577e-09
  zones_logsum_pop_high_income: -1.0161335978790547e-06
  zones_logsum_pop_low_income: -9.184599572575727e-09
  zones_population: -1.019574951950542e-05
  zones_retail_jobs: 1.4641223907446257e-05
  zones_transit_jobs_30min: -1.382197563312652e-06
  zones_transit_jobs_50min: 4.296007334497031e-07
  zones_z_total_jobs: -4.389728279093623e-06
sample_size: 366
score: 0.6355140278448899
