fit_filters:
- non_residential_sqft > 0
- sqft_price_nonres > 1
- sqft_price_nonres < 650
- hedonic_id == 9321
model_expression:
  left_side: np.log1p(sqft_price_nonres)
model_type: Regression
name: RegressionModel
predict_filters: hedonic_id == 9321
ytransform: np.exp
coef:
  b_total_jobs: 0.0022824899862422597
  building_age: -0.0009313280980411035
  building_sqft: -1.0626135024287927e-05
  crime_other_rate: 7.223061161204128e-05
  crime_ucr_rate: 0.0006759494455681542
  job_spaces: 2.471715958512533e-05
  jobs_non_home_based: 1.6337831053678286e-16
  jobs_within_30_min: -2.5618756936055746e-06
  land_area: 4.1259768111517144e-06
  nodes_walk_ave_nonres_sqft_price: 9.211130652508237e-05
  nodes_walk_ave_unit_sqft: -4.4899236126204505e-06
  nodes_walk_housing_cost: 2.298975907414112e-06
  nodes_walk_jobs: 0.0001319457659621622
  nodes_walk_medical: -8.526601520859417e-05
  nodes_walk_node_r1500_sqft: 1.802096551580422e-08
  nodes_walk_population: -0.00032180949858586844
  nodes_walk_residential: -0.0003873540897549591
  nodes_walk_retail: 0.006369188356764702
  nodes_walk_retail_jobs: 0.00022885849268098284
  non_residential_units: 1.7882489892051407e-20
  parcel_sqft: -6.840738168018786e-08
  parcels_ave_unit_size: -4.700791415191804e-05
  parcels_total_sqft: -2.295516168488344e-06
  parcels_zones_households: 4.9329919301522244e-05
  parcels_zones_jobs_within_30_min: 3.7657576481472027e-07
  parcels_zones_logsum_job_high_income: -7.917909811533427e-07
  parcels_zones_logsum_job_low_income: -1.2927686470775356e-07
  parcels_zones_logsum_pop_high_income: 1.2808527108579354e-06
  parcels_zones_logsum_pop_low_income: 5.574672867656063e-07
  parcels_zones_population: 8.373087081115311e-06
  parcels_zones_retail_jobs: 0.00020506372188172363
  parcels_zones_z_total_jobs: -1.569287974613626e-05
  residential_sqft: 0.0004944237440073581
  year_built: 1.004302293665144e-05
  zones_acres: -9.14289039989047e-06
  zones_employment: -5.796391572757413e-06
  zones_households: 6.61612212931128e-06
  zones_logsum_job_high_income: -7.806577940281926e-07
  zones_logsum_job_low_income: -1.34440093765979e-07
  zones_logsum_pop_high_income: 3.513441013678968e-07
  zones_logsum_pop_low_income: 5.368205372021288e-07
  zones_population: 7.904557362356192e-06
sample_size: 631
score: 0.29115487995993705
