fit_filters:
- non_residential_sqft > 0
- sqft_price_nonres > 1
- sqft_price_nonres < 650
- hedonic_id == 323
model_expression:
  left_side: np.log1p(sqft_price_nonres)
model_type: Regression
name: RegressionModel
predict_filters: hedonic_id == 323
ytransform: np.exp
coef:
  Intercept: -5.260664311437931
  b_total_jobs: 0.0003104795118901714
  building_age: -9.493551367081178e-05
  building_sqft: -3.4503368622992385e-07
  crime_other_rate: 4.8921687849856725e-05
  crime_ucr_rate: -0.00019866605651357953
  jobs_non_home_based: 7.508669386988688e-21
  jobs_within_30_min: -1.6761370612045412e-07
  land_area: -1.615245693247499e-06
  nodes_walk_ave_nonres_sqft_price: 0.0012178212668396962
  nodes_walk_households: 2.0745387432329683e-05
  nodes_walk_housing_cost: 2.91741567556115e-08
  nodes_walk_jobs: 8.61122102803941e-05
  nodes_walk_medical: 2.825862234296248e-05
  nodes_walk_midinc_hhs: 0.0004210404103202685
  nodes_walk_node_r1500_sqft: -2.1505232160688787e-09
  nodes_walk_office: 0.00870304218870236
  nodes_walk_population: -8.4980805376577e-06
  nodes_walk_race_1_hhs: 0.00011781157329805104
  nodes_walk_retail_jobs: 3.838292063166271e-06
  parcel_sqft: 1.145851832223498e-07
  parcels_total_job_spaces: 3.213143901321227e-05
  parcels_total_sqft: -1.1427627523978623e-06
  parcels_zones_employment: -6.796224604718429e-06
  parcels_zones_households: -4.788621120780686e-06
  parcels_zones_jobs_within_30_min: 1.8774032594312892e-08
  parcels_zones_logsum_job_high_income: 1.8608412620892398e-07
  parcels_zones_logsum_job_low_income: -1.0936640722152685e-07
  parcels_zones_logsum_pop_high_income: -1.5966660844325602e-07
  parcels_zones_logsum_pop_low_income: 1.2477844185993862e-07
  parcels_zones_population: 2.38786215949776e-05
  parcels_zones_retail_jobs: 4.379379996017329e-06
  parcels_zones_transit_jobs_30min: -2.1436765022665753e-07
  parcels_zones_transit_jobs_50min: 2.744651970598744e-07
  parcels_zones_z_total_jobs: -1.2579643173700692e-06
  residential_sqft: -5.827970412796861e-06
  sqft_per_unit: 0.00019232977555599847
  vacant_job_spaces: -0.0003296573979146635
  year_built: 0.0044556856795250725
  zones_acres: -8.895432400980354e-05
  zones_employment: -1.6149313171238074e-06
  zones_households: -4.2253364195781494e-05
  zones_logsum_job_high_income: 2.006256499314356e-07
  zones_logsum_job_low_income: -1.2369201661312707e-07
  zones_logsum_pop_high_income: -1.4967406490234993e-07
  zones_logsum_pop_low_income: 6.989238998046251e-08
  zones_population: 1.3817626736563294e-05
  zones_retail_jobs: 3.3034975011492908e-06
  zones_transit_jobs_30min: -3.190835341477981e-07
  zones_transit_jobs_50min: 9.477882452890843e-08
  zones_z_total_jobs: -1.1436635231759653e-06
sample_size: 4303
score: 0.4676489669614917
