fit_filters:
- non_residential_sqft > 0
- sqft_price_nonres > 1
- sqft_price_nonres < 650
- hedonic_id == 563
model_expression:
  left_side: np.log1p(sqft_price_nonres)
model_type: Regression
name: RegressionModel
predict_filters: hedonic_id == 563
ytransform: np.exp
coef:
  building_age: -0.004226799554024141
  building_sqft: -3.876706256675859e-06
  crime_other_rate: -4.2857365369963925e-05
  crime_ucr_rate: 0.0002878295240038212
  job_spaces: -0.0022572951086604325
  jobs_within_30_min: 6.100419448915539e-07
  land_area: -9.466025197744488e-08
  nodes_walk_ave_nonres_sqft_price: 0.003962866580377537
  nodes_walk_ave_unit_sqft: 7.03841921780271e-05
  nodes_walk_households: -9.467286286576916e-06
  nodes_walk_housing_cost: 2.478115870654915e-05
  nodes_walk_jobs: -4.829103667246805e-05
  nodes_walk_lowinc_hhs: -0.0010717788435323586
  nodes_walk_max_retail_far: -4.0203668042196324e-05
  nodes_walk_midinc_hhs: 0.0038836010567900848
  nodes_walk_node_r1500_sqft: -6.988434498638569e-08
  nodes_walk_office: 0.000773322878966676
  nodes_walk_population: 0.0006717797661465497
  nodes_walk_quarter_mile_to_transit: -0.001038641648803964
  nodes_walk_race_1_hhs: 0.002487944552071448
  nodes_walk_race_2_hhs: -0.0013408945700950918
  nodes_walk_race_3_hhs: -0.023928279551909463
  nodes_walk_retail_jobs: -0.0008284621220910317
  non_residential_units: -8.358968077704963e-17
  parcel_sqft: 1.632715586235792e-06
  parcels_ave_unit_size: 0.00013914778893916273
  parcels_total_sqft: 4.51464680583625e-06
  parcels_zones_employment: -1.1632388366411923e-06
  parcels_zones_households: -4.344663153839956e-06
  parcels_zones_jobs_within_30_min: 3.4589157495557495e-07
  parcels_zones_logsum_job_high_income: 4.756928092231549e-07
  parcels_zones_logsum_job_low_income: -6.141951142315432e-08
  parcels_zones_logsum_pop_high_income: -5.632982657616815e-07
  parcels_zones_logsum_pop_low_income: 1.5348798751035705e-07
  parcels_zones_population: -1.8947564912272678e-05
  parcels_zones_retail_jobs: 0.001861407925041956
  parcels_zones_transit_jobs_30min: 7.022399605288569e-06
  parcels_zones_transit_jobs_50min: 4.639644239480225e-07
  parcels_zones_z_total_jobs: -2.0064005543480158e-05
  vacant_job_spaces: -0.004028494531650165
  year_built: 0.006777616686796931
  zones_acres: -0.00030020388193300316
  zones_households: -4.102755373669024e-06
  zones_logsum_job_high_income: 4.399089506003021e-07
  zones_logsum_job_low_income: -1.0851179483131777e-07
  zones_logsum_pop_high_income: -4.837125792479545e-07
  zones_logsum_pop_low_income: 5.347424863329135e-08
  zones_population: -4.357025941947391e-06
  zones_retail_jobs: 0.00019528274526553802
  zones_transit_jobs_30min: 3.9372617377666055e-06
  zones_transit_jobs_50min: -1.8035544449895457e-06
  zones_z_total_jobs: -1.3287602903021774e-05
sample_size: 45
score: 0.813898730497982
