fit_filters:
- non_residential_sqft > 0
- sqft_price_nonres > 1
- sqft_price_nonres < 650
- hedonic_id == 71
model_expression:
  left_side: np.log1p(sqft_price_nonres)
model_type: Regression
name: RegressionModel
predict_filters: hedonic_id == 71
ytransform: np.exp
coef:
  Intercept: -0.1272726228218728
  b_total_jobs: 0.0014443152351977084
  building_age: -0.0003309627706906399
  building_sqft: 2.4579058056483508e-06
  crime_other_rate: 3.391503761139036e-05
  crime_ucr_rate: -0.0001766281935378893
  jobs_non_home_based: 1.4357801039921144e-16
  jobs_within_30_min: -6.980084450992067e-07
  land_area: -4.487810644098965e-06
  nodes_walk_ave_nonres_sqft_price: 0.019786737939907102
  nodes_walk_ave_unit_sqft: 3.1245041122756775e-06
  nodes_walk_housing_cost: 1.178915505523285e-06
  nodes_walk_jobs: 0.00011435657758283635
  nodes_walk_medical: -0.0027483309451670525
  nodes_walk_node_r1500_sqft: -6.694448637792634e-09
  nodes_walk_office: -0.0016079363621410102
  nodes_walk_population: -1.2999182824655977e-05
  nodes_walk_retail: -0.005272350547990199
  nodes_walk_retail_jobs: 0.0009115169749204431
  parcel_sqft: 8.466271387056425e-09
  parcels_ave_unit_size: 1.6120659609374965e-05
  parcels_total_sqft: -4.127847522056773e-06
  parcels_zones_jobs_within_30_min: -1.9078734240674154e-08
  residential_sqft: 2.582228184920473e-05
  school_district_achievement: 0.002353271179192828
  sqft_per_unit: 0.00037125157484514437
  year_built: 0.0012260796574560394
  zones_acres: -9.247412786114636e-06
  zones_employment: 1.525912294690807e-05
  zones_households: -0.00013664858970995294
  zones_logsum_job_high_income: -4.3785444679164795e-07
  zones_logsum_job_low_income: 5.941601140116383e-07
  zones_logsum_pop_high_income: 5.997483152404562e-07
  zones_logsum_pop_low_income: -3.7607069175590583e-07
  zones_population: 5.76179990881878e-05
  zones_retail_jobs: 0.0001517904802874919
  zones_transit_jobs_30min: 1.7877863895157367e-05
  zones_transit_jobs_50min: -5.062073892643755e-09
sample_size: 2065
score: 0.588328180885664
