fit_filters:
- non_residential_sqft > 0
- sqft_price_nonres > 1
- sqft_price_nonres < 650
- hedonic_id == 9333
model_type: regression
name: RegressionModel
predict_filters: hedonic_id == 9333
target_variable: np.log1p(sqft_price_nonres)
ytransform: np.exp
fit_parameters:
  Coefficient:
    Intercept: 2.304839898636957
    b_total_jobs: 0.0019863751128285003
    building_age: -0.0011272761061450907
    building_sqft: -6.0323917948790065e-06
    crime_other_rate: -0.00011961264954496036
    crime_ucr_rate: 0.0009174519673117925
    jobs_non_home_based: 4.672983692979811e-20
    jobs_within_30_min: -2.786724776849721e-06
    land_area: 5.51790360183634e-06
    nodes_walk_ave_nonres_sqft_price: 0.00880243276380585
    nodes_walk_housing_cost: 1.4208556420064619e-06
    nodes_walk_industrial: 0.0062167116547561735
    nodes_walk_jobs: 9.86508062247851e-05
    nodes_walk_medical: 8.362200125066516e-05
    nodes_walk_node_r1500_sqft: 8.840321662058943e-09
    nodes_walk_office: -0.0015310722970648667
    nodes_walk_population: -0.0006660168111635238
    nodes_walk_residential: -5.232325941560828e-05
    nodes_walk_retail: -0.00134191546112147
    parcel_sqft: 2.7431221883017876e-07
    parcels_ave_unit_size: -6.586456672774993e-05
    parcels_parcel_size: -3.0948879569435385e-07
    parcels_total_job_spaces: 0.0011659547157903604
    parcels_total_sqft: -3.233439759970156e-06
    parcels_zones_jobs_within_30_min: 1.2861715060964506e-07
    year_built: 0.0007585448526970452
    zones_acres: -4.7371084856534815e-05
    zones_employment: 4.096517767685075e-05
    zones_logsum_job_high_income: -6.261356952368517e-06
    zones_logsum_job_low_income: -2.5001991977453277e-06
    zones_logsum_job_mid_income: 1.0080318919160271e-05
    zones_logsum_pop_high_income: -2.9058184432261344e-06
    zones_logsum_pop_low_income: -3.5477253910592993e-06
    zones_logsum_pop_mid_income: 5.136833907033427e-06
    zones_population: 2.2134671241824827e-05
    zones_retail_jobs: -0.00021493830968099983
    zones_z_total_jobs: 3.335286886375968e-05
fit_rsquared: 0.5226049115999318
fitted: true
sample_size: 411
