fit_filters:
- non_residential_sqft > 0
- sqft_price_nonres > 1
- sqft_price_nonres < 650
- hedonic_id == 92
model_expression:
  left_side: np.log1p(sqft_price_nonres)
model_type: Regression
name: RegressionModel
predict_filters: hedonic_id == 92
ytransform: np.exp
coef:
  Intercept: 9.444600498360515
  building_sqft: -5.920172113869135e-05
  jobs_within_30_min: 2.7746325083694053e-06
  land_area: -4.065641940436028e-05
  nodes_walk_housing_cost: 1.8314371962106154e-05
  nodes_walk_node_r1500_sqft: -4.86914703711914e-08
  parcel_sqft: -8.115990596311e-07
  parcels_total_sqft: -2.99946469378921e-05
  parcels_zones_jobs_within_30_min: 1.460621788011742e-06
  parcels_zones_logsum_job_high_income: -5.195609436871305e-06
  parcels_zones_logsum_job_low_income: -5.865050947964647e-07
  parcels_zones_logsum_pop_high_income: -2.306228087235647e-06
  parcels_zones_logsum_pop_low_income: 8.255354237246722e-07
  parcels_zones_transit_jobs_30min: -2.3569818908951617e-05
  parcels_zones_transit_jobs_50min: 1.714626113477576e-05
  zones_logsum_job_high_income: -3.280414174239147e-06
  zones_logsum_job_low_income: -6.943048144191054e-07
  zones_logsum_pop_high_income: 1.6700877948250644e-06
  zones_logsum_pop_low_income: 3.7203280260178623e-07
  zones_transit_jobs_30min: -2.115309067059753e-05
  zones_transit_jobs_50min: 1.5644294316423996e-05
sample_size: 8
score: 0.9999995555252761
