fit_filters:
- non_residential_sqft > 0
- sqft_price_nonres > 1
- sqft_price_nonres < 650
- hedonic_id == 9333
model_expression:
  left_side: np.log1p(sqft_price_nonres)
model_type: Regression
name: RegressionModel
predict_filters: hedonic_id == 9333
ytransform: np.exp
coef:
  Intercept: 1.3516965058860135
  b_total_jobs: 0.002463377590947766
  building_age: -0.0003506974680802834
  building_sqft: -6.012523650985919e-06
  crime_other_rate: -0.00015494560984356416
  crime_ucr_rate: 0.0010158443897826384
  jobs_non_home_based: 1.682274129472732e-18
  jobs_within_30_min: -4.183577808456299e-06
  land_area: 4.896937499265758e-06
  nodes_walk_ave_nonres_sqft_price: 0.009552228911904308
  nodes_walk_housing_cost: 4.799125407341469e-06
  nodes_walk_industrial: 0.005919267283887206
  nodes_walk_jobs: 7.169239731171705e-05
  nodes_walk_node_r1500_sqft: 9.585951874924023e-09
  nodes_walk_office: -0.0015657152082866265
  nodes_walk_population: -0.0004014134150228092
  nodes_walk_race_1_hhs: -0.0006237881932530138
  nodes_walk_residential: -0.0011233368796510152
  nodes_walk_retail: -0.0019393712817067344
  parcel_sqft: 5.858019264146674e-11
  parcels_ave_unit_size: -0.00014365870216896779
  parcels_total_job_spaces: 0.0010872143229799151
  parcels_total_sqft: -2.2716382532268347e-06
  parcels_zones_employment: 6.630623728825759e-05
  parcels_zones_jobs_within_30_min: 1.6494031460933445e-07
  parcels_zones_logsum_job_high_income: -1.8569214788594612e-06
  parcels_zones_logsum_job_low_income: 7.658773216804686e-06
  parcels_zones_logsum_pop_high_income: 1.248205376424878e-06
  parcels_zones_logsum_pop_low_income: -1.1922927739717373e-06
  parcels_zones_population: 1.1595197081915955e-06
  year_built: 0.0011453510119527166
  zones_acres: -5.014872651995023e-05
  zones_logsum_job_high_income: -1.854179694104926e-06
  zones_logsum_job_low_income: 7.669247982642478e-06
  zones_logsum_pop_high_income: -1.4196860001571873e-07
  zones_logsum_pop_low_income: -1.2741850275185098e-06
  zones_population: 2.1055652493556006e-05
  zones_retail_jobs: -0.00022345192531717035
sample_size: 411
score: 0.5094697485465456
