fit_filters:
- non_residential_sqft > 0
- sqft_price_nonres > 1
- sqft_price_nonres < 650
- hedonic_id == 94
model_expression:
  left_side: np.log1p(sqft_price_nonres)
model_type: Regression
name: RegressionModel
predict_filters: hedonic_id == 94
ytransform: np.exp
coef:
  b_total_jobs: 0.0010923516351949865
  building_age: -0.0013127355349522789
  county_id: -5.229718851730236e-05
  crime_other_rate: 1.569070762936161e-05
  crime_ucr_rate: 1.5763643480908255e-05
  jobs_within_30_min: -1.1573307480963325e-07
  land_area: 3.5268600484895723e-06
  large_area_id: -0.0005334028602133286
  nodes_walk_ave_unit_sqft: -9.101760154659246e-05
  nodes_walk_hhs_with_children: -0.0003414934096865647
  nodes_walk_highinc_hhs: -0.00023750601192094832
  nodes_walk_households: -0.0006377750297979985
  nodes_walk_housing_cost: 4.769707610553201e-06
  nodes_walk_industrial: 2.9574519225320872e-05
  nodes_walk_jobs: 0.00018995937126765804
  nodes_walk_lowinc_hhs: 2.634039519523471e-05
  nodes_walk_medical: 0.0003039573798911634
  nodes_walk_midinc_hhs: -2.6913647871289875e-05
  nodes_walk_node_r1500_sqft: 7.018736605006365e-09
  nodes_walk_population: 0.0004639371573062534
  nodes_walk_race_2_hhs: 0.00017436014023525237
  nodes_walk_race_3_hhs: -0.0003711029264526491
  nodes_walk_race_4_hhs: -0.003207457700928568
  nodes_walk_residential: 1.5375626807045992e-05
  nodes_walk_retail: 0.005251883555576585
  nodes_walk_retail_jobs: 8.322905937588283e-05
  parcel_sqft: 9.032713914844696e-08
  parcels_ave_unit_size: -0.00014971413018710595
  parcels_landvalue: -1.7902023819520262e-07
  parcels_pptytax: -0.0008103210680767052
  parcels_zones_employment: -8.447269119271216e-07
  parcels_zones_households: 0.00013458171518884656
  parcels_zones_jobs_within_30_min: -9.058843604889403e-08
  parcels_zones_logsum_job_high_income: -1.1452504679635151e-07
  parcels_zones_logsum_job_low_income: -1.7180923975797766e-09
  parcels_zones_logsum_pop_high_income: 1.583087310388633e-07
  parcels_zones_logsum_pop_low_income: -1.399835667081274e-07
  parcels_zones_population: -9.530214915746992e-05
  parcels_zones_retail_jobs: 0.00047985329684256846
  parcels_zones_transit_jobs_30min: 8.846587572693905e-07
  parcels_zones_transit_jobs_50min: 6.470383764978574e-07
  parcels_zones_z_total_jobs: -4.672429393365426e-05
  residential_sqft: 1.8016074201448262e-06
  sqft_per_unit: 0.00018374934009563157
  vacant_job_spaces: -0.0010698707352048487
  year_built: 0.0024280592806329706
  zones_acres: 1.7211891020520345e-05
  zones_employment: -4.667975520511613e-06
  zones_households: 0.000165923297484222
  zones_logsum_job_high_income: -1.1873950277591863e-07
  zones_logsum_job_low_income: -5.438475807501026e-09
  zones_logsum_pop_high_income: 1.5498762016599051e-07
  zones_logsum_pop_low_income: -2.4795920203529375e-08
  zones_population: -7.463227198629174e-05
  zones_retail_jobs: 2.873172300201213e-05
  zones_transit_jobs_30min: 8.85735334183898e-07
  zones_transit_jobs_50min: 4.224331352981376e-07
  zones_z_total_jobs: -9.385056601156427e-06
sample_size: 211
score: 0.6118292347741766
