fit_filters:
- non_residential_sqft > 0
- sqft_price_nonres > 1
- sqft_price_nonres < 650
- hedonic_id == 365
model_expression:
  left_side: np.log1p(sqft_price_nonres)
model_type: Regression
name: RegressionModel
predict_filters: hedonic_id == 365
ytransform: np.exp
coef:
  Intercept: -10.181927260457194
  b_total_jobs: 0.0017520234183632096
  building_age: -0.00015490344242312046
  building_sqft: 1.479056633521663e-05
  crime_other_rate: 2.7342414754860273e-06
  crime_ucr_rate: -0.00011283478601747424
  jobs_non_home_based: 1.2017665844571578e-19
  jobs_within_30_min: -3.7318565609212104e-08
  land_area: -1.67657778620694e-05
  nodes_walk_ave_nonres_sqft_price: 0.006172777271881756
  nodes_walk_ave_unit_sqft: -2.0174272227003326e-06
  nodes_walk_households: -0.0001429104042594895
  nodes_walk_housing_cost: -1.99687614390513e-06
  nodes_walk_industrial: 0.0010902076252849856
  nodes_walk_jobs: 9.193292949700355e-05
  nodes_walk_node_r1500_sqft: -3.2591828454863037e-09
  nodes_walk_population: -3.976147240982694e-06
  nodes_walk_race_3_hhs: -0.0004863140277365479
  nodes_walk_residential: 0.000372540685434979
  nodes_walk_retail_jobs: 1.7731820223964038e-06
  parcel_sqft: -8.377913320152639e-08
  parcels_total_job_spaces: 0.0016535181498755014
  parcels_total_sqft: -5.265666772629016e-06
  parcels_zones_jobs_within_30_min: 7.388071480044037e-08
  residential_sqft: 0.00012448594146701264
  vacant_job_spaces: -0.005400450486043035
  year_built: 0.007367056193785036
  zones_acres: -0.00015609631120939597
  zones_employment: 2.476727199365837e-05
  zones_logsum_job_high_income: 2.11287901851449e-07
  zones_logsum_job_low_income: -1.8249781779078694e-07
  zones_logsum_pop_high_income: -1.3942729151196206e-07
  zones_logsum_pop_low_income: 1.629172218454311e-08
  zones_population: -4.1862500575433865e-06
  zones_retail_jobs: -7.210701301369268e-05
  zones_transit_jobs_30min: 9.801525054428235e-07
  zones_transit_jobs_50min: 1.7313051668335352e-06
  zones_z_total_jobs: 4.882165795700275e-06
sample_size: 1431
score: 0.42437267871885864
