fit_filters:
- non_residential_sqft > 0
- sqft_price_nonres > 1
- sqft_price_nonres < 650
- hedonic_id == 11551
model_expression:
  left_side: np.log1p(sqft_price_nonres)
model_type: Regression
name: RegressionModel
predict_filters: hedonic_id == 11551
ytransform: np.exp
coef:
  b_total_jobs: 0.00019984214487602027
  building_age: -0.0012699834831769018
  building_sqft: -5.627086842104959e-05
  crime_other_rate: 1.8367801927271447e-05
  crime_ucr_rate: -0.00045884864273225173
  jobs_non_home_based: 9.799915497065522e-17
  jobs_within_30_min: -2.9896676279108822e-06
  land_area: 5.4490897122940146e-05
  nodes_walk_ave_unit_sqft: -4.485571015671399e-05
  nodes_walk_housing_cost: 1.1904100523134812e-05
  nodes_walk_jobs: 0.000629000625044723
  nodes_walk_medical: 0.006538156084612365
  nodes_walk_node_r1500_sqft: 1.4497196353493458e-08
  nodes_walk_office: -0.000854064178327752
  nodes_walk_population: 2.2838776331167426e-05
  nodes_walk_retail: 3.5921649540451946e-05
  nodes_walk_retail_jobs: -0.0004480794403265908
  parcel_sqft: 6.417357383805567e-07
  parcels_ave_unit_size: -0.0003368515631539013
  parcels_landvalue: 1.8273068023344975e-07
  parcels_total_sqft: -2.4899522867346815e-06
  parcels_zones_employment: -0.00015151587079120508
  parcels_zones_households: -0.0001555666484069107
  parcels_zones_jobs_within_30_min: -1.825304081996274e-08
  parcels_zones_logsum_job_high_income: 3.3456016632556955e-06
  parcels_zones_logsum_job_low_income: 2.0604382592051842e-05
  parcels_zones_logsum_pop_high_income: -1.7037685372529963e-06
  parcels_zones_logsum_pop_low_income: -8.545831392881884e-06
  parcels_zones_population: 3.492795384424394e-05
  parcels_zones_transit_jobs_30min: -0.00020402777852190175
  parcels_zones_transit_jobs_50min: -1.4959402426051958e-05
  vacant_job_spaces: -0.0027783234874501914
  year_built: 0.0016839114399778588
  zones_acres: -3.5380283808131534e-05
  zones_employment: -5.16498306356266e-06
  zones_households: -2.9708408011627808e-05
  zones_logsum_job_high_income: 2.8272223683415458e-06
  zones_logsum_job_low_income: 2.1514247687832532e-05
  zones_logsum_pop_high_income: -2.0423251464901613e-06
  zones_logsum_pop_low_income: -7.616591547375252e-06
  zones_population: 8.111078229745043e-05
  zones_transit_jobs_30min: -0.00017710615756240554
  zones_transit_jobs_50min: -9.158301348204861e-06
  zones_z_total_jobs: -2.650125230973676e-05
sample_size: 94
score: 0.789251543356551
