fit_filters:
- non_residential_sqft > 0
- sqft_price_nonres > 1
- sqft_price_nonres < 650
- hedonic_id == 551
model_type: regression
name: RegressionModel
predict_filters: hedonic_id == 551
target_variable: np.log1p(sqft_price_nonres)
ytransform: np.exp
fit_parameters:
  Coefficient:
    Intercept: -11.223864647718543
    b_total_jobs: -0.0008956870656139551
    building_sqft: 8.778286750766669e-06
    crime_other_rate: 5.7065295014600155e-05
    crime_ucr_rate: -5.725650526832182e-05
    jobs_within_30_min: -1.1259473310193281e-07
    land_area: -5.036194035078756e-05
    nodes_walk_ave_unit_sqft: -5.41059967533758e-09
    nodes_walk_households: 0.00033149873141877294
    nodes_walk_housing_cost: -4.242108996479827e-06
    nodes_walk_jobs: -1.690939868917455e-05
    nodes_walk_medical: 0.01199150149830628
    nodes_walk_node_r1500_sqft: -8.02065665507445e-08
    nodes_walk_office: 0.002083573172974087
    nodes_walk_population: -5.8565347559949814e-05
    nodes_walk_race_1_hhs: 0.00019340157571136438
    nodes_walk_race_2_hhs: 3.955314254300857e-05
    nodes_walk_race_3_hhs: -0.00212826667727631
    nodes_walk_retail: 0.0008811896331797622
    parcel_sqft: 1.0877991448097909e-05
    parcels_ave_unit_size: -5.062548534966983e-06
    parcels_parcel_size: -1.9555505091835275e-05
    parcels_total_job_spaces: 0.0005227024943827858
    parcels_total_sqft: -6.542663333783777e-06
    parcels_zones_jobs_within_30_min: 1.20171342062309e-08
    residential_sqft: 2.379519695717687e-05
    sqft_per_unit: 0.00013346361452993226
    year_built: 0.007406522955702532
    zones_acres: 0.0004259440265525241
    zones_households: 1.125471414426884e-05
    zones_logsum_job_high_income: 1.5279659147464213e-07
    zones_logsum_job_low_income: -2.5520202442248565e-08
    zones_logsum_job_mid_income: -6.905874030494189e-09
    zones_logsum_pop_high_income: -4.562411780579034e-08
    zones_logsum_pop_low_income: -1.5116260118398826e-08
    zones_logsum_pop_mid_income: -6.972510102419841e-09
    zones_population: -1.4153935966979343e-06
    zones_retail_jobs: -0.0006601827853002367
    zones_transit_jobs_30min: 2.7131293788339513e-06
    zones_transit_jobs_50min: 2.0179909417188324e-08
    zones_z_total_jobs: -7.302980260465104e-06
  Std. Error: {}
  T-Score: {}
fit_rsquared: 0.4594724007851688
fit_rsquared_adj: 0.4594724007851688
fitted: true
model_expression:
  left_side: np.log1p(sqft_price_nonres)
  right_side:
  - year_built
  - sqft_per_unit
  - land_area
  - residential_sqft
  - building_sqft
  - jobs_within_30_min
  - parcel_sqft
  - crime_ucr_rate
  - crime_other_rate
  - b_total_jobs
  - parcels_parcel_size
  - parcels_ave_unit_size
  - parcels_total_job_spaces
  - parcels_total_sqft
  - parcels_zones_jobs_within_30_min
  - zones_acres
  - zones_households
  - zones_population
  - zones_retail_jobs
  - zones_logsum_pop_high_income
  - zones_logsum_pop_mid_income
  - zones_logsum_pop_low_income
  - zones_logsum_job_high_income
  - zones_logsum_job_mid_income
  - zones_logsum_job_low_income
  - zones_z_total_jobs
  - zones_transit_jobs_50min
  - zones_transit_jobs_30min
  - nodes_walk_population
  - nodes_walk_households
  - nodes_walk_race_1_hhs
  - nodes_walk_race_2_hhs
  - nodes_walk_race_3_hhs
  - nodes_walk_jobs
  - nodes_walk_node_r1500_sqft
  - nodes_walk_retail
  - nodes_walk_office
  - nodes_walk_medical
  - nodes_walk_ave_unit_sqft
  - nodes_walk_housing_cost
sample_size: 454
