fit_filters:
- non_residential_sqft > 0
- sqft_price_nonres > 1
- sqft_price_nonres < 650
- hedonic_id == 14721
model_expression:
  left_side: np.log1p(sqft_price_nonres)
model_type: Regression
name: RegressionModel
predict_filters: hedonic_id == 14721
ytransform: np.exp
coef:
  b_total_jobs: 0.0027291224208013365
  building_age: -0.0003959662336502257
  building_sqft: -1.1656433187937827e-05
  crime_other_rate: -3.7327879897590656e-06
  crime_ucr_rate: -4.33391088613855e-05
  jobs_within_30_min: 9.63205417931494e-07
  land_area: 9.352057829777208e-06
  nodes_walk_ave_unit_sqft: -4.678842350815937e-05
  nodes_walk_housing_cost: 2.0796154769052167e-06
  nodes_walk_jobs: 0.00018497921900126384
  nodes_walk_medical: 0.0009970013391011738
  nodes_walk_midinc_hhs: -7.734487989199033e-05
  nodes_walk_node_r1500_sqft: -2.008326903130186e-09
  nodes_walk_office: 0.00032453042015026236
  nodes_walk_population: 4.715264322751132e-05
  nodes_walk_retail: 0.010382293884248724
  nodes_walk_retail_jobs: 0.00020922866003868972
  parcel_sqft: 2.321221069583677e-08
  parcels_total_sqft: -3.47182730612094e-06
  parcels_zones_households: -3.4205084455623737e-06
  parcels_zones_jobs_within_30_min: 1.905913109771125e-07
  parcels_zones_logsum_job_high_income: 2.3418384935786344e-06
  parcels_zones_logsum_job_low_income: -6.6638722904327e-07
  parcels_zones_logsum_pop_high_income: -9.739868265231786e-07
  parcels_zones_logsum_pop_low_income: 8.938814187860721e-08
  parcels_zones_population: 9.899131158258151e-05
  parcels_zones_transit_jobs_30min: -3.355733894511578e-05
  parcels_zones_transit_jobs_50min: -5.563467685760129e-07
  residential_sqft: -6.286626106473547e-05
  sqft_per_unit: 0.0004021321080392477
  year_built: 0.002045787538173545
  zones_acres: -1.058115170677535e-05
  zones_employment: 1.3637671684475382e-06
  zones_households: -9.631579173494617e-05
  zones_logsum_job_high_income: 2.029110991243121e-06
  zones_logsum_job_low_income: -5.535983946472853e-07
  zones_logsum_pop_high_income: -1.1986803231202532e-06
  zones_logsum_pop_low_income: 5.128886639706877e-07
  zones_population: 3.3732469793269894e-05
  zones_retail_jobs: 5.0700379145471204e-06
  zones_transit_jobs_30min: -1.5182447625970076e-05
  zones_transit_jobs_50min: -2.892921486130441e-07
sample_size: 809
score: 0.2993562149894473
