fit_filters:
- non_residential_sqft > 0
- sqft_price_nonres > 1
- sqft_price_nonres < 650
- hedonic_id == 32
model_type: regression
name: RegressionModel
predict_filters: hedonic_id == 32
target_variable: np.log1p(sqft_price_nonres)
ytransform: np.exp
fit_parameters:
  Coefficient:
    Intercept: -2.8832951829704467
    building_age: -0.0028892525512805097
    building_sqft: -3.586894631387654e-06
    crime_ucr_rate: -8.530806895985834e-05
    job_spaces: 0.0015135312861457226
    jobs_within_30_min: -9.03706927082605e-08
    land_area: 6.823946593441543e-07
    nodes_walk_housing_cost: -1.1627437246847833e-06
    nodes_walk_industrial: 0.009645626344985584
    nodes_walk_jobs: -1.622414750916748e-05
    nodes_walk_medical: 0.00046819355764279137
    nodes_walk_node_r1500_sqft: -5.502279960674734e-09
    nodes_walk_office: -6.4205199008827e-05
    nodes_walk_population: 6.392656825578382e-05
    nodes_walk_race_1_hhs: 0.0006023217729401059
    nodes_walk_race_2_hhs: -0.000751001951091482
    nodes_walk_residential: 0.00022849775243476557
    nodes_walk_retail: -2.2114983735756766e-05
    non_residential_units: 1.0263961631482714e-16
    parcel_sqft: -1.3470550810331889e-07
    parcels_ave_unit_size: 9.282257824405621e-05
    parcels_parcel_size: -4.1920777787802144e-08
    parcels_total_job_spaces: 0.00017943549756690096
    parcels_total_sqft: -2.542410480599217e-07
    parcels_zones_jobs_within_30_min: 1.0683355800425545e-07
    school_district_achievement: 0.0007642129754062562
    vacant_job_spaces: 0.0008894189609871313
    year_built: 0.0032354966767064552
    zones_acres: -1.4588288042425598e-05
    zones_employment: 3.7593218122769896e-06
    zones_households: -0.000841068519319726
    zones_logsum_job_high_income: 1.1745808359133578e-07
    zones_logsum_job_low_income: 1.855725316167712e-07
    zones_logsum_job_mid_income: 1.3008871094688342e-07
    zones_logsum_pop_high_income: -1.001106246863364e-07
    zones_logsum_pop_low_income: -3.271228274853556e-07
    zones_logsum_pop_mid_income: -5.381512506845813e-08
    zones_population: 0.0003178936704092273
    zones_retail_jobs: -9.13649835232354e-05
    zones_transit_jobs_30min: -2.7941214420698105e-06
    zones_transit_jobs_50min: 5.397262942418346e-07
    zones_z_total_jobs: 2.073730126970064e-07
fit_rsquared: 0.7552652401587547
fitted: true
model_expression:
  left_side: np.log1p(sqft_price_nonres)
  right_side:
  - year_built
  - land_area
  - building_sqft
  - job_spaces
  - non_residential_units
  - jobs_within_30_min
  - vacant_job_spaces
  - parcel_sqft
  - school_district_achievement
  - crime_ucr_rate
  - building_age
  - parcels_parcel_size
  - parcels_ave_unit_size
  - parcels_total_job_spaces
  - parcels_total_sqft
  - parcels_zones_jobs_within_30_min
  - zones_acres
  - zones_households
  - zones_population
  - zones_employment
  - zones_retail_jobs
  - zones_logsum_pop_high_income
  - zones_logsum_pop_mid_income
  - zones_logsum_pop_low_income
  - zones_logsum_job_high_income
  - zones_logsum_job_mid_income
  - zones_logsum_job_low_income
  - zones_z_total_jobs
  - zones_transit_jobs_50min
  - zones_transit_jobs_30min
  - nodes_walk_population
  - nodes_walk_race_1_hhs
  - nodes_walk_race_2_hhs
  - nodes_walk_jobs
  - nodes_walk_node_r1500_sqft
  - nodes_walk_residential
  - nodes_walk_retail
  - nodes_walk_office
  - nodes_walk_industrial
  - nodes_walk_medical
  - nodes_walk_housing_cost
sample_size: 265
