fit_filters:
- non_residential_sqft > 0
- sqft_price_nonres > 1
- sqft_price_nonres < 650
- hedonic_id == 61
model_type: regression
name: RegressionModel
predict_filters: hedonic_id == 61
target_variable: np.log1p(sqft_price_nonres)
ytransform: np.exp
fit_parameters:
  Coefficient:
    Intercept: -1.1194548037938725
    building_age: -0.0004608106626759795
    building_sqft: 5.1918568503735e-06
    crime_other_rate: -4.0789487594837036e-05
    crime_ucr_rate: -0.00015071612543996767
    jobs_within_30_min: 2.6209473324103954e-08
    land_area: -4.393064877635234e-06
    nodes_walk_ave_nonres_sqft_price: 0.009565140041304999
    nodes_walk_ave_unit_sqft: -4.312573052701539e-05
    nodes_walk_households: -0.00010712724607551151
    nodes_walk_housing_cost: 7.227247832643744e-06
    nodes_walk_jobs: 1.01116558100542e-05
    nodes_walk_lowinc_hhs: -0.0012265845854417768
    nodes_walk_medical: -0.0020183941736018054
    nodes_walk_node_r1500_sqft: 3.2385219081789624e-09
    nodes_walk_office: -0.0014735915622343975
    nodes_walk_race_1_hhs: 0.0004916776516544962
    nodes_walk_race_4_hhs: -0.001637684439339879
    nodes_walk_residential: -0.0012333768773773806
    nodes_walk_retail: -0.000992385314677839
    nodes_walk_retail_jobs: 0.0005045583190804484
    parcel_sqft: -1.5331989346128947e-08
    parcels_ave_unit_size: -0.00037794090948568333
    parcels_parcel_size: 6.304282241124536e-08
    parcels_pct_undev: -0.0025210848353685767
    parcels_pptytax: -0.000487308878493668
    parcels_total_job_spaces: 0.0012527253630252103
    parcels_total_sqft: -2.537177203282442e-06
    parcels_total_units: 0.00010970817291591673
    parcels_zones_jobs_within_30_min: 1.2521579676754447e-07
    residential_sqft: 0.0007692798935958566
    vacant_job_spaces: -0.0033952455834237645
    year_built: 0.0026229220310065786
    zones_acres: -4.430095347084392e-06
    zones_employment: 1.9874094235519192e-05
    zones_households: -0.00029110745406761486
    zones_logsum_job_high_income: -1.0624458283481593e-07
    zones_logsum_job_low_income: 2.3487534155647675e-07
    zones_logsum_job_mid_income: -1.4078486619538918e-07
    zones_logsum_pop_high_income: 5.5708747128472374e-08
    zones_logsum_pop_low_income: -3.5391481159068235e-07
    zones_logsum_pop_mid_income: 1.8044452000696812e-07
    zones_population: 0.000134565691312841
    zones_retail_jobs: 0.00035771150685140794
    zones_transit_jobs_30min: 6.406957923857743e-06
    zones_transit_jobs_50min: 3.945510486858142e-06
  Std. Error: {}
  T-Score: {}
fit_rsquared: 0.5295349290867942
fit_rsquared_adj: 0.5295349290867942
fitted: true
model_expression:
  left_side: np.log1p(sqft_price_nonres)
  right_side:
  - year_built
  - land_area
  - residential_sqft
  - building_sqft
  - jobs_within_30_min
  - vacant_job_spaces
  - parcel_sqft
  - crime_ucr_rate
  - crime_other_rate
  - building_age
  - parcels_pptytax
  - parcels_pct_undev
  - parcels_parcel_size
  - parcels_ave_unit_size
  - parcels_total_units
  - parcels_total_job_spaces
  - parcels_total_sqft
  - parcels_zones_jobs_within_30_min
  - zones_acres
  - zones_households
  - zones_population
  - zones_employment
  - zones_retail_jobs
  - zones_logsum_pop_high_income
  - zones_logsum_pop_mid_income
  - zones_logsum_pop_low_income
  - zones_logsum_job_high_income
  - zones_logsum_job_mid_income
  - zones_logsum_job_low_income
  - zones_transit_jobs_50min
  - zones_transit_jobs_30min
  - nodes_walk_households
  - nodes_walk_lowinc_hhs
  - nodes_walk_race_1_hhs
  - nodes_walk_race_4_hhs
  - nodes_walk_jobs
  - nodes_walk_retail_jobs
  - nodes_walk_node_r1500_sqft
  - nodes_walk_residential
  - nodes_walk_ave_nonres_sqft_price
  - nodes_walk_retail
  - nodes_walk_office
  - nodes_walk_medical
  - nodes_walk_ave_unit_sqft
  - nodes_walk_housing_cost
sample_size: 1171
