fit_filters:
- non_residential_sqft > 0
- sqft_price_nonres > 1
- sqft_price_nonres < 650
- hedonic_id == 16121
model_expression:
  left_side: np.log1p(sqft_price_nonres)
model_type: Regression
name: RegressionModel
predict_filters: hedonic_id == 16121
ytransform: np.exp
coef:
  b_total_jobs: 0.002000187469397354
  building_age: -0.0018140844626428631
  building_sqft: -1.8616303704712727e-07
  crime_other_rate: 0.00028999122159040577
  crime_ucr_rate: -0.00041416214923587754
  jobs_within_30_min: 3.163808593555223e-07
  land_area: -6.122429096289966e-06
  nodes_walk_ave_nonres_sqft_price: 0.002272283136429827
  nodes_walk_ave_unit_sqft: -1.0060767468905092e-05
  nodes_walk_housing_cost: -1.1767169905902288e-06
  nodes_walk_industrial: -0.00044780092631500716
  nodes_walk_jobs: 3.5188738143112194e-05
  nodes_walk_lowinc_hhs: -0.00010819799336041044
  nodes_walk_medical: -0.00014626435665935584
  nodes_walk_midinc_hhs: 0.0005479208357195334
  nodes_walk_node_r1500_sqft: -7.475031680988405e-10
  nodes_walk_population: -5.4446340722805195e-05
  nodes_walk_race_1_hhs: -0.00021446178845133207
  nodes_walk_retail: 0.004966773124795221
  nodes_walk_retail_jobs: -0.0001758312822703249
  parcel_sqft: -1.2256860652658192e-07
  parcels_ave_unit_size: -3.3103939713235174e-06
  parcels_total_sqft: -1.9608538393706507e-06
  parcels_zones_employment: -7.928148270767268e-08
  parcels_zones_households: -0.00017938863065444078
  parcels_zones_jobs_within_30_min: -6.639947285622433e-07
  parcels_zones_logsum_job_high_income: 1.2450841639833592e-07
  parcels_zones_logsum_job_low_income: 8.032094548884304e-08
  parcels_zones_logsum_pop_high_income: -1.8192952158871892e-07
  parcels_zones_logsum_pop_low_income: -8.979927627259397e-08
  parcels_zones_population: 9.901868006360324e-05
  parcels_zones_retail_jobs: 0.0006535955773985835
  parcels_zones_transit_jobs_30min: -1.3153032588022663e-06
  parcels_zones_transit_jobs_50min: 1.1334318447007528e-06
  parcels_zones_z_total_jobs: -1.072736601154701e-07
  residential_sqft: 7.254450289269068e-05
  sqft_per_unit: 0.0001850511194980384
  year_built: 0.0009265406715042795
  zones_acres: -3.0260458281788527e-05
  zones_employment: -1.0606489133279566e-05
  zones_households: -0.00021454948446349948
  zones_logsum_job_high_income: 1.2260162837806583e-07
  zones_logsum_job_low_income: 7.503464958278509e-08
  zones_logsum_pop_high_income: -1.7769644604549e-07
  zones_logsum_pop_low_income: -1.0136883217066922e-07
  zones_population: 0.00010922200724680859
  zones_retail_jobs: 8.779488656917713e-08
  zones_transit_jobs_30min: -1.0407522217320601e-06
  zones_transit_jobs_50min: 7.517920962346154e-07
  zones_z_total_jobs: -6.1891240100441925e-06
sample_size: 1171
score: 0.47643321272285033
