fit_filters:
- non_residential_sqft > 0
- sqft_price_nonres > 1
- sqft_price_nonres < 650
- hedonic_id == 14765
model_expression:
  left_side: np.log1p(sqft_price_nonres)
model_type: Regression
name: RegressionModel
predict_filters: hedonic_id == 14765
ytransform: np.exp
coef:
  b_total_jobs: 0.005831481902665384
  building_age: -0.00010678280931411606
  building_sqft: -8.754200962950613e-05
  crime_other_rate: 4.344723929421894e-05
  crime_ucr_rate: -0.00025959026494307835
  jobs_within_30_min: 8.165458071089798e-06
  land_area: 3.5132573985712945e-05
  nodes_walk_ave_nonres_sqft_price: 0.006922690058901332
  nodes_walk_housing_cost: -3.3926133119578495e-06
  nodes_walk_jobs: 2.5896987969901586e-05
  nodes_walk_lowinc_hhs: -0.0012574568511176626
  nodes_walk_medical: 0.000526418285619009
  nodes_walk_midinc_hhs: 0.00047997288464771983
  nodes_walk_node_r1500_sqft: -1.6309412555213973e-08
  nodes_walk_office: -0.0006260147545229557
  nodes_walk_population: -0.0003041814530871924
  nodes_walk_residential: -0.0003557098686094791
  nodes_walk_retail: 0.0007681134849398479
  nodes_walk_retail_jobs: 0.0027359905111825054
  parcel_sqft: -2.855884142409836e-08
  parcels_landvalue: 4.90457848898876e-07
  parcels_total_sqft: -2.3351388981671906e-05
  parcels_zones_employment: -0.00020698443667164956
  parcels_zones_logsum_job_high_income: 1.1398644023880834e-05
  parcels_zones_logsum_job_low_income: -1.9345117045895218e-06
  parcels_zones_logsum_pop_high_income: -5.961157817222627e-06
  parcels_zones_logsum_pop_low_income: 8.146646925403375e-07
  parcels_zones_population: 0.00010151304861701759
  parcels_zones_retail_jobs: -0.0006904166434601229
  parcels_zones_transit_jobs_30min: -2.0608851631648255e-05
  parcels_zones_transit_jobs_50min: 5.346677204589632e-06
  parcels_zones_z_total_jobs: -4.428307981459271e-06
  residential_sqft: 0.0001591112148288528
  sqft_per_unit: -6.667604946979277e-05
  year_built: 0.0033922711697728374
  zones_acres: -5.875296042028531e-07
  zones_logsum_job_high_income: 1.1172340129559414e-05
  zones_logsum_job_low_income: -1.8466716449404311e-06
  zones_logsum_pop_high_income: -6.149058528224522e-06
  zones_logsum_pop_low_income: 1.0639607194666864e-06
  zones_retail_jobs: -7.058351758378936e-05
  zones_transit_jobs_30min: -1.2860852125818079e-05
  zones_transit_jobs_50min: 5.241720161792732e-06
  zones_z_total_jobs: -8.500182958015384e-06
sample_size: 221
score: 0.4816688146541197
