fit_filters:
- non_residential_sqft > 0
- sqft_price_nonres > 1
- sqft_price_nonres < 650
- hedonic_id == 11531
model_expression:
  left_side: np.log1p(sqft_price_nonres)
model_type: Regression
name: RegressionModel
predict_filters: hedonic_id == 11531
ytransform: np.exp
coef:
  building_age: -0.0002782328188287678
  building_sqft: -1.8768543738452149e-07
  crime_other_rate: -0.00015683911153501956
  crime_ucr_rate: 0.0003632426111532452
  jobs_within_30_min: -4.078360463801562e-07
  land_area: -4.266262779644739e-07
  nodes_walk_ave_nonres_sqft_price: -0.0016539955835422726
  nodes_walk_ave_unit_sqft: 5.9782725830756235e-05
  nodes_walk_housing_cost: -6.733098749843793e-07
  nodes_walk_industrial: 0.019766264624661106
  nodes_walk_jobs: 0.00010641362479641186
  nodes_walk_node_r1500_sqft: -8.431120232847668e-09
  nodes_walk_office: 0.00024178556085833165
  nodes_walk_population: -0.0002330625022270825
  nodes_walk_race_2_hhs: -0.0033880260341127033
  nodes_walk_residential: -0.002096962298939945
  nodes_walk_retail_jobs: -0.00021371556584922193
  parcel_sqft: 8.747933897518407e-09
  parcels_ave_unit_size: 0.0001243590818367993
  parcels_parcel_size: -4.324449316395324e-09
  parcels_pct_undev: 0.0003468056103408159
  parcels_total_job_spaces: -0.001546175958156577
  parcels_total_sqft: 1.6139976137348356e-06
  parcels_zones_employment: -1.328964228713746e-05
  parcels_zones_households: -0.00026208175425949996
  parcels_zones_jobs_within_30_min: 1.747248481234994e-07
  parcels_zones_logsum_job_high_income: -4.4189043599138614e-07
  parcels_zones_logsum_job_low_income: -1.3280812241241866e-06
  parcels_zones_logsum_pop_high_income: 1.1148832023970841e-06
  parcels_zones_logsum_pop_low_income: -1.64760083881326e-06
  parcels_zones_mean_age_of_head: -0.00042253496195253517
  parcels_zones_population: 0.00015791229354419564
  parcels_zones_retail_jobs: -0.00019445283177948244
  parcels_zones_transit_jobs_30min: -0.00011982258338235428
  parcels_zones_transit_jobs_50min: 4.800359484702192e-05
  parcels_zones_z_total_jobs: -5.36119823245365e-06
  vacant_job_spaces: 0.0003053015189771021
  year_built: 0.0033445577469549785
  zone_mean_age_of_head: -1.4556501560858437e-18
  zones_acres: -1.5183232300030835e-05
  zones_employment: -2.6938826625412297e-05
  zones_households: -0.0002032001708312356
  zones_logsum_job_high_income: -3.006228749888758e-07
  zones_logsum_job_low_income: -1.6840122054737784e-06
  zones_logsum_pop_high_income: 7.007341318401846e-07
  zones_logsum_pop_low_income: -1.9713269864039046e-06
  zones_mean_age_of_head: -0.00019962675254783476
  zones_population: 0.00015115452709504965
  zones_retail_jobs: -0.0007516859322257409
  zones_transit_jobs_30min: -8.698558014083446e-05
  zones_transit_jobs_50min: 3.6878344408309734e-05
  zones_z_total_jobs: -2.2143740696551154e-06
sample_size: 233
score: 0.6862571795108497
