fit_filters:
- non_residential_sqft > 0
- sqft_price_nonres > 1
- sqft_price_nonres < 650
- hedonic_id == 551
model_expression:
  left_side: np.log1p(sqft_price_nonres)
model_type: Regression
name: RegressionModel
predict_filters: hedonic_id == 551
ytransform: np.exp
coef:
  b_total_jobs: -0.001502750137078088
  crime_other_rate: 2.087714946943953e-05
  crime_ucr_rate: 6.74185071624426e-06
  jobs_non_home_based: -1.7368464951418292e-17
  jobs_within_30_min: -2.2590752050584132e-07
  land_area: -1.835226714752835e-05
  nodes_walk_ave_nonres_sqft_price: -0.00487242786370718
  nodes_walk_ave_unit_sqft: 7.260716713210343e-06
  nodes_walk_highinc_hhs: -0.0005696055314640833
  nodes_walk_housing_cost: -7.05308946043808e-08
  nodes_walk_jobs: -3.531156855698661e-05
  nodes_walk_medical: 0.01242427511591611
  nodes_walk_midinc_hhs: 0.000352581886195414
  nodes_walk_node_r1500_sqft: -8.96756902604339e-09
  nodes_walk_office: 0.0025756194402780197
  nodes_walk_population: -8.52679753263816e-05
  nodes_walk_race_1_hhs: 0.000373171712578006
  nodes_walk_race_2_hhs: 0.00022387930293722952
  nodes_walk_race_3_hhs: -0.00209144301102898
  nodes_walk_retail: 0.0027080225604603487
  parcel_sqft: 6.962628254277579e-06
  parcels_ave_unit_size: 2.8082191842744445e-05
  parcels_total_sqft: -4.87076439146295e-06
  parcels_zones_empden: -1.6512062420568503e-06
  parcels_zones_households: -7.033350738568261e-05
  parcels_zones_jobs_within_30_min: 1.7610595195004105e-08
  parcels_zones_logsum_job_high_income: 1.7018629127360616e-07
  parcels_zones_logsum_job_low_income: -1.7598815587783854e-08
  parcels_zones_logsum_pop_high_income: 8.195646944908565e-08
  parcels_zones_logsum_pop_low_income: -4.9218557023512126e-08
  parcels_zones_population: 2.7335747679292534e-07
  parcels_zones_transit_jobs_30min: 2.3896567757661317e-06
  parcels_zones_transit_jobs_50min: 6.352546331671874e-07
  residential_sqft: 3.166967483344615e-05
  year_built: 0.005305187071463944
  zones_acres: 0.00038801130298180036
  zones_empden: -0.00019152579855614868
  zones_households: -1.167786160749176e-08
  zones_logsum_job_high_income: 1.4419676595341814e-07
  zones_logsum_job_low_income: -1.825172535244688e-08
  zones_logsum_pop_high_income: -1.8951321290411133e-07
  zones_logsum_pop_low_income: 9.916317419837346e-09
  zones_population: 1.8706309142992957e-05
  zones_transit_jobs_30min: 1.6379581664065867e-06
  zones_transit_jobs_50min: 3.923516533223036e-07
sample_size: 426
score: 0.44492484049370495
