fit_filters:
- non_residential_sqft > 0
- sqft_price_nonres > 1
- sqft_price_nonres < 650
- hedonic_id == 11565
model_expression:
  left_side: np.log1p(sqft_price_nonres)
model_type: Regression
name: RegressionModel
predict_filters: hedonic_id == 11565
ytransform: np.exp
coef:
  building_age: -0.0002882638012266691
  crime_other_rate: 2.887942090464945e-05
  crime_ucr_rate: 0.00012875746512978426
  jobs_within_30_min: 1.6207569106391514e-07
  land_area: -1.910698703539721e-05
  nodes_walk_ave_nonres_sqft_price: 0.005743575216204649
  nodes_walk_ave_unit_sqft: 8.844378453381264e-05
  nodes_walk_housing_cost: -1.3473868004105065e-05
  nodes_walk_jobs: 0.00020258797501506725
  nodes_walk_lowinc_hhs: 0.00034451022083971557
  nodes_walk_medical: -0.0006624038222139377
  nodes_walk_midinc_hhs: -0.0004966355591917278
  nodes_walk_node_r1500_sqft: -2.3342384789121938e-08
  nodes_walk_office: -0.00018111771396814687
  nodes_walk_residential: 0.0022418124720740293
  nodes_walk_retail: -0.002596025884590462
  nodes_walk_retail_jobs: 0.0006445947981825734
  parcel_sqft: 1.3951219349793433e-08
  parcels_ave_unit_size: 0.00021138021196576834
  parcels_total_sqft: 2.6267845022210802e-05
  parcels_zones_employment: 6.965140187550345e-06
  parcels_zones_households: 0.00046572875638041934
  parcels_zones_jobs_within_30_min: 6.828266207467291e-07
  parcels_zones_logsum_job_high_income: -2.9541234772364913e-06
  parcels_zones_logsum_job_low_income: -6.385183928127645e-06
  parcels_zones_logsum_pop_high_income: 8.933695507952919e-07
  parcels_zones_logsum_pop_low_income: 1.4859761539552618e-06
  parcels_zones_population: -0.00023155650398096818
  parcels_zones_transit_jobs_30min: -0.0001924820466731499
  parcels_zones_transit_jobs_50min: -3.562579908584154e-05
  parcels_zones_z_total_jobs: 8.505756348150434e-05
  vacant_job_spaces: -0.014890067111929917
  year_built: 0.006045599205122768
  zones_acres: -8.24463880353739e-06
  zones_employment: 0.00026064674749728126
  zones_households: 0.0005063079983087856
  zones_logsum_job_high_income: -4.4118015464633755e-06
  zones_logsum_job_low_income: -3.6423935236342476e-06
  zones_logsum_pop_high_income: 2.2904667927887767e-06
  zones_logsum_pop_low_income: 4.445496623940593e-06
  zones_population: -0.00024722745283979527
  zones_transit_jobs_30min: -0.00017307226957888035
  zones_transit_jobs_50min: -1.628458300816558e-05
  zones_z_total_jobs: 1.8815678866852563e-05
sample_size: 166
score: 0.6734847407028677
