fit_filters:
- non_residential_sqft > 0
- sqft_price_nonres > 1
- sqft_price_nonres < 650
- hedonic_id == 565
model_expression:
  left_side: np.log1p(sqft_price_nonres)
model_type: Regression
name: RegressionModel
predict_filters: hedonic_id == 565
ytransform: np.exp
coef:
  Intercept: -37.08902368948443
  b_total_jobs: 0.010681174272417175
  building_age: -6.072496547311908e-05
  building_sqft: 1.1345306739123653e-05
  crime_other_rate: 7.238939981002132e-06
  crime_ucr_rate: -3.516846526239336e-07
  jobs_within_30_min: -3.221169949826356e-08
  land_area: -2.013607837505328e-06
  nodes_walk_ave_nonres_sqft_price: 0.011072972020709572
  nodes_walk_ave_unit_sqft: 2.6082517470876125e-05
  nodes_walk_hhs_with_children: -0.00030855634964932726
  nodes_walk_housing_cost: -4.15347909295609e-06
  nodes_walk_jobs: -5.46950002396348e-05
  nodes_walk_medical: 0.0012139504779410456
  nodes_walk_midinc_hhs: 0.0018316921779748612
  nodes_walk_node_r1500_sqft: 4.1100788023417077e-08
  nodes_walk_office: -0.0007666626008222319
  nodes_walk_population: -0.00036906266958409317
  nodes_walk_race_1_hhs: -0.00032777710161325363
  nodes_walk_race_4_hhs: 0.0012650153322951944
  nodes_walk_residential: -0.0001439977269762439
  nodes_walk_retail_jobs: 0.0014610202137388443
  parcel_sqft: 2.6597667489154156e-06
  parcels_ave_unit_size: 2.2353024462460965e-05
  parcels_total_sqft: -4.46429915862666e-05
  parcels_zones_empden: -2.4132352662802832e-05
  parcels_zones_employment: -3.865119904447377e-06
  parcels_zones_households: -0.00018096663106779545
  parcels_zones_jobs_within_30_min: -3.813083085524178e-08
  parcels_zones_logsum_job_high_income: -1.3013082581216943e-07
  parcels_zones_logsum_job_low_income: 1.0022503272349487e-08
  parcels_zones_logsum_pop_high_income: 1.2335599110961748e-07
  parcels_zones_logsum_pop_low_income: -1.4710591504877666e-08
  parcels_zones_population: 4.199149682795833e-05
  parcels_zones_retail_jobs: 0.00010995739699637472
  parcels_zones_transit_jobs_30min: 2.7728362639050724e-06
  parcels_zones_transit_jobs_50min: 5.040031586831177e-07
  parcels_zones_z_total_jobs: -2.2101251774283155e-07
  residential_sqft: 0.00010694920494849692
  sqft_per_unit: -2.7325722107932006e-07
  year_built: 0.02058669473326513
  zones_acres: -8.297690510976525e-05
  zones_empden: -0.0005388010137226825
  zones_employment: -4.302022052777262e-06
  zones_households: -7.310479371229144e-05
  zones_logsum_job_high_income: -1.3118229303878502e-07
  zones_logsum_job_low_income: -5.5191324415048895e-09
  zones_logsum_pop_high_income: 1.2502600714520545e-07
  zones_logsum_pop_low_income: -2.290821256133851e-08
  zones_population: 6.0988124755422775e-05
  zones_retail_jobs: 5.5806760047024906e-06
  zones_transit_jobs_30min: 1.7049398520027178e-06
  zones_z_total_jobs: -3.1844487578838977e-07
sample_size: 1090
score: 0.5026799109956902
