fit_filters:
- non_residential_sqft > 0
- sqft_price_nonres > 1
- sqft_price_nonres < 650
- hedonic_id == 14721
model_type: regression
name: RegressionModel
predict_filters: hedonic_id == 14721
target_variable: np.log1p(sqft_price_nonres)
ytransform: np.exp
fit_parameters:
  Coefficient:
    Intercept: -1.2614344939683009
    b_total_jobs: 0.002846637151677895
    building_age: -1.3973287557516305e-05
    building_sqft: -1.1160746488734835e-05
    crime_other_rate: 8.851466607467632e-06
    crime_ucr_rate: -0.00011843280786102647
    jobs_non_home_based: 2.2855745068990814e-16
    jobs_within_30_min: 2.166069516054248e-06
    land_area: 1.2551370172517737e-05
    nodes_walk_housing_cost: 3.196060156115649e-06
    nodes_walk_jobs: 0.0002057883901192133
    nodes_walk_medical: 0.00043648496928065384
    nodes_walk_node_r1500_sqft: 2.8145995147679827e-09
    nodes_walk_population: 0.0001301577965816751
    nodes_walk_retail: 0.011966927215125257
    parcel_sqft: 6.754290106041156e-07
    parcels_ave_unit_size: 1.3260897699223691e-05
    parcels_parcel_size: -7.951598731809193e-07
    parcels_pct_undev: 0.0017406551393131862
    parcels_total_sqft: -9.099530499177719e-06
    parcels_zones_jobs_within_30_min: 2.9419316600702e-08
    residential_sqft: -5.6689792171042466e-05
    school_district_achievement: -0.0007210507773040613
    sqft_per_unit: 0.00039320399953143864
    year_built: 0.0020501287048213723
    zones_acres: -7.0628731834954435e-06
    zones_households: -0.00033165404757855033
    zones_logsum_job_high_income: 1.0210592062490958e-07
    zones_logsum_job_low_income: -1.4918380563320588e-06
    zones_logsum_job_mid_income: -1.85653950877341e-06
    zones_logsum_pop_high_income: 2.9406503526091846e-08
    zones_logsum_pop_low_income: 8.932651555282698e-07
    zones_logsum_pop_mid_income: 8.134623335877952e-07
    zones_population: 0.0001867975464072332
    zones_transit_jobs_30min: -4.396398925225891e-05
    zones_transit_jobs_50min: -1.500066587063174e-06
    zones_z_total_jobs: -2.26295397793921e-06
fit_rsquared: 0.3905175500973036
fitted: true
sample_size: 1185
