fit_filters:
- non_residential_sqft > 0
- sqft_price_nonres > 1
- sqft_price_nonres < 650
- hedonic_id == 42
model_expression:
  left_side: np.log1p(sqft_price_nonres)
model_type: Regression
name: RegressionModel
predict_filters: hedonic_id == 42
ytransform: np.exp
coef:
  b_total_jobs: 0.0005173513242679686
  building_sqft: 6.181117266831376e-06
  county_id: 0.006230638717980879
  crime_other_rate: 0.00010789572904536039
  crime_ucr_rate: -0.0006927841608803567
  jobs_non_home_based: 6.428864752337539e-17
  jobs_within_30_min: -5.279831702404748e-07
  land_area: -7.77052111648278e-06
  large_area_id: -0.00035179503548704436
  nodes_walk_ave_nonres_sqft_price: 0.00487175425224
  nodes_walk_ave_unit_sqft: 6.066659459886383e-05
  nodes_walk_hhs_with_children: -0.004944816600056298
  nodes_walk_highinc_hhs: 0.002517734946234409
  nodes_walk_households: -0.0003285113866228196
  nodes_walk_housing_cost: -2.3345193149350153e-06
  nodes_walk_jobs: -6.908995204000457e-05
  nodes_walk_lowinc_hhs: -0.0005278420021154652
  nodes_walk_medical: 0.002925249960823586
  nodes_walk_midinc_hhs: -0.0004134125211310363
  nodes_walk_node_r1500_sqft: 4.82221644282638e-08
  nodes_walk_office: -0.0001226039922322341
  nodes_walk_population: 0.0016949934608237749
  nodes_walk_race_1_hhs: -0.0025576506826834725
  nodes_walk_residential: 0.0013746607618875103
  nodes_walk_retail: -0.001934818659511983
  nodes_walk_retail_jobs: -0.00285616436270318
  parcel_sqft: -2.983371692733366e-07
  parcels_ave_unit_size: 3.6823455427046664e-05
  parcels_landvalue: 1.734220156949865e-07
  parcels_total_sqft: 2.024713627682453e-06
  parcels_zones_employment: -2.3281477764102748e-05
  parcels_zones_households: 0.0008441333091720407
  parcels_zones_jobs_within_30_min: 1.6983128415661124e-07
  parcels_zones_logsum_job_high_income: 8.806170373742305e-07
  parcels_zones_logsum_job_low_income: 1.6183866535982595e-08
  parcels_zones_logsum_pop_high_income: -4.007731964147587e-07
  parcels_zones_logsum_pop_low_income: -1.0124509977269713e-07
  parcels_zones_population: -0.00032582358214376374
  parcels_zones_retail_jobs: 0.0028972279921762197
  parcels_zones_transit_jobs_30min: -2.4198922702527e-06
  parcels_zones_transit_jobs_50min: 1.2893909719280598e-06
  parcels_zones_z_total_jobs: -8.481995011200956e-05
  residential_sqft: 1.1686472460046085e-05
  vacant_job_spaces: -0.0017981362537915406
  zones_acres: 6.521804080533113e-06
  zones_employment: -3.2189318221700053e-06
  zones_households: 0.000778443641235135
  zones_logsum_job_high_income: 7.305823785219845e-07
  zones_logsum_job_low_income: 2.669168138689357e-08
  zones_logsum_pop_high_income: -3.2506733655043844e-07
  zones_logsum_pop_low_income: -5.218628846400644e-08
  zones_population: -0.00029586104871153206
  zones_retail_jobs: 6.634994684750653e-05
  zones_transit_jobs_30min: -2.514532025811574e-06
  zones_transit_jobs_50min: 1.2377434704227132e-06
  zones_z_total_jobs: -4.6670686377406645e-05
sample_size: 85
score: 0.8260747394001828
