fit_filters:
- non_residential_sqft > 0
- sqft_price_nonres > 1
- sqft_price_nonres < 650
- hedonic_id == 41
model_type: regression
name: RegressionModel
predict_filters: hedonic_id == 41
target_variable: np.log1p(sqft_price_nonres)
ytransform: np.exp
fit_parameters:
  Coefficient:
    Intercept: 4.614509185770826
    building_age: 0.0017909682117882616
    building_sqft: -9.072383789342889e-07
    crime_other_rate: -2.6253506592835922e-05
    crime_ucr_rate: -9.018821509160483e-05
    job_spaces: -4.2849145328459034e-05
    jobs_within_30_min: -1.2669048541071613e-07
    land_area: -5.201767697638916e-07
    nodes_walk_ave_nonres_sqft_price: 0.009795644779722128
    nodes_walk_ave_unit_sqft: -8.185056848518284e-06
    nodes_walk_housing_cost: -2.194395310450395e-06
    nodes_walk_industrial: -0.001184068466098766
    nodes_walk_jobs: 0.0001311506566718245
    nodes_walk_lowinc_hhs: -0.0018175941805713446
    nodes_walk_medical: -0.0019241215096117887
    nodes_walk_midinc_hhs: 0.00029252438671479317
    nodes_walk_node_r1500_sqft: -1.0686082593435742e-08
    nodes_walk_office: -0.002050292355651445
    nodes_walk_population: 0.00027201343772523636
    nodes_walk_race_1_hhs: -0.0001884375639941213
    nodes_walk_race_2_hhs: 0.00011988479381643258
    nodes_walk_residential: 0.00046393388472140375
    nodes_walk_retail: -0.0006491801467190907
    nodes_walk_retail_jobs: 8.846575591820756e-05
    parcel_sqft: -1.0812278132210336e-08
    parcels_ave_unit_size: -7.022824068805378e-05
    parcels_parcel_size: 3.7428786831500456e-08
    parcels_pct_undev: -0.0008958860133281327
    parcels_total_job_spaces: -5.157905888616593e-05
    parcels_total_sqft: -2.117997938850085e-07
    parcels_zones_jobs_within_30_min: 1.9827667678650933e-07
    vacant_job_spaces: -0.0001808113983249163
    year_built: -0.000312272300244595
    zones_acres: -5.1926044565774936e-05
    zones_employment: -4.476893080492018e-06
    zones_households: -0.0006020777298479296
    zones_logsum_job_high_income: 2.451445129226481e-07
    zones_logsum_job_low_income: 9.512438716328413e-08
    zones_logsum_job_mid_income: 1.030733014718555e-07
    zones_logsum_pop_high_income: -1.9262929956609139e-07
    zones_logsum_pop_low_income: -1.2764782450504083e-07
    zones_logsum_pop_mid_income: -9.192566781209269e-08
    zones_mean_age_of_head: -0.004260603875753866
    zones_population: 0.00021721753668043747
    zones_retail_jobs: 0.0007689569314766075
    zones_transit_jobs_30min: -8.342837453898202e-06
    zones_transit_jobs_50min: 2.3818686242423094e-07
    zones_z_total_jobs: -2.8595140917625408e-05
fit_rsquared: 0.47188451671789033
fitted: true
sample_size: 1014
