fit_filters:
- non_residential_sqft > 0
- sqft_price_nonres > 1
- sqft_price_nonres < 650
- hedonic_id == 9931
model_expression:
  left_side: np.log1p(sqft_price_nonres)
model_type: Regression
name: RegressionModel
predict_filters: hedonic_id == 9931
ytransform: np.exp
coef:
  b_total_jobs: 0.0003287361167579345
  building_sqft: 7.697629173164081e-08
  crime_other_rate: 1.7194213682871326e-05
  crime_ucr_rate: 8.171425551415509e-06
  jobs_within_30_min: -5.4536213998348916e-08
  land_area: 2.5665187077238745e-07
  nodes_walk_ave_unit_sqft: -0.00011778652431030592
  nodes_walk_housing_cost: 1.8053513418588525e-06
  nodes_walk_industrial: 0.02033221009208142
  nodes_walk_jobs: 0.0001074989859496881
  nodes_walk_node_r1500_sqft: 3.5256414759893348e-09
  nodes_walk_population: -3.286278347542791e-06
  nodes_walk_retail_jobs: -0.00018863821572859116
  parcel_sqft: 4.8176078104322926e-08
  parcels_ave_unit_size: -4.745500838730102e-06
  parcels_parcel_size: -7.435037896970311e-08
  parcels_total_job_spaces: -5.1929512344398146e-05
  parcels_total_sqft: -2.749645788282308e-07
  parcels_zones_employment: 1.6257798593003803e-07
  parcels_zones_jobs_within_30_min: -7.040841383084068e-08
  parcels_zones_logsum_job_high_income: 7.066269534257653e-09
  parcels_zones_logsum_job_low_income: 1.1297097844127137e-07
  parcels_zones_logsum_pop_high_income: -2.0740037384603996e-08
  parcels_zones_logsum_pop_low_income: -4.0806009636849816e-08
  parcels_zones_population: 1.752378918688716e-05
  parcels_zones_retail_jobs: -6.860886489867935e-05
  parcels_zones_transit_jobs_30min: -2.0403678032936944e-07
  parcels_zones_transit_jobs_50min: 8.288841206524767e-07
  parcels_zones_z_total_jobs: 2.162632554650852e-06
  vacant_job_spaces: -0.0007162432247876647
  year_built: 0.002893740510356082
  zones_acres: -4.8438611536546465e-05
  zones_employment: 2.0122192223319178e-07
  zones_logsum_job_high_income: 6.186959704690658e-08
  zones_logsum_job_low_income: 9.40477626572399e-08
  zones_logsum_pop_high_income: -1.0590687915019548e-07
  zones_logsum_pop_low_income: -1.141359587991101e-07
  zones_retail_jobs: -2.9845862142108257e-08
  zones_transit_jobs_30min: -1.835171119807281e-06
  zones_transit_jobs_50min: 3.9773188909127307e-07
sample_size: 3237
score: 0.5048708086130209
