fit_filters:
- non_residential_sqft > 0
- sqft_price_nonres > 1
- sqft_price_nonres < 650
- hedonic_id == 333
model_type: regression
name: RegressionModel
predict_filters: hedonic_id == 333
target_variable: np.log1p(sqft_price_nonres)
ytransform: np.exp
fit_parameters:
  Coefficient:
    Intercept: -7.691371326080922
    b_total_jobs: 0.0011893862222687017
    building_age: -1.6303909946008614e-05
    building_sqft: -1.0228573274040763e-06
    crime_other_rate: -1.977744506436012e-05
    crime_ucr_rate: -0.0002124904392750353
    jobs_non_home_based: 5.1971801748408994e-17
    jobs_within_30_min: -1.2193161608870745e-08
    land_area: 2.3667749319306e-07
    nodes_walk_ave_nonres_sqft_price: 0.010511390354456994
    nodes_walk_ave_unit_sqft: 5.745501056730322e-06
    nodes_walk_housing_cost: 4.936311744941054e-07
    nodes_walk_jobs: -6.586935586401456e-06
    nodes_walk_medical: -0.0017733971269950175
    nodes_walk_node_r1500_sqft: -1.6835005830016768e-11
    nodes_walk_office: -0.0011294839880607549
    nodes_walk_population: 7.896751435662265e-05
    nodes_walk_race_1_hhs: -0.00044429494838950004
    nodes_walk_race_2_hhs: -0.00016969487242914902
    nodes_walk_race_3_hhs: 0.0005670182707924629
    nodes_walk_retail: -0.0008721751874408978
    nodes_walk_retail_jobs: -0.00030053666955534754
    parcel_sqft: 3.23857360428682e-07
    parcels_ave_unit_size: 4.989613342848115e-05
    parcels_parcel_size: -2.270209439798896e-07
    parcels_pct_undev: 0.0013383415726195024
    parcels_pptytax: -0.0023422517981375114
    parcels_total_job_spaces: -0.0003996443931489475
    parcels_total_sqft: -8.391280801042729e-07
    parcels_zones_jobs_within_30_min: 9.005057022746209e-08
    residential_sqft: 1.1461454187374919e-05
    sqft_per_unit: 0.00010924974182072625
    year_built: 0.00543803491141732
    zones_acres: -4.1538329942860645e-05
    zones_employment: 4.292887523366952e-05
    zones_households: 4.226297620886585e-05
    zones_logsum_job_high_income: -2.2146202604349243e-07
    zones_logsum_job_low_income: -3.2266196291291875e-07
    zones_logsum_job_mid_income: -2.3711587012006138e-07
    zones_logsum_pop_high_income: 3.6320673741279207e-09
    zones_logsum_pop_low_income: -1.8025205339642124e-07
    zones_logsum_pop_mid_income: 5.33750411457548e-07
    zones_population: -3.0906264613937714e-05
    zones_retail_jobs: 8.307321447429215e-05
    zones_transit_jobs_30min: 4.431682326364747e-05
    zones_transit_jobs_50min: -1.586516836046477e-06
    zones_z_total_jobs: 5.528792349906685e-07
fit_rsquared: 0.40513816092926513
fitted: true
sample_size: 1708
