fit_filters:
- non_residential_sqft > 0
- sqft_price_nonres > 1
- sqft_price_nonres < 650
- hedonic_id == 11551
model_expression:
  left_side: np.log1p(sqft_price_nonres)
model_type: Regression
name: RegressionModel
predict_filters: hedonic_id == 11551
ytransform: np.exp
coef:
  building_age: -0.0015543038794191104
  building_sqft: -5.485413698327918e-05
  crime_other_rate: 1.461309310787541e-05
  crime_ucr_rate: -0.0005030360963911689
  jobs_within_30_min: -4.023176648636769e-06
  land_area: 5.6385921288960895e-05
  nodes_walk_ave_unit_sqft: -4.340974054694309e-05
  nodes_walk_housing_cost: 1.3147008561049366e-05
  nodes_walk_jobs: 0.0006092385519729784
  nodes_walk_medical: 0.0065309747017668176
  nodes_walk_node_r1500_sqft: 1.1318972628102156e-08
  nodes_walk_office: -0.0008633838897846095
  nodes_walk_population: 4.145897686500822e-05
  nodes_walk_retail: 8.479742180221734e-06
  nodes_walk_retail_jobs: -0.0003754148559109885
  parcel_sqft: 7.004862329367448e-07
  parcels_ave_unit_size: -0.0003799478630218899
  parcels_total_sqft: -1.045126900243217e-06
  parcels_zones_employment: -0.0001555496474851347
  parcels_zones_households: -9.842091098956208e-05
  parcels_zones_jobs_within_30_min: -3.3297795959426387e-08
  parcels_zones_logsum_job_high_income: 3.6469088723673304e-06
  parcels_zones_logsum_job_low_income: 2.0231316644301687e-05
  parcels_zones_logsum_pop_high_income: -1.6508551824954889e-06
  parcels_zones_logsum_pop_low_income: -8.049343535026879e-06
  parcels_zones_population: 2.2966018099129048e-05
  parcels_zones_transit_jobs_30min: -0.00019712589658297538
  parcels_zones_transit_jobs_50min: -1.9543374273458477e-05
  parcels_zones_z_total_jobs: -2.728436624540509e-06
  vacant_job_spaces: -0.0036241143424506394
  year_built: 0.001727226703665774
  zones_acres: -3.573573174677377e-05
  zones_employment: -3.3558865468600747e-06
  zones_households: -2.056020071506081e-05
  zones_logsum_job_high_income: 3.129575774786867e-06
  zones_logsum_job_low_income: 2.1155026239758826e-05
  zones_logsum_pop_high_income: -2.2652161176779307e-06
  zones_logsum_pop_low_income: -7.126200226141786e-06
  zones_population: 7.69468706923382e-05
  zones_transit_jobs_30min: -0.00017232465565386094
  zones_transit_jobs_50min: -1.375015216350089e-05
  zones_z_total_jobs: -2.217112965460074e-05
sample_size: 94
score: 0.7903671090737091
