fit_filters:
- non_residential_sqft > 0
- sqft_price_nonres > 1
- sqft_price_nonres < 650
- hedonic_id == 11531
model_expression:
  left_side: np.log1p(sqft_price_nonres)
model_type: Regression
name: RegressionModel
predict_filters: hedonic_id == 11531
ytransform: np.exp
coef:
  Intercept: -3.932591113584011
  building_age: -0.00024209843426916685
  building_sqft: -2.548529004496352e-07
  crime_other_rate: -0.00016078548189432578
  crime_ucr_rate: 0.00038688629152468966
  jobs_within_30_min: -2.5628333297290493e-07
  land_area: -3.876844732767754e-07
  nodes_walk_ave_nonres_sqft_price: -0.0015825228088575643
  nodes_walk_ave_unit_sqft: 6.45428618264914e-05
  nodes_walk_housing_cost: -2.7126834674885388e-08
  nodes_walk_industrial: 0.019535637465121845
  nodes_walk_jobs: 0.00011196583252604676
  nodes_walk_node_r1500_sqft: -8.292065454420447e-09
  nodes_walk_office: 0.00020484599797782966
  nodes_walk_population: -0.00022820942204102826
  nodes_walk_race_2_hhs: -0.003540250761902281
  nodes_walk_residential: -0.0022831939994677384
  nodes_walk_retail_jobs: -0.00031109662939773143
  parcel_sqft: 7.172702673858761e-09
  parcels_ave_unit_size: 0.0001017361138367129
  parcels_total_job_spaces: -0.0015459356075494817
  parcels_total_sqft: 1.622148788581381e-06
  parcels_zones_employment: -1.0742992274224814e-05
  parcels_zones_households: -0.00024431889303405923
  parcels_zones_jobs_within_30_min: 1.5346380053937313e-07
  parcels_zones_logsum_job_high_income: -2.702652104201795e-07
  parcels_zones_logsum_job_low_income: -1.2011245707918015e-06
  parcels_zones_logsum_pop_high_income: 1.0175657213458894e-06
  parcels_zones_logsum_pop_low_income: -1.8457645485009591e-06
  parcels_zones_mean_age_of_head: -0.0005503741141497815
  parcels_zones_population: 0.00015508455463941786
  parcels_zones_retail_jobs: -0.00020185537107618917
  parcels_zones_transit_jobs_30min: -0.00012161475071684778
  parcels_zones_transit_jobs_50min: 4.952218745512767e-05
  parcels_zones_z_total_jobs: -5.287899087271002e-06
  vacant_job_spaces: 0.00033666000752339696
  year_built: 0.00326737106140571
  zone_mean_age_of_head: -2.0369741030085695e-18
  zones_acres: -1.641450700799104e-05
  zones_employment: -3.1444356304106254e-05
  zones_households: -0.00019967367379141194
  zones_logsum_job_high_income: -1.336582258640217e-07
  zones_logsum_job_low_income: -1.5389195242089796e-06
  zones_logsum_pop_high_income: 6.184571783304413e-07
  zones_logsum_pop_low_income: -2.161591150710782e-06
  zones_mean_age_of_head: -5.4835668432958296e-05
  zones_population: 0.0001487068596685656
  zones_retail_jobs: -0.0007793785560008719
  zones_transit_jobs_30min: -8.922072990673246e-05
  zones_transit_jobs_50min: 3.8007194908403094e-05
  zones_z_total_jobs: -1.8178310565005382e-06
sample_size: 233
score: 0.6856629195147819
