fit_filters:
- non_residential_sqft > 0
- sqft_price_nonres > 1
- sqft_price_nonres < 650
- hedonic_id == 61
model_expression:
  left_side: np.log1p(sqft_price_nonres)
model_type: Regression
name: RegressionModel
predict_filters: hedonic_id == 61
ytransform: np.exp
coef:
  Intercept: -1.4177797620593848
  building_age: -0.0006786832180536731
  building_sqft: 4.52927046073686e-06
  crime_other_rate: -4.495818372003675e-05
  crime_ucr_rate: -0.00012597070068761214
  jobs_within_30_min: 6.081781790803746e-08
  land_area: -3.935890515266419e-06
  nodes_walk_ave_nonres_sqft_price: 0.009730583710984005
  nodes_walk_ave_unit_sqft: -4.9403962958185834e-05
  nodes_walk_households: -8.559500174916591e-05
  nodes_walk_housing_cost: 6.850726888240963e-06
  nodes_walk_jobs: -1.0963329641075766e-05
  nodes_walk_lowinc_hhs: -0.0008606035121144222
  nodes_walk_medical: -0.0019286427701329732
  nodes_walk_node_r1500_sqft: 2.7487648599940597e-09
  nodes_walk_office: -0.0015851782053873443
  nodes_walk_population: -1.23736902483409e-05
  nodes_walk_race_1_hhs: 0.0003813577417280214
  nodes_walk_race_4_hhs: -0.0016746621122333424
  nodes_walk_residential: -0.0010535354520848901
  nodes_walk_retail: -0.0007975800576062714
  nodes_walk_retail_jobs: 0.0004680091263545722
  parcel_sqft: -1.9058116945413615e-08
  parcels_ave_unit_size: -0.0003570011134165961
  parcels_pptytax: -0.0001769664356195356
  parcels_total_job_spaces: 0.0011685375021887852
  parcels_total_sqft: -2.2543768458822824e-06
  parcels_total_units: 0.0003373994909704637
  parcels_zones_employment: 2.4216107254386643e-05
  parcels_zones_households: -0.00015942617281376644
  parcels_zones_jobs_within_30_min: 8.881821734387967e-08
  parcels_zones_logsum_job_high_income: -7.369439269951966e-08
  parcels_zones_logsum_job_low_income: -1.4342785895186917e-08
  parcels_zones_logsum_pop_high_income: 1.4517469518998306e-07
  parcels_zones_logsum_pop_low_income: -1.8323308263231766e-09
  parcels_zones_population: 6.424919519183398e-05
  parcels_zones_retail_jobs: 0.00035973881338648964
  parcels_zones_transit_jobs_30min: 3.970066357377297e-06
  parcels_zones_transit_jobs_50min: 2.3625538709401907e-06
  parcels_zones_z_total_jobs: 4.421084305408609e-08
  residential_sqft: 0.0007425631753649088
  vacant_job_spaces: -0.003085698952983396
  year_built: 0.0026513764634480013
  zones_acres: -2.775383350224282e-06
  zones_employment: 6.071954063268527e-10
  zones_households: -0.00013362635111319293
  zones_logsum_job_high_income: -1.9544957294973652e-08
  zones_logsum_job_low_income: -3.656219087594887e-08
  zones_logsum_pop_high_income: -6.205247696352045e-08
  zones_logsum_pop_low_income: -5.858532144941871e-08
  zones_population: 6.45745711432618e-05
  zones_retail_jobs: 1.9348839293242934e-08
  zones_transit_jobs_30min: 2.6686033189083473e-06
  zones_transit_jobs_50min: 1.4198143575476011e-06
sample_size: 1171
score: 0.5199631888449984
