fit_filters:
- non_residential_sqft > 0
- sqft_price_nonres > 1
- sqft_price_nonres < 650
- hedonic_id == 52
model_expression:
  left_side: np.log1p(sqft_price_nonres)
model_type: Regression
name: RegressionModel
predict_filters: hedonic_id == 52
ytransform: np.exp
coef:
  Intercept: 6.805479195350644
  b_total_jobs: 0.00013126376599878855
  building_sqft: 2.9877317319340836e-06
  crime_other_rate: 1.2027992555433434e-05
  crime_ucr_rate: 0.0012463064422038187
  job_spaces: -0.0006320557926828115
  jobs_within_30_min: -4.324342563625883e-06
  land_area: -4.2955253891003216e-07
  nodes_walk_ave_unit_sqft: -0.000485252586936364
  nodes_walk_hhs_with_children: -0.0017903453978989669
  nodes_walk_highinc_hhs: -0.0032095394539998056
  nodes_walk_housing_cost: 2.968770913234001e-05
  nodes_walk_industrial: 0.00045015788204234673
  nodes_walk_jobs: 0.0007277112271712972
  nodes_walk_medical: 0.0058354985916478485
  nodes_walk_midinc_hhs: 0.007805005170042465
  nodes_walk_node_r1500_sqft: -2.619789752459045e-07
  nodes_walk_office: 0.0001622851902666305
  nodes_walk_population: -0.0009888420404221647
  nodes_walk_race_2_hhs: 0.006451876772081495
  nodes_walk_race_3_hhs: -0.00462963296339971
  nodes_walk_residential: -0.013117244543212418
  nodes_walk_retail: -0.0037296436285665924
  nodes_walk_retail_jobs: 0.00031340112338750024
  non_residential_units: -1.3064156414676073e-16
  parcel_sqft: 1.4257774482130106e-07
  parcels_ave_unit_size: -0.0003946828952006451
  parcels_total_job_spaces: -0.0012928285410808884
  parcels_total_sqft: -1.4256038014281483e-06
  parcels_zones_empden: -0.0009099592951863145
  parcels_zones_employment: -4.400104836083098e-05
  parcels_zones_households: -0.0021196328147756772
  parcels_zones_jobs_within_30_min: 3.0992292798736123e-06
  parcels_zones_logsum_job_high_income: -3.632636341618671e-07
  parcels_zones_logsum_job_low_income: 1.314270101930768e-07
  parcels_zones_logsum_pop_high_income: 6.024103968503513e-07
  parcels_zones_logsum_pop_low_income: -5.691360813036212e-07
  parcels_zones_mean_age_of_head: -0.009415103713124068
  parcels_zones_population: 0.0006711067414933977
  parcels_zones_retail_jobs: 0.0036988058657352672
  parcels_zones_transit_jobs_30min: 2.21687610619606e-05
  parcels_zones_transit_jobs_50min: -6.456703092088316e-06
  parcels_zones_z_total_jobs: 7.292631171654088e-05
  vacant_job_spaces: -0.0008851616711092943
  zone_mean_age_of_head: -2.3290386964562183e-16
  zones_acres: 0.0004894732455311339
  zones_empden: -0.0009320602102087626
  zones_employment: -9.32084832858928e-05
  zones_households: -0.0016864261604963215
  zones_logsum_job_high_income: -3.772642136389392e-07
  zones_logsum_job_low_income: 1.829044546069621e-07
  zones_logsum_pop_high_income: 5.546255793000663e-07
  zones_logsum_pop_low_income: -4.461830649219482e-07
  zones_mean_age_of_head: -0.002625148139572955
  zones_population: 0.0006595526377227023
  zones_retail_jobs: 0.001005627020994915
  zones_transit_jobs_30min: 2.0670944200392084e-05
  zones_transit_jobs_50min: -5.242415995311124e-06
  zones_z_total_jobs: 6.0565711466828425e-05
sample_size: 45
score: 0.9867873678668891
