fit_filters:
- non_residential_sqft > 0
- sqft_price_nonres > 1
- sqft_price_nonres < 650
- hedonic_id == 9923
model_expression:
  left_side: np.log1p(sqft_price_nonres)
model_type: Regression
name: RegressionModel
predict_filters: hedonic_id == 9923
ytransform: np.exp
coef:
  b_total_jobs: 0.0012766567510112867
  building_age: -0.0008227320474933238
  building_sqft: -6.714847028230674e-07
  crime_other_rate: 3.388317654231688e-05
  crime_ucr_rate: 0.0001402224271339696
  jobs_non_home_based: 4.956709352481796e-19
  jobs_within_30_min: 1.249210534305642e-07
  land_area: -2.9064855274094673e-06
  nodes_walk_ave_nonres_sqft_price: 0.0017957579276300349
  nodes_walk_housing_cost: -3.7252350637807655e-06
  nodes_walk_jobs: 2.833061880863529e-05
  nodes_walk_medical: 0.00034686296194078395
  nodes_walk_node_r1500_sqft: 4.450053743966285e-09
  nodes_walk_office: 0.00829593570203906
  nodes_walk_race_1_hhs: 0.0001338925691595544
  nodes_walk_race_2_hhs: -0.0005332337487343479
  nodes_walk_residential: 0.0008204113815024132
  nodes_walk_retail_jobs: 0.000317049323012314
  parcel_sqft: 1.1857194698474795e-06
  parcels_parcel_size: -1.4116233720374838e-06
  parcels_total_job_spaces: -0.0017089805335321335
  parcels_total_sqft: 9.01543532258249e-07
  parcels_zones_employment: -3.933290584499073e-05
  parcels_zones_jobs_within_30_min: -1.1992010754995157e-07
  parcels_zones_logsum_job_high_income: 7.612490327157694e-08
  parcels_zones_logsum_job_low_income: 1.0415403518445244e-07
  parcels_zones_logsum_pop_high_income: -4.020317857137205e-08
  parcels_zones_logsum_pop_low_income: -1.4321417129000676e-07
  parcels_zones_population: 1.1902137160094486e-05
  parcels_zones_retail_jobs: -4.59330729145503e-05
  parcels_zones_transit_jobs_30min: 6.262968804165667e-06
  parcels_zones_transit_jobs_50min: 5.621878448369505e-08
  parcels_zones_z_total_jobs: -2.007295037103043e-06
  residential_sqft: 4.844801184747449e-05
  sqft_per_unit: 0.0006424365026640471
  year_built: 0.002447533391818221
  zones_acres: -6.587682849894592e-06
  zones_employment: -3.609134193249085e-07
  zones_logsum_job_high_income: 5.113640690234943e-08
  zones_logsum_job_low_income: 1.0947443927284477e-07
  zones_logsum_pop_high_income: -3.6802183865297945e-08
  zones_logsum_pop_low_income: -1.2477181846202315e-07
  zones_population: 4.145900206738155e-06
  zones_transit_jobs_30min: 9.95308965595261e-07
  zones_z_total_jobs: -2.7752288525057447e-07
sample_size: 1850
score: 0.39823792914473766
