fit_filters:
- non_residential_sqft > 0
- sqft_price_nonres > 1
- sqft_price_nonres < 650
- hedonic_id == 9321
model_expression:
  left_side: np.log1p(sqft_price_nonres)
model_type: Regression
name: RegressionModel
predict_filters: hedonic_id == 9321
ytransform: np.exp
coef:
  Intercept: 1.9365609342063372
  b_total_jobs: 0.0009275216819620908
  building_age: -0.0009183164071056569
  building_sqft: -5.01078007042293e-06
  crime_other_rate: 4.643173779527074e-05
  crime_ucr_rate: 0.000514331663738462
  jobs_non_home_based: 1.0970493574159484e-16
  jobs_within_30_min: -2.1139756627547835e-06
  land_area: 1.4022849106436049e-06
  nodes_walk_ave_nonres_sqft_price: 0.000434875225922054
  nodes_walk_ave_unit_sqft: -1.2813781634828662e-05
  nodes_walk_housing_cost: 2.8994821651403067e-06
  nodes_walk_jobs: 0.00015716175267094766
  nodes_walk_medical: -0.00017873036730753543
  nodes_walk_node_r1500_sqft: -1.0483335404703498e-08
  nodes_walk_population: -7.82002524002279e-05
  nodes_walk_residential: -0.000581981319168281
  nodes_walk_retail: 0.009086998277968822
  nodes_walk_retail_jobs: 0.00017524285411056264
  parcel_sqft: -1.6579364758057367e-07
  parcels_ave_unit_size: -5.571945786106564e-05
  parcels_total_job_spaces: 0.0018413270098124458
  parcels_total_sqft: -4.788602028968813e-06
  parcels_zones_jobs_within_30_min: 5.4105671587454644e-08
  residential_sqft: 0.0005037735681058745
  vacant_job_spaces: -0.00014149620400477853
  year_built: 0.0004544379050266486
  zones_acres: 1.982376379428794e-05
  zones_employment: -6.56869176292749e-07
  zones_households: 0.00013254877794190734
  zones_logsum_job_high_income: -2.1701824600180883e-06
  zones_logsum_job_low_income: -6.05673102883423e-07
  zones_logsum_pop_high_income: 2.075681975447964e-06
  zones_logsum_pop_low_income: 1.224944678361595e-06
  zones_population: -5.294735476392712e-05
  zones_retail_jobs: 0.00020662230725105433
  zones_z_total_jobs: -1.839228240307796e-05
sample_size: 893
score: 0.40900740007336944
