fit_filters:
- non_residential_sqft > 0
- sqft_price_nonres > 1
- sqft_price_nonres < 650
- hedonic_id == 11561
model_expression:
  left_side: np.log1p(sqft_price_nonres)
model_type: Regression
name: RegressionModel
predict_filters: hedonic_id == 11561
ytransform: np.exp
coef:
  building_age: 0.0036633687201906894
  building_sqft: -0.00010721620561167989
  crime_other_rate: 5.839019870624889e-05
  crime_ucr_rate: -0.002535682414537063
  job_spaces: -3.526124149330381e-06
  jobs_within_30_min: -2.993200784780415e-06
  land_area: 8.440561838655106e-05
  nodes_walk_ave_nonres_sqft_price: 0.005204328610788721
  nodes_walk_ave_unit_sqft: 0.00015107849372285185
  nodes_walk_housing_cost: -5.672698196481317e-05
  nodes_walk_jobs: 0.0015935405391295213
  nodes_walk_medical: -0.0006964019098947167
  nodes_walk_node_r1500_sqft: 7.614137782843115e-09
  nodes_walk_office: 0.012261943644213576
  nodes_walk_population: -0.00712374683939683
  nodes_walk_residential: 0.017050973732481538
  nodes_walk_retail: 0.01689893621313686
  non_residential_units: -9.623686140415737e-17
  parcel_sqft: -2.158093140604466e-07
  parcels_ave_unit_size: 0.0023583835371242695
  parcels_landvalue: 3.949102911785848e-06
  parcels_total_job_spaces: -0.005935336192721287
  parcels_total_sqft: -1.2577363319793706e-05
  parcels_zones_employment: -0.0020981966532997395
  parcels_zones_households: 0.0033336657549179233
  parcels_zones_jobs_within_30_min: 6.606270333891689e-06
  parcels_zones_logsum_job_high_income: -4.352079164483028e-06
  parcels_zones_logsum_job_low_income: -2.30245287736145e-05
  parcels_zones_logsum_pop_high_income: -1.9277089615541474e-07
  parcels_zones_logsum_pop_low_income: 1.153231649342063e-05
  parcels_zones_population: -0.0008712665621841436
  parcels_zones_retail_jobs: 0.0011408717123487797
  parcels_zones_transit_jobs_30min: -0.0014769512191355884
  parcels_zones_transit_jobs_50min: 0.00016958848576451564
  year_built: -0.005474967769553649
  zones_acres: 8.944336751969872e-05
  zones_employment: -0.000483792249669547
  zones_households: 0.003162500833588798
  zones_logsum_job_high_income: -5.074289756465728e-06
  zones_logsum_job_low_income: -2.1069481418568826e-05
  zones_logsum_pop_high_income: 3.297965366148615e-06
  zones_logsum_pop_low_income: 1.3320668262082897e-05
  zones_population: -0.0009695500031166391
  zones_retail_jobs: 3.914929726959204e-06
  zones_transit_jobs_30min: -0.0010564845716882767
  zones_transit_jobs_50min: 0.00016954465974460174
  zones_z_total_jobs: -0.00016593441162185264
sample_size: 30
score: 0.958668121685198
