fit_filters:
- non_residential_sqft > 0
- sqft_price_nonres > 1
- sqft_price_nonres < 650
- hedonic_id == 11521
model_expression:
  left_side: np.log1p(sqft_price_nonres)
model_type: Regression
name: RegressionModel
predict_filters: hedonic_id == 11521
ytransform: np.exp
coef:
  b_total_jobs: 0.0029853338026561245
  building_age: -0.00018554385970548636
  building_sqft: -9.617858541884144e-06
  crime_other_rate: 0.00020315256072103623
  crime_ucr_rate: -0.0005061904546981773
  jobs_non_home_based: 4.81265146843442e-18
  jobs_within_30_min: 1.7126231103581386e-06
  land_area: 7.031253348061971e-06
  nodes_walk_ave_nonres_sqft_price: 0.0013408801235238698
  nodes_walk_housing_cost: -3.3177192060081895e-08
  nodes_walk_industrial: 0.002263892079678826
  nodes_walk_jobs: -6.97529046719744e-05
  nodes_walk_medical: 0.00026136237771264513
  nodes_walk_midinc_hhs: -0.00030699272770821223
  nodes_walk_node_r1500_sqft: 7.763452598999753e-09
  nodes_walk_office: 0.0002875550150893116
  nodes_walk_population: 0.0002767668926033153
  nodes_walk_retail: 0.012922109141769047
  nodes_walk_retail_jobs: 0.0011487634630690923
  parcel_sqft: -2.823397871210981e-10
  parcels_ave_unit_size: -1.9025588103307547e-05
  parcels_total_sqft: -1.7825779714114064e-06
  parcels_zones_employment: 8.483426269066876e-05
  parcels_zones_households: 3.3425313490851123e-06
  parcels_zones_jobs_within_30_min: 1.3763149684935522e-07
  parcels_zones_logsum_job_high_income: 1.187852660248912e-06
  parcels_zones_logsum_job_low_income: -7.070984983566689e-06
  parcels_zones_logsum_pop_high_income: -1.4443064281396278e-06
  parcels_zones_logsum_pop_low_income: 4.055044793076897e-06
  parcels_zones_population: -1.1249089371543876e-06
  parcels_zones_retail_jobs: -0.00011825907419176433
  parcels_zones_transit_jobs_30min: -4.034473487105751e-05
  parcels_zones_transit_jobs_50min: -3.039938312709548e-06
  parcels_zones_z_total_jobs: 1.388256922100184e-05
  residential_sqft: 0.00025060970452067194
  sqft_per_unit: 0.00016483943186365853
  year_built: 0.0016135969331591488
  zones_acres: -8.484864913688457e-06
  zones_employment: 1.993367251550791e-05
  zones_households: 3.7199709615939424e-06
  zones_logsum_job_high_income: 1.1895981696708262e-06
  zones_logsum_job_low_income: -7.001182225602973e-06
  zones_logsum_pop_high_income: -8.042219945790058e-07
  zones_logsum_pop_low_income: 4.095278399160704e-06
  zones_population: -2.1458392749119428e-05
  zones_retail_jobs: -5.9953398020031215e-06
  zones_transit_jobs_30min: -3.674574717444429e-05
  zones_transit_jobs_50min: -2.606046466776876e-06
  zones_z_total_jobs: 1.662146538228554e-05
sample_size: 721
score: 0.39108049271588574
