fit_filters:
- non_residential_sqft > 0
- sqft_price_nonres > 1
- sqft_price_nonres < 650
- hedonic_id == 63
model_expression:
  left_side: np.log1p(sqft_price_nonres)
model_type: Regression
name: RegressionModel
predict_filters: hedonic_id == 63
ytransform: np.exp
coef:
  building_age: -1.1096995672125523e-05
  building_sqft: 8.089714057894226e-07
  crime_other_rate: 5.308159947900489e-05
  crime_ucr_rate: 0.0002847100879815421
  jobs_within_30_min: 5.415044939948251e-07
  land_area: 5.047970028070238e-07
  nodes_walk_ave_nonres_sqft_price: 0.01396473779846839
  nodes_walk_ave_unit_sqft: 1.3093596025103363e-05
  nodes_walk_hhs_with_children: 0.0003499604795947664
  nodes_walk_housing_cost: -2.2031810765556954e-06
  nodes_walk_industrial: 0.0021829336303275057
  nodes_walk_jobs: 3.3049748360709056e-05
  nodes_walk_lowinc_hhs: 2.692132794544202e-05
  nodes_walk_medical: -0.0008296658339731876
  nodes_walk_midinc_hhs: -0.0007678646152987273
  nodes_walk_node_r1500_sqft: -7.394475856173035e-09
  nodes_walk_office: -0.0005916147617813764
  nodes_walk_population: 0.00040903408612923386
  nodes_walk_race_1_hhs: -0.0004921660701376655
  nodes_walk_retail: -0.002345005123523839
  nodes_walk_retail_jobs: -0.00022684983508579793
  parcel_sqft: 1.7780396857526217e-07
  parcels_ave_unit_size: 9.092090304689343e-07
  parcels_parcel_size: -5.570141340357914e-07
  parcels_pct_undev: -0.005706821203244897
  parcels_pptytax: 0.0015264181917044898
  parcels_total_job_spaces: 0.000968292477835474
  parcels_total_sqft: -3.6357379969560643e-06
  parcels_zones_households: 0.0004622994437233004
  parcels_zones_jobs_within_30_min: -5.756519021332154e-08
  parcels_zones_logsum_job_high_income: 8.283816601181932e-08
  parcels_zones_logsum_job_low_income: -5.230686187269499e-09
  parcels_zones_logsum_pop_high_income: -1.5696931152490118e-07
  parcels_zones_logsum_pop_low_income: -1.9568947832997708e-07
  parcels_zones_population: -0.00017319008025726772
  parcels_zones_retail_jobs: 5.5191367089699317e-05
  parcels_zones_transit_jobs_30min: 3.3149108144708557e-06
  parcels_zones_transit_jobs_50min: 5.503368127787235e-07
  parcels_zones_z_total_jobs: 1.852176716659945e-05
  residential_sqft: -0.00013423191333444885
  school_district_achievement: 0.008761875131497019
  sqft_per_unit: 0.0010599407016636307
  vacant_job_spaces: -0.000860985660097721
  year_built: 0.004819451802156109
  zones_acres: 4.294665784492733e-06
  zones_employment: 3.747102127702501e-07
  zones_households: 0.00035852088745800566
  zones_logsum_job_high_income: -3.519654383549768e-08
  zones_logsum_job_low_income: 4.953154298464376e-09
  zones_logsum_pop_high_income: 1.599322957444497e-08
  zones_logsum_pop_low_income: -5.497234598642415e-08
  zones_population: -0.00016115684766079542
  zones_retail_jobs: 8.895047696786801e-05
  zones_transit_jobs_30min: 1.3812663028097995e-06
  zones_transit_jobs_50min: 2.3087009341161799e-07
sample_size: 1475
score: 0.6924177468141511
