fit_filters:
- non_residential_sqft > 0
- sqft_price_nonres > 1
- sqft_price_nonres < 650
- hedonic_id == 11531
model_expression:
  left_side: np.log1p(sqft_price_nonres)
model_type: Regression
name: RegressionModel
predict_filters: hedonic_id == 11531
ytransform: np.exp
coef:
  building_sqft: 1.5356035104998708e-06
  crime_other_rate: -0.00019836244891749128
  crime_ucr_rate: -4.5947728373299174e-05
  job_spaces: 0.0021131533700610265
  jobs_within_30_min: -1.5718448997334245e-06
  land_area: -3.832223899690265e-06
  nodes_walk_ave_nonres_sqft_price: -0.005875147771113805
  nodes_walk_ave_unit_sqft: 3.9589295034480865e-05
  nodes_walk_households: -0.00018870995336955576
  nodes_walk_housing_cost: -4.3917752771102e-06
  nodes_walk_industrial: 0.019483077817395278
  nodes_walk_jobs: 0.0007743073984705183
  nodes_walk_node_r1500_sqft: -3.5688867927547105e-08
  nodes_walk_race_2_hhs: -0.01054382790631326
  nodes_walk_retail: 0.00020445462125999065
  non_residential_units: 1.921471311833494e-16
  parcel_sqft: 2.482617977962801e-07
  parcels_ave_unit_size: 5.763575868309391e-05
  parcels_total_sqft: -4.8693157235769434e-06
  parcels_zones_employment: -3.946554264899182e-07
  parcels_zones_households: -0.0003672643952321821
  parcels_zones_jobs_within_30_min: 1.95889658297777e-06
  parcels_zones_logsum_job_high_income: -5.83616653876897e-06
  parcels_zones_logsum_job_low_income: 8.823664131936335e-06
  parcels_zones_logsum_pop_high_income: 4.012751012113954e-06
  parcels_zones_logsum_pop_low_income: -4.956573592386043e-06
  parcels_zones_population: 0.00018300829747166445
  parcels_zones_transit_jobs_30min: 8.328694294511533e-05
  parcels_zones_transit_jobs_50min: 2.7169622914829883e-05
  parcels_zones_z_total_jobs: -2.7398877747143517e-06
  vacant_job_spaces: 0.0014493025195674652
  zones_acres: 2.2185285886098488e-05
  zones_households: -0.00021992164769253308
  zones_logsum_job_high_income: -5.67171356595475e-06
  zones_logsum_job_low_income: 8.27327044962539e-06
  zones_logsum_pop_high_income: 3.343104403279273e-06
  zones_logsum_pop_low_income: -5.33450859539804e-06
  zones_population: 0.00018990517746882737
  zones_transit_jobs_30min: 3.5022880982354557e-05
  zones_transit_jobs_50min: 1.854873893857991e-05
  zones_z_total_jobs: -1.351844140059357e-06
sample_size: 125
score: 0.4957908391925716
