fit_filters:
- non_residential_sqft > 0
- sqft_price_nonres > 1
- sqft_price_nonres < 650
- hedonic_id == 9931
model_type: regression
name: RegressionModel
predict_filters: hedonic_id == 9931
target_variable: np.log1p(sqft_price_nonres)
ytransform: np.exp
fit_parameters:
  Coefficient:
    Intercept: -2.7421882595440197
    b_total_jobs: 0.0003303541383305922
    building_sqft: 6.903740073792917e-08
    crime_other_rate: 1.6020328572255245e-05
    crime_ucr_rate: 1.6535765433244053e-05
    jobs_within_30_min: -5.4372046494603357e-08
    land_area: 2.5444087210038397e-07
    nodes_walk_ave_unit_sqft: -0.00011762705442452805
    nodes_walk_housing_cost: 1.8039571161841654e-06
    nodes_walk_industrial: 0.02028046587115063
    nodes_walk_jobs: 0.00010400179486198295
    nodes_walk_node_r1500_sqft: 4.149026757622033e-09
    nodes_walk_population: -4.005493123661923e-06
    nodes_walk_retail_jobs: -0.00021074973391363436
    parcel_sqft: 4.782197025205289e-08
    parcels_ave_unit_size: -5.353943051274656e-06
    parcels_parcel_size: -7.471369812014995e-08
    parcels_total_job_spaces: -4.9944113513611144e-05
    parcels_total_sqft: -2.7478087617919334e-07
    parcels_zones_jobs_within_30_min: -7.796015634843975e-08
    vacant_job_spaces: -0.0007041124236707452
    year_built: 0.002905210365640504
    zones_acres: -4.780263165795001e-05
    zones_logsum_job_high_income: 1.0993740227434799e-07
    zones_logsum_job_low_income: 1.0971517646075868e-07
    zones_logsum_job_mid_income: 3.6967223071852146e-09
    zones_logsum_pop_high_income: -1.666083679357814e-07
    zones_logsum_pop_low_income: -1.3482295782163357e-07
    zones_logsum_pop_mid_income: 4.8517494872851334e-08
    zones_population: 1.6727179195817464e-05
    zones_retail_jobs: -6.118812574941763e-05
    zones_transit_jobs_30min: -1.1928589063590417e-06
    zones_transit_jobs_50min: 9.96910292565024e-07
    zones_z_total_jobs: 4.452950923856693e-06
fit_rsquared: 0.5052617673434032
fitted: true
sample_size: 3237
