fit_filters:
- non_residential_sqft > 0
- sqft_price_nonres > 1
- sqft_price_nonres < 650
- hedonic_id == 14
model_expression:
  left_side: np.log1p(sqft_price_nonres)
model_type: Regression
name: RegressionModel
predict_filters: hedonic_id == 14
ytransform: np.exp
coef:
  b_total_jobs: 0.0007087188110494421
  building_age: -0.0005038694179037635
  building_sqft: -6.802949271836129e-05
  crime_other_rate: 0.00028357955892378074
  crime_ucr_rate: -8.668666690611772e-05
  jobs_non_home_based: 1.322000180156581e-16
  jobs_within_30_min: -1.0641608950507301e-06
  land_area: 7.255370890195092e-05
  large_area_id: -0.00016357280787471408
  nodes_walk_ave_unit_sqft: 0.0001504524763026361
  nodes_walk_housing_cost: 6.992242631648343e-06
  nodes_walk_jobs: 0.0003646845387966649
  nodes_walk_lowinc_hhs: -0.005380908396853161
  nodes_walk_medical: 0.0019847141573776776
  nodes_walk_midinc_hhs: 0.0019098837291129701
  nodes_walk_node_r1500_sqft: -6.235341626109007e-08
  nodes_walk_office: -0.0013704332870888107
  nodes_walk_population: 0.0013125988368867588
  nodes_walk_race_1_hhs: -0.0019022020097609683
  nodes_walk_race_2_hhs: 0.00046808962313881766
  nodes_walk_race_3_hhs: 0.009348989079150178
  nodes_walk_race_4_hhs: -0.01148426356334025
  nodes_walk_retail: 0.0019731943657108706
  nodes_walk_retail_jobs: -0.0013989101735308678
  parcel_sqft: 1.0906138404382815e-07
  parcels_ave_unit_size: 0.00023271027800214383
  parcels_pptytax: -0.008330697059391679
  parcels_total_sqft: -5.23981470034156e-06
  parcels_zones_empden: -0.007137838596093012
  parcels_zones_employment: 6.019457447289786e-05
  parcels_zones_households: 0.0002494744511180063
  parcels_zones_jobs_within_30_min: -2.8335924044881704e-07
  parcels_zones_logsum_job_high_income: -2.206965239903609e-07
  parcels_zones_logsum_job_low_income: -1.484320282642304e-07
  parcels_zones_logsum_pop_high_income: 9.171857333079528e-07
  parcels_zones_logsum_pop_low_income: 1.715716477725388e-08
  parcels_zones_mean_age_of_head: 0.0037390045555536437
  parcels_zones_population: -0.00017959724748789325
  parcels_zones_retail_jobs: 8.474637488420447e-05
  parcels_zones_transit_jobs_30min: -1.4381714321442383e-05
  parcels_zones_transit_jobs_50min: 2.67035028272619e-06
  vacant_job_spaces: -0.005795552757253049
  year_built: 0.0003438834953763913
  zones_acres: 0.0003107742168522141
  zones_empden: -0.0023348794209678207
  zones_households: 0.0002977975552127096
  zones_logsum_job_high_income: -2.461743165149331e-07
  zones_logsum_job_low_income: -1.218342773982143e-07
  zones_logsum_pop_high_income: 4.951196851426043e-07
  zones_logsum_pop_low_income: 9.782631989487781e-08
  zones_mean_age_of_head: 0.005831114731290031
  zones_population: -0.00017232802157552904
  zones_retail_jobs: 8.36253106789986e-06
  zones_transit_jobs_30min: -4.001432025970645e-06
  zones_transit_jobs_50min: 3.7841973866340878e-06
sample_size: 92
score: 0.7283422084312552
