fit_filters:
- non_residential_sqft > 0
- sqft_price_nonres > 1
- sqft_price_nonres < 650
- hedonic_id == 9333
model_expression:
  left_side: np.log1p(sqft_price_nonres)
model_type: Regression
name: RegressionModel
predict_filters: hedonic_id == 9333
ytransform: np.exp
coef:
  b_total_jobs: 0.002675178904046798
  building_age: -3.0802253317139015e-05
  building_sqft: -2.9383767510437644e-05
  crime_other_rate: 0.0002614019367602736
  crime_ucr_rate: -0.0006384290817812039
  jobs_non_home_based: 4.58985722507576e-17
  jobs_within_30_min: 2.0734622266783566e-06
  land_area: 2.4152444617155703e-05
  nodes_walk_ave_nonres_sqft_price: 0.004768220228573004
  nodes_walk_ave_unit_sqft: -1.3234127671688652e-05
  nodes_walk_housing_cost: 4.929343519256113e-07
  nodes_walk_industrial: 0.0015795044237871315
  nodes_walk_jobs: 0.00029552169338022713
  nodes_walk_medical: 0.0002128187250995546
  nodes_walk_node_r1500_sqft: -2.0962516860530902e-08
  nodes_walk_office: -0.0020648585946646063
  nodes_walk_population: -0.00033126901747302707
  nodes_walk_residential: 0.00048707371112395055
  nodes_walk_retail: -0.0008356460194586899
  nodes_walk_retail_jobs: 0.0011260838098375813
  parcel_sqft: 6.969559697628849e-07
  parcels_landvalue: 3.243098006811962e-07
  parcels_total_sqft: -7.007483933047741e-06
  parcels_zones_employment: 6.183025303175398e-05
  parcels_zones_households: -0.0001526776556754094
  parcels_zones_jobs_within_30_min: 3.375719418518852e-08
  parcels_zones_logsum_job_high_income: 2.0360260669876544e-06
  parcels_zones_logsum_job_low_income: -9.084640367320775e-06
  parcels_zones_logsum_pop_high_income: -1.1296981407056636e-06
  parcels_zones_logsum_pop_low_income: 3.3552125228164995e-06
  parcels_zones_population: 6.704625666333882e-05
  parcels_zones_retail_jobs: -0.0003771532906879786
  parcels_zones_z_total_jobs: 7.48539147995625e-05
  year_built: 0.004163567762029093
  zones_acres: 3.282215225336492e-05
  zones_employment: 3.5942978342027186e-05
  zones_households: -0.00024645662422803253
  zones_logsum_job_high_income: 2.0528460498561743e-06
  zones_logsum_job_low_income: -9.158158065118128e-06
  zones_logsum_pop_high_income: -5.707832551428837e-07
  zones_logsum_pop_low_income: 3.3456937982425286e-06
  zones_population: 6.357855100379693e-05
  zones_retail_jobs: -0.0002144073345783312
  zones_z_total_jobs: 3.4547548528557306e-05
sample_size: 89
score: 0.48652776400953446
