fit_filters:
- non_residential_sqft > 0
- sqft_price_nonres > 1
- sqft_price_nonres < 650
- hedonic_id == 16141
model_expression:
  left_side: np.log1p(sqft_price_nonres)
model_type: Regression
name: RegressionModel
predict_filters: hedonic_id == 16141
ytransform: np.exp
coef:
  building_sqft: 1.0277194785912618e-05
  crime_other_rate: 0.0005132366523636706
  crime_ucr_rate: 0.0014706389175592562
  jobs_within_30_min: 1.689833875001024e-05
  land_area: 1.4640723114201859e-06
  nodes_walk_ave_nonres_sqft_price: 0.0134700551244413
  nodes_walk_ave_unit_sqft: 0.00013742300008711604
  nodes_walk_housing_cost: -8.74710815458732e-06
  nodes_walk_industrial: -0.002923617944050924
  nodes_walk_jobs: -1.0645310839175685e-05
  nodes_walk_medical: 0.003576387380062134
  nodes_walk_node_r1500_sqft: 7.975580382067606e-08
  nodes_walk_office: 0.011446378905323143
  nodes_walk_population: 0.002656089930288483
  nodes_walk_race_1_hhs: -0.004121700255749216
  nodes_walk_retail: -0.003734023356419963
  nodes_walk_retail_jobs: -0.006010900364579371
  parcel_sqft: -5.807324903419896e-08
  parcels_ave_unit_size: 0.0005553817567138308
  parcels_landvalue: 2.031331567108244e-06
  parcels_total_sqft: -8.203081795822414e-06
  parcels_zones_employment: 0.00012519319475728523
  parcels_zones_households: 0.00102367491137345
  parcels_zones_jobs_within_30_min: -3.105958512530583e-06
  parcels_zones_logsum_job_high_income: -1.9131006266469785e-06
  parcels_zones_logsum_job_low_income: 1.0768398534783738e-06
  parcels_zones_logsum_pop_high_income: -5.365025585385767e-06
  parcels_zones_logsum_pop_low_income: -1.4432019699410177e-06
  parcels_zones_population: 0.00010825560367496182
  parcels_zones_retail_jobs: 0.003014277734255588
  parcels_zones_transit_jobs_30min: 1.159972513936804e-05
  parcels_zones_transit_jobs_50min: -1.8241100702199875e-05
  parcels_zones_z_total_jobs: 0.00011457017868450978
  year_built: -0.004402726877809415
  zones_acres: 0.00016143678717443392
  zones_employment: 0.00011502238261329319
  zones_households: 4.268836439216493e-05
  zones_logsum_job_high_income: -2.6973939387137934e-06
  zones_logsum_job_low_income: 1.1006316085589744e-06
  zones_logsum_pop_high_income: 1.889397667152347e-06
  zones_logsum_pop_low_income: -6.116843221629231e-07
  zones_population: -0.0006367031027763362
  zones_transit_jobs_30min: -4.172383355931997e-06
  zones_transit_jobs_50min: -9.981679865655762e-06
sample_size: 37
score: 0.9797379499472947
