fit_filters:
- non_residential_sqft > 0
- sqft_price_nonres > 1
- sqft_price_nonres < 650
- hedonic_id == 9351
model_expression:
  left_side: np.log1p(sqft_price_nonres)
model_type: Regression
name: RegressionModel
predict_filters: hedonic_id == 9351
ytransform: np.exp
coef:
  Intercept: 0.8860806892523287
  b_total_jobs: -0.0003703846196603535
  building_age: -0.00013707023563840152
  building_sqft: 8.160166493034748e-06
  crime_other_rate: 8.901579778044879e-07
  jobs_non_home_based: -7.376399725343621e-17
  jobs_within_30_min: 1.4725215229743109e-06
  land_area: 5.999688940758985e-06
  nodes_walk_ave_nonres_sqft_price: -0.0006392967656284017
  nodes_walk_housing_cost: 7.156424704170397e-07
  nodes_walk_jobs: 6.086942846106037e-05
  nodes_walk_lowinc_hhs: 0.0004350943739388154
  nodes_walk_medical: 0.006338054397925373
  nodes_walk_node_r1500_sqft: -1.5090745226505697e-08
  nodes_walk_population: -0.00018835355385375186
  nodes_walk_retail: -0.0003583357872548555
  nodes_walk_retail_jobs: 0.00015598845855078913
  parcel_sqft: 3.8599301009175573e-07
  parcels_ave_unit_size: -8.406098859954647e-05
  parcels_total_sqft: -1.4627587115672484e-05
  parcels_zones_employment: 6.672394009702515e-05
  parcels_zones_households: 8.658127555495332e-05
  parcels_zones_jobs_within_30_min: 1.3214111840463574e-06
  parcels_zones_logsum_job_high_income: -1.5817271659212424e-06
  parcels_zones_logsum_job_low_income: -1.9801308227703817e-06
  parcels_zones_logsum_pop_high_income: -5.821281540395237e-07
  parcels_zones_logsum_pop_low_income: 3.648166910212135e-06
  parcels_zones_population: -1.5009497260769272e-05
  parcels_zones_retail_jobs: -0.00018984005873044288
  parcels_zones_z_total_jobs: 2.57688456840729e-05
  year_built: 0.0019526196596400273
  zones_acres: -1.552586435615457e-05
  zones_employment: 5.8775553880774805e-08
  zones_households: 5.14126067099313e-05
  zones_logsum_job_high_income: -1.525050258020956e-06
  zones_logsum_job_low_income: -2.1698168803656487e-06
  zones_logsum_pop_high_income: 3.4351950931618174e-07
  zones_logsum_pop_low_income: 3.616191659294411e-06
  zones_population: -6.993697336599576e-06
  zones_z_total_jobs: 3.918975303564245e-06
sample_size: 89
score: 0.7866190425375976
