fit_filters:
- non_residential_sqft > 0
- sqft_price_nonres > 1
- sqft_price_nonres < 650
- hedonic_id == 523
model_type: regression
name: RegressionModel
predict_filters: hedonic_id == 523
target_variable: np.log1p(sqft_price_nonres)
ytransform: np.exp
fit_parameters:
  Coefficient:
    Intercept: -19.941052206175222
    building_age: -0.001133185419900458
    building_sqft: 3.3889823527270067e-06
    crime_other_rate: 7.68148684924639e-06
    crime_ucr_rate: -7.481261587880545e-05
    job_spaces: -0.000738439082253507
    jobs_within_30_min: -5.590559414483147e-09
    land_area: -8.704515501290736e-06
    nodes_walk_ave_nonres_sqft_price: 0.005468310101532382
    nodes_walk_ave_unit_sqft: 1.772259067514609e-06
    nodes_walk_highinc_hhs: -0.0007085902430082045
    nodes_walk_households: -0.00018288418845808913
    nodes_walk_housing_cost: -6.094152439698443e-07
    nodes_walk_jobs: -1.1238800889515963e-05
    nodes_walk_medical: 0.0015952674406884695
    nodes_walk_node_r1500_sqft: -1.2839007687858033e-08
    nodes_walk_office: 0.013898647906438622
    nodes_walk_population: 0.00019499599742705512
    nodes_walk_race_1_hhs: -0.0002630461324719509
    nodes_walk_retail: -0.001829734973365282
    nodes_walk_retail_jobs: 0.0004233384850476709
    non_residential_units: -2.449648155557997e-17
    parcel_sqft: 5.817184865080252e-07
    parcels_ave_unit_size: 5.7806737966970324e-05
    parcels_parcel_size: -1.7943393465759461e-06
    parcels_pct_undev: -0.0006508786075365336
    parcels_total_job_spaces: 0.0001980004151134552
    parcels_total_sqft: -3.5650938505637327e-07
    parcels_zones_jobs_within_30_min: -3.816876224541082e-08
    residential_sqft: 2.5952600742799668e-05
    sqft_per_unit: 4.194815073294874e-05
    vacant_job_spaces: -0.0011331869643817418
    year_built: 0.011733612151909085
    zones_acres: 0.00022255896195977462
    zones_empden: -0.00036198060371022724
    zones_logsum_job_high_income: 1.8789527540720373e-07
    zones_logsum_job_low_income: 7.598111332032995e-09
    zones_logsum_job_mid_income: -2.430219363147741e-10
    zones_logsum_pop_high_income: -2.439984210596296e-07
    zones_logsum_pop_low_income: -2.5077338200022928e-08
    zones_logsum_pop_mid_income: 3.464612059514324e-09
    zones_population: 3.7486464517093647e-06
    zones_retail_jobs: -0.0002564900960534596
    zones_transit_jobs_30min: 6.401685242405346e-06
    zones_transit_jobs_50min: -1.3936258018360597e-07
    zones_z_total_jobs: 1.4202448882535314e-05
  Std. Error: {}
  T-Score: {}
fit_rsquared: 0.39085449531319616
fit_rsquared_adj: 0.39085449531319616
fitted: true
model_expression:
  left_side: np.log1p(sqft_price_nonres)
  right_side:
  - year_built
  - sqft_per_unit
  - land_area
  - residential_sqft
  - building_sqft
  - job_spaces
  - non_residential_units
  - jobs_within_30_min
  - vacant_job_spaces
  - parcel_sqft
  - crime_ucr_rate
  - crime_other_rate
  - building_age
  - parcels_pct_undev
  - parcels_parcel_size
  - parcels_ave_unit_size
  - parcels_total_job_spaces
  - parcels_total_sqft
  - parcels_zones_jobs_within_30_min
  - zones_acres
  - zones_population
  - zones_retail_jobs
  - zones_empden
  - zones_logsum_pop_high_income
  - zones_logsum_pop_mid_income
  - zones_logsum_pop_low_income
  - zones_logsum_job_high_income
  - zones_logsum_job_mid_income
  - zones_logsum_job_low_income
  - zones_z_total_jobs
  - zones_transit_jobs_50min
  - zones_transit_jobs_30min
  - nodes_walk_population
  - nodes_walk_households
  - nodes_walk_highinc_hhs
  - nodes_walk_race_1_hhs
  - nodes_walk_jobs
  - nodes_walk_retail_jobs
  - nodes_walk_node_r1500_sqft
  - nodes_walk_ave_nonres_sqft_price
  - nodes_walk_retail
  - nodes_walk_office
  - nodes_walk_medical
  - nodes_walk_ave_unit_sqft
  - nodes_walk_housing_cost
sample_size: 1678
