fit_filters:
- non_residential_sqft > 0
- sqft_price_nonres > 1
- sqft_price_nonres < 650
- hedonic_id == 71
model_expression:
  left_side: np.log1p(sqft_price_nonres)
model_type: Regression
name: RegressionModel
predict_filters: hedonic_id == 71
ytransform: np.exp
coef:
  b_total_jobs: 0.0013518089226832156
  building_age: -9.249417787215189e-05
  building_sqft: 2.511060473506537e-06
  crime_other_rate: 3.5255671531683254e-05
  crime_ucr_rate: -0.00017048535483383292
  jobs_non_home_based: 1.1695716348628774e-16
  jobs_within_30_min: -6.961570916138923e-07
  land_area: -4.376133242258178e-06
  nodes_walk_ave_nonres_sqft_price: 0.019693835746087605
  nodes_walk_ave_unit_sqft: 4.2027381175093934e-06
  nodes_walk_housing_cost: 1.2443389068687108e-06
  nodes_walk_jobs: 8.172240239269268e-05
  nodes_walk_medical: -0.0028789456275184508
  nodes_walk_node_r1500_sqft: -7.458170125468381e-09
  nodes_walk_office: -0.0016722592076787624
  nodes_walk_population: -4.253869107836077e-05
  nodes_walk_retail: -0.0053880393218556045
  nodes_walk_retail_jobs: 0.0007801543012491621
  parcel_sqft: -1.3464218891222055e-08
  parcels_ave_unit_size: 1.828319897644635e-05
  parcels_parcel_size: 3.6983393978228766e-08
  parcels_pct_undev: 0.0018926644220175182
  parcels_total_sqft: -4.312903251422241e-06
  parcels_zones_employment: 1.3554398624319711e-05
  parcels_zones_households: -0.00010221335819104729
  parcels_zones_jobs_within_30_min: -7.419016067088382e-08
  parcels_zones_logsum_job_high_income: -2.595457858505126e-07
  parcels_zones_logsum_job_low_income: 2.909303731297278e-07
  parcels_zones_logsum_pop_high_income: 3.78073289361015e-07
  parcels_zones_logsum_pop_low_income: -2.535869558967681e-08
  parcels_zones_population: 3.050389994271812e-05
  parcels_zones_retail_jobs: 0.00017251490750705095
  parcels_zones_transit_jobs_30min: 4.8332098365797494e-06
  residential_sqft: 2.6872793814891552e-05
  school_district_achievement: 0.00220537983545324
  sqft_per_unit: 0.0004536699006515702
  year_built: 0.0015427980365200799
  zones_acres: -8.753065027965288e-06
  zones_households: -5.141410964979061e-05
  zones_logsum_job_high_income: -2.3246794494483783e-07
  zones_logsum_job_low_income: 2.852886385029223e-07
  zones_logsum_pop_high_income: 2.928487745190442e-07
  zones_logsum_pop_low_income: -3.6620557412456e-07
  zones_population: 3.530365678847356e-05
  zones_transit_jobs_30min: 1.5554673365114987e-05
sample_size: 2065
score: 0.5939388516234185
