fit_filters:
- non_residential_sqft > 0
- sqft_price_nonres > 1
- sqft_price_nonres < 650
- hedonic_id == 13
model_expression:
  left_side: np.log1p(sqft_price_nonres)
model_type: Regression
name: RegressionModel
predict_filters: hedonic_id == 13
ytransform: np.exp
coef:
  Intercept: -8.032702294897673
  b_total_jobs: 0.0006498322362213028
  building_sqft: 4.6230024231058535e-05
  crime_other_rate: 2.6786971816192132e-05
  crime_ucr_rate: -0.0002441095635794129
  jobs_non_home_based: 1.4765562072692297e-16
  jobs_within_30_min: -6.020230501040428e-07
  land_area: -4.0073848745189914e-05
  nodes_walk_ave_nonres_sqft_price: 0.00028810978280573586
  nodes_walk_ave_unit_sqft: 2.4690243168860267e-05
  nodes_walk_hhs_with_children: 0.004055516815574503
  nodes_walk_highinc_hhs: 0.00029107610559157723
  nodes_walk_housing_cost: 1.8384824873611568e-06
  nodes_walk_industrial: 0.0016194996464087236
  nodes_walk_jobs: 8.283296181238498e-05
  nodes_walk_lowinc_hhs: -0.0011588037668787533
  nodes_walk_medical: -0.00046358758391351526
  nodes_walk_midinc_hhs: 0.00038974114871587255
  nodes_walk_node_r1500_sqft: -4.5034164654049776e-08
  nodes_walk_office: 0.0002372531176715799
  nodes_walk_population: -0.0002624051153490771
  nodes_walk_race_2_hhs: 0.0004479495279080457
  nodes_walk_race_3_hhs: 0.0007422283109226217
  nodes_walk_race_4_hhs: -0.0009883075867343793
  nodes_walk_residential: 0.002559943898503633
  nodes_walk_retail: 0.001009915351965834
  parcel_sqft: 4.6705798604088824e-07
  parcels_pptytax: -0.0014143081374147243
  parcels_total_job_spaces: 0.00747014932528896
  parcels_total_sqft: -4.674092739385439e-05
  parcels_zones_employment: 5.193720291874595e-05
  parcels_zones_households: -0.00015463244618340148
  parcels_zones_jobs_within_30_min: 2.945736478327688e-07
  parcels_zones_logsum_job_high_income: -3.588767697374429e-07
  parcels_zones_logsum_job_low_income: -7.668414007715942e-09
  parcels_zones_logsum_pop_high_income: 4.855324675684623e-07
  parcels_zones_logsum_pop_low_income: -1.2851867985438017e-08
  parcels_zones_population: 5.9900535402205534e-05
  parcels_zones_transit_jobs_30min: 3.155821456971143e-06
  parcels_zones_transit_jobs_50min: -5.804538067412237e-07
  parcels_zones_z_total_jobs: 2.200131397207275e-05
  residential_sqft: 1.8575756653412216e-05
  sqft_per_unit: 9.925450081964703e-05
  year_built: 0.0056884189223005265
  zones_acres: 3.866481691764342e-05
  zones_employment: 8.459373222000886e-06
  zones_households: -0.00020631026664251766
  zones_logsum_job_high_income: -3.58252076134588e-07
  zones_logsum_job_low_income: -8.09281876100361e-09
  zones_logsum_pop_high_income: 4.712689825802701e-07
  zones_logsum_pop_low_income: -6.9667372496284696e-09
  zones_population: 5.489656189701271e-05
  zones_transit_jobs_30min: 2.030569841847182e-06
  zones_transit_jobs_50min: -6.043445372139828e-07
sample_size: 536
score: 0.4407641811647297
