fit_filters:
- non_residential_sqft > 0
- sqft_price_nonres > 1
- sqft_price_nonres < 650
- hedonic_id == 9365
model_expression:
  left_side: np.log1p(sqft_price_nonres)
model_type: Regression
name: RegressionModel
predict_filters: hedonic_id == 9365
ytransform: np.exp
coef:
  Intercept: -2.902864270904966
  building_age: -0.00014296905005006642
  building_sqft: 9.892894250201129e-06
  crime_other_rate: 3.231408970534202e-06
  crime_ucr_rate: -0.0002592905331350644
  jobs_within_30_min: -4.400715961770818e-07
  land_area: -8.520370151902545e-06
  nodes_walk_ave_nonres_sqft_price: 0.005326399174510464
  nodes_walk_ave_unit_sqft: -1.4043882238677178e-05
  nodes_walk_housing_cost: 2.6195183355754706e-06
  nodes_walk_jobs: 7.695437502388353e-05
  nodes_walk_node_r1500_sqft: 1.4146247944247292e-08
  nodes_walk_office: 0.0007080731276158742
  nodes_walk_population: -0.0002446057389535785
  nodes_walk_residential: -0.00133307238533221
  nodes_walk_retail_jobs: 0.0004891387303357613
  parcel_sqft: -5.823070223177593e-08
  parcels_ave_unit_size: -0.0002281544715870633
  parcels_total_job_spaces: 0.0010965537146764683
  parcels_total_sqft: -2.600858509198332e-05
  parcels_zones_jobs_within_30_min: -2.3565594843271342e-07
  year_built: 0.003573372803787245
  zones_acres: -4.2800426035555735e-05
  zones_households: 0.0006451210596626476
  zones_logsum_job_high_income: -7.131969132627989e-07
  zones_logsum_job_low_income: -3.2377857847204484e-06
  zones_logsum_pop_high_income: 2.2491004067041997e-06
  zones_logsum_pop_low_income: -3.972163176480395e-06
  zones_population: -0.00019126314499762562
  zones_retail_jobs: -0.00042739808978982017
  zones_z_total_jobs: 5.3515535607229784e-05
sample_size: 187
score: 0.7344705138978084
