fit_filters:
- non_residential_sqft > 0
- sqft_price_nonres > 1
- sqft_price_nonres < 650
- hedonic_id == 14761
model_expression:
  left_side: np.log1p(sqft_price_nonres)
model_type: Regression
name: RegressionModel
predict_filters: hedonic_id == 14761
ytransform: np.exp
coef:
  building_sqft: -1.0391059067431547e-05
  crime_other_rate: -0.00411921745815469
  crime_ucr_rate: 0.006348884549160192
  jobs_within_30_min: -3.855721087319699e-05
  land_area: -4.5549046172060655e-05
  nodes_walk_housing_cost: -6.0030553611201464e-05
  nodes_walk_jobs: -0.002144902909256093
  nodes_walk_medical: -0.00826218820491533
  nodes_walk_node_r1500_sqft: -9.608502007314485e-08
  nodes_walk_office: 0.0010750677339348732
  nodes_walk_population: 0.003819799735527568
  nodes_walk_residential: 0.02376033738104446
  parcel_sqft: -1.0178557272267443e-07
  parcels_landvalue: 4.6797693940711294e-07
  parcels_total_sqft: 3.228662416442082e-05
  parcels_zones_employment: 0.0015348108407956824
  parcels_zones_households: -0.0018239426735731066
  parcels_zones_jobs_within_30_min: 1.96103310685389e-05
  parcels_zones_logsum_job_high_income: -4.662442312350744e-06
  parcels_zones_logsum_job_low_income: -2.425647718388111e-05
  parcels_zones_logsum_pop_high_income: -3.5019346431641976e-06
  parcels_zones_logsum_pop_low_income: 6.464708126227338e-06
  parcels_zones_population: 0.00015118279500756328
  parcels_zones_retail_jobs: 0.000827807931512466
  parcels_zones_transit_jobs_30min: 0.0006602093710417644
  parcels_zones_transit_jobs_50min: 0.00027773757376301373
  year_built: 0.027906214358759826
  zones_acres: -0.00010978492805789318
  zones_households: -6.249731934605934e-05
  zones_logsum_job_high_income: -5.460684195749107e-06
  zones_logsum_job_low_income: -2.4344817888301664e-05
  zones_logsum_pop_high_income: 4.623725880813123e-06
  zones_logsum_pop_low_income: -3.6929379572918615e-06
  zones_population: 0.00019963505485860627
  zones_transit_jobs_30min: 0.0005429244562219661
  zones_transit_jobs_50min: 0.0002524014850678626
  zones_z_total_jobs: 0.0005264460709228102
sample_size: 26
score: 0.907572827547313
