fit_filters:
- non_residential_sqft > 0
- sqft_price_nonres > 1
- sqft_price_nonres < 650
- hedonic_id == 9933
model_expression:
  left_side: np.log1p(sqft_price_nonres)
model_type: Regression
name: RegressionModel
predict_filters: hedonic_id == 9933
ytransform: np.exp
coef:
  Intercept: -11.577332978105837
  building_age: -0.0008549066817545686
  building_sqft: -4.550513229657117e-06
  crime_other_rate: -5.562603778713863e-05
  crime_ucr_rate: -8.107003654317577e-05
  jobs_within_30_min: 5.758934786500708e-08
  land_area: 5.1604052055915135e-06
  nodes_walk_ave_nonres_sqft_price: 0.008637836759532646
  nodes_walk_ave_unit_sqft: -1.5287104038950328e-05
  nodes_walk_highinc_hhs: 0.0017526776146101052
  nodes_walk_housing_cost: 4.706850388733322e-07
  nodes_walk_industrial: 0.004260569841016831
  nodes_walk_jobs: 0.00010610568290084255
  nodes_walk_medical: -0.0014777944346710994
  nodes_walk_midinc_hhs: -0.00033174149177087216
  nodes_walk_node_r1500_sqft: -2.2814102341701357e-08
  nodes_walk_office: -0.0003668105516332944
  nodes_walk_residential: 0.0006592224681100832
  nodes_walk_retail: -0.0006001834872161385
  nodes_walk_retail_jobs: -0.00039403368924547765
  parcel_sqft: -4.0119101343471826e-08
  parcels_ave_unit_size: -1.378089746479695e-05
  parcels_total_job_spaces: 0.0008609844157022268
  parcels_total_sqft: -1.459526921976468e-06
  parcels_zones_employment: 5.388171217563084e-07
  parcels_zones_households: -0.00021520004529518356
  parcels_zones_jobs_within_30_min: 1.577920885802868e-07
  parcels_zones_logsum_job_high_income: -1.6073174688941148e-07
  parcels_zones_logsum_job_low_income: 4.528804935399323e-07
  parcels_zones_logsum_pop_high_income: 7.31960662190742e-08
  parcels_zones_logsum_pop_low_income: -2.850603615730939e-07
  parcels_zones_population: 7.288128116731475e-05
  parcels_zones_retail_jobs: -0.00010230615156103276
  parcels_zones_transit_jobs_30min: 5.7997816330094e-06
  parcels_zones_z_total_jobs: 4.5948691929973996e-09
  year_built: 0.007429354006487797
  zones_acres: 9.386251185432227e-06
  zones_employment: 8.97050457284295e-09
  zones_households: -0.0001740750517668725
  zones_logsum_job_high_income: -1.248706615749195e-07
  zones_logsum_job_low_income: 4.2629174900742396e-07
  zones_logsum_pop_high_income: 9.449428551723182e-08
  zones_logsum_pop_low_income: -3.2816740909235447e-07
  zones_population: 6.990452496195677e-05
  zones_retail_jobs: -1.2177061001664123e-07
  zones_transit_jobs_30min: 1.91108755783174e-06
  zones_transit_jobs_50min: -1.8617276495398849e-07
  zones_z_total_jobs: 1.2865861390357805e-06
sample_size: 1282
score: 0.3985947749187043
