fit_filters:
- non_residential_sqft > 0
- sqft_price_nonres > 1
- sqft_price_nonres < 650
- hedonic_id == 71
model_expression:
  left_side: np.log1p(sqft_price_nonres)
model_type: Regression
name: RegressionModel
predict_filters: hedonic_id == 71
ytransform: np.exp
coef:
  b_total_jobs: 0.010799787956318474
  building_age: -0.0007914963570527501
  building_sqft: 5.9648945522609065e-06
  crime_other_rate: 0.0003231511194024132
  crime_ucr_rate: -0.00036203031492216186
  jobs_within_30_min: -3.9069669123132e-07
  land_area: -2.4294123090161312e-05
  large_area_id: -0.0029957108268436686
  nodes_walk_ave_nonres_sqft_price: 0.019142291422982946
  nodes_walk_ave_unit_sqft: 6.961780480956823e-05
  nodes_walk_housing_cost: 2.835428028248228e-07
  nodes_walk_industrial: -0.003011739419963246
  nodes_walk_jobs: 0.0001293327626228953
  nodes_walk_medical: -0.0014511550407512684
  nodes_walk_node_r1500_sqft: -6.8010372639599106e-09
  nodes_walk_office: -0.004046771654406109
  nodes_walk_race_1_hhs: 0.0006614307224008627
  nodes_walk_retail: -0.00026874103724115647
  nodes_walk_retail_jobs: 0.0030528928846619164
  parcel_sqft: 3.9063198332684665e-08
  parcels_ave_unit_size: 0.000144638517019207
  parcels_total_sqft: 3.5191619956747763e-07
  parcels_zones_employment: 6.307048177467181e-06
  parcels_zones_households: 0.0012918864801889259
  parcels_zones_jobs_within_30_min: -4.142711307994384e-07
  parcels_zones_logsum_job_high_income: 4.1802586803613464e-06
  parcels_zones_logsum_job_low_income: 1.9732861187962982e-07
  parcels_zones_logsum_pop_high_income: -2.182384586301715e-06
  parcels_zones_logsum_pop_low_income: -9.188062023614695e-08
  parcels_zones_population: -0.0004920654271818948
  parcels_zones_retail_jobs: -0.0004862162545248974
  parcels_zones_transit_jobs_30min: -9.32796801383982e-05
  parcels_zones_transit_jobs_50min: 1.2083662154301478e-06
  parcels_zones_z_total_jobs: 1.6100489002972819e-07
  vacant_job_spaces: -0.0022495387048445986
  year_built: 0.001642270056574362
  zones_acres: 2.677555266019591e-05
  zones_employment: 3.4251615253216824e-07
  zones_households: 0.0012181393744455703
  zones_logsum_job_high_income: 4.092905015098107e-06
  zones_logsum_job_low_income: 1.8281987971074365e-07
  zones_logsum_pop_high_income: -2.302214510342469e-06
  zones_logsum_pop_low_income: -6.0867647704242e-08
  zones_population: -0.00047684265455447534
  zones_retail_jobs: -0.0003408506477549364
  zones_transit_jobs_30min: -5.2853418576900886e-05
  zones_transit_jobs_50min: 1.5634546262714926e-06
sample_size: 194
score: 0.5657520974773802
