fit_filters:
- non_residential_sqft > 0
- sqft_price_nonres > 1
- sqft_price_nonres < 650
- hedonic_id == 11521
model_type: regression
name: RegressionModel
predict_filters: hedonic_id == 11521
target_variable: np.log1p(sqft_price_nonres)
ytransform: np.exp
fit_parameters:
  Coefficient:
    Intercept: 1.529021814221319
    b_total_jobs: 0.0018459086130887831
    building_age: -6.368234256552962e-08
    building_sqft: -3.2536191307394308e-06
    crime_other_rate: 0.0001517492797103791
    crime_ucr_rate: -0.0005374657805598779
    jobs_non_home_based: 1.1857067661780603e-16
    jobs_within_30_min: 1.4205160769421604e-07
    land_area: 5.0809199470700475e-06
    nodes_walk_ave_nonres_sqft_price: 0.0002837708313736585
    nodes_walk_housing_cost: -7.387034189440431e-07
    nodes_walk_industrial: 0.001446989189285652
    nodes_walk_jobs: -2.2510103993668684e-05
    nodes_walk_medical: 0.0005368449030639015
    nodes_walk_node_r1500_sqft: -4.39219705638674e-09
    nodes_walk_population: 0.0002723267023383282
    nodes_walk_retail: 0.013014212784855412
    nodes_walk_retail_jobs: 0.0007072633402416131
    parcel_sqft: 2.798233715997008e-07
    parcels_ave_unit_size: -1.148243721795828e-06
    parcels_parcel_size: -2.1292209140822233e-07
    parcels_pct_undev: 0.0004253067306422275
    parcels_total_sqft: -6.474388911264027e-06
    residential_sqft: 0.0003235304802557797
    sqft_per_unit: 8.113279300408637e-05
    year_built: 0.0009140661677109397
    zones_acres: -8.398448465709585e-07
    zones_employment: 2.2279496563016564e-05
    zones_households: -0.0001395610805478322
    zones_logsum_job_high_income: -4.693621606487481e-06
    zones_logsum_job_low_income: -1.7075626762676825e-05
    zones_logsum_job_mid_income: 4.199918697190627e-06
    zones_logsum_pop_high_income: -7.182159674628542e-07
    zones_logsum_pop_low_income: 5.552424965701725e-06
    zones_logsum_pop_mid_income: 3.114115768305099e-06
    zones_population: 1.229791944274491e-05
    zones_retail_jobs: 0.00017424917817725246
    zones_transit_jobs_30min: 3.560130154516188e-05
    zones_transit_jobs_50min: 1.2619589915083266e-05
    zones_z_total_jobs: 9.34019928392304e-05
fit_rsquared: 0.43145784816672683
fit_rsquared_adj: 0.43145784816672683
fitted: true
model_expression:
  left_side: np.log1p(sqft_price_nonres)
  right_side:
  - year_built
  - sqft_per_unit
  - land_area
  - residential_sqft
  - building_sqft
  - jobs_within_30_min
  - parcel_sqft
  - crime_ucr_rate
  - crime_other_rate
  - building_age
  - b_total_jobs
  - jobs_non_home_based
  - parcels_pct_undev
  - parcels_parcel_size
  - parcels_ave_unit_size
  - parcels_total_sqft
  - zones_acres
  - zones_households
  - zones_population
  - zones_employment
  - zones_retail_jobs
  - zones_logsum_pop_high_income
  - zones_logsum_pop_mid_income
  - zones_logsum_pop_low_income
  - zones_logsum_job_high_income
  - zones_logsum_job_mid_income
  - zones_logsum_job_low_income
  - zones_z_total_jobs
  - zones_transit_jobs_50min
  - zones_transit_jobs_30min
  - nodes_walk_population
  - nodes_walk_jobs
  - nodes_walk_retail_jobs
  - nodes_walk_node_r1500_sqft
  - nodes_walk_ave_nonres_sqft_price
  - nodes_walk_retail
  - nodes_walk_industrial
  - nodes_walk_medical
  - nodes_walk_housing_cost
sample_size: 958
