fit_filters:
- non_residential_sqft > 0
- sqft_price_nonres > 1
- sqft_price_nonres < 650
- hedonic_id == 16133
model_expression:
  left_side: np.log1p(sqft_price_nonres)
model_type: Regression
name: RegressionModel
predict_filters: hedonic_id == 16133
ytransform: np.exp
coef:
  Intercept: -6.326396913616847
  b_total_jobs: 0.0004480341743881352
  building_age: -8.234300929382715e-05
  building_sqft: -3.912310843269463e-06
  crime_other_rate: -0.00015486438175706108
  crime_ucr_rate: 0.00016648990916662856
  jobs_non_home_based: 5.25621565872836e-19
  jobs_within_30_min: 9.766667864146666e-07
  land_area: 4.859067625047041e-06
  nodes_walk_ave_nonres_sqft_price: 0.009500067915615742
  nodes_walk_ave_unit_sqft: -4.208495930910463e-06
  nodes_walk_housing_cost: 2.4807686900698766e-06
  nodes_walk_industrial: -0.001914446626353689
  nodes_walk_jobs: 0.00016990891547257096
  nodes_walk_medical: -0.0010371097363530855
  nodes_walk_node_r1500_sqft: -2.6275685811423188e-09
  nodes_walk_office: 0.00072837956894886
  nodes_walk_population: -0.00016900392164160104
  nodes_walk_race_2_hhs: 0.0016865957926062733
  nodes_walk_residential: -0.0007804876374095101
  nodes_walk_retail: -0.002891062441784684
  parcel_sqft: -1.339155960600321e-07
  parcels_ave_unit_size: -5.809960307809466e-05
  parcels_total_job_spaces: 0.0003811610148638231
  parcels_total_sqft: -9.436243190826635e-07
  parcels_zones_employment: 6.545889697906171e-05
  parcels_zones_households: 9.404475078729066e-06
  parcels_zones_jobs_within_30_min: 2.727379986037659e-07
  parcels_zones_logsum_job_high_income: 3.374267659028362e-08
  parcels_zones_logsum_job_low_income: 3.903961788954351e-07
  parcels_zones_logsum_pop_high_income: -9.641157089883378e-08
  parcels_zones_logsum_pop_low_income: -8.22648534424851e-09
  parcels_zones_population: 5.2361321002534526e-05
  parcels_zones_transit_jobs_30min: 9.87759337032231e-06
  parcels_zones_transit_jobs_50min: -3.569005729662917e-06
  school_district_achievement: 0.002952608810066024
  year_built: 0.004772800346434153
  zones_acres: -4.320799256641838e-05
  zones_employment: 4.468625729154649e-09
  zones_logsum_job_high_income: 1.8923356863146717e-07
  zones_logsum_job_low_income: 3.577267262847927e-07
  zones_logsum_pop_high_income: -2.628547081044023e-07
  zones_logsum_pop_low_income: -3.012623254575833e-07
  zones_population: 2.2475202438039097e-05
  zones_retail_jobs: -4.9918681429981796e-05
  zones_transit_jobs_30min: 7.35756120859739e-06
  zones_transit_jobs_50min: -3.0108941123838813e-06
sample_size: 560
score: 0.5950927272555835
