fit_filters:
- non_residential_sqft > 0
- sqft_price_nonres > 1
- sqft_price_nonres < 650
- hedonic_id == 11521
model_type: regression
name: RegressionModel
predict_filters: hedonic_id == 11521
target_variable: np.log1p(sqft_price_nonres)
ytransform: np.exp
fit_parameters:
  Coefficient:
    Intercept: 1.5296725241292002
    b_total_jobs: 0.0018469950556903685
    building_age: -6.737412671531097e-08
    building_sqft: -3.256073352576968e-06
    crime_other_rate: 0.00015185119133816435
    crime_ucr_rate: -0.0005378400549778138
    jobs_non_home_based: 2.176464446363323e-16
    jobs_within_30_min: 1.4603967201354536e-07
    land_area: 5.081254314595195e-06
    nodes_walk_ave_nonres_sqft_price: 0.0002848823302276678
    nodes_walk_housing_cost: -7.342068648303174e-07
    nodes_walk_industrial: 0.0014514343510781066
    nodes_walk_jobs: -2.2376615717299246e-05
    nodes_walk_medical: 0.0005356351783679904
    nodes_walk_node_r1500_sqft: -4.397016891710605e-09
    nodes_walk_population: 0.00027350715994529213
    nodes_walk_retail: 0.013014917049276398
    nodes_walk_retail_jobs: 0.0007081126168140689
    parcel_sqft: 2.797153951504859e-07
    parcels_ave_unit_size: -1.2717477757236675e-06
    parcels_parcel_size: -2.1270353646533262e-07
    parcels_pct_undev: 0.00042566977382790924
    parcels_total_sqft: -6.4722646985573505e-06
    residential_sqft: 0.0003233800410715584
    sqft_per_unit: 8.147880418116587e-05
    year_built: 0.0009142090794668867
    zones_acres: -8.112651506183133e-07
    zones_employment: 2.204128981103252e-05
    zones_households: -0.00013798330215881473
    zones_logsum_job_high_income: -4.70595960666958e-06
    zones_logsum_job_low_income: -1.7091029914509627e-05
    zones_logsum_job_mid_income: 4.210178977052732e-06
    zones_logsum_pop_high_income: -7.190048113723175e-07
    zones_logsum_pop_low_income: 5.550455741662472e-06
    zones_logsum_pop_mid_income: 3.1202955051368167e-06
    zones_population: 1.1499238368675645e-05
    zones_retail_jobs: 0.00017383615286935595
    zones_transit_jobs_30min: 3.5510761401143534e-05
    zones_transit_jobs_50min: 1.2668300622215941e-05
    zones_z_total_jobs: 9.37214783085559e-05
fit_rsquared: 0.4315078195720289
fitted: true
model_expression:
  left_side: np.log1p(sqft_price_nonres)
  right_side:
  - year_built
  - sqft_per_unit
  - land_area
  - residential_sqft
  - building_sqft
  - jobs_within_30_min
  - parcel_sqft
  - crime_ucr_rate
  - crime_other_rate
  - building_age
  - b_total_jobs
  - jobs_non_home_based
  - parcels_pct_undev
  - parcels_parcel_size
  - parcels_ave_unit_size
  - parcels_total_sqft
  - zones_acres
  - zones_households
  - zones_population
  - zones_employment
  - zones_retail_jobs
  - zones_logsum_pop_high_income
  - zones_logsum_pop_mid_income
  - zones_logsum_pop_low_income
  - zones_logsum_job_high_income
  - zones_logsum_job_mid_income
  - zones_logsum_job_low_income
  - zones_z_total_jobs
  - zones_transit_jobs_50min
  - zones_transit_jobs_30min
  - nodes_walk_population
  - nodes_walk_jobs
  - nodes_walk_retail_jobs
  - nodes_walk_node_r1500_sqft
  - nodes_walk_ave_nonres_sqft_price
  - nodes_walk_retail
  - nodes_walk_industrial
  - nodes_walk_medical
  - nodes_walk_housing_cost
sample_size: 958
