fit_filters:
- non_residential_sqft > 0
- sqft_price_nonres > 1
- sqft_price_nonres < 650
- hedonic_id == 12565
model_expression:
  left_side: np.log1p(sqft_price_nonres)
model_type: Regression
name: RegressionModel
predict_filters: hedonic_id == 12565
ytransform: np.exp
coef:
  b_total_jobs: 0.0013835508289782067
  building_age: -0.00014384292918186698
  building_sqft: -5.273419627195201e-05
  crime_other_rate: 6.671960242111421e-05
  crime_ucr_rate: -0.00015977216315634553
  jobs_non_home_based: 9.87906092907031e-17
  jobs_within_30_min: 1.7285033668939644e-08
  land_area: 2.5366398653527457e-05
  nodes_walk_ave_nonres_sqft_price: 0.005147108898538429
  nodes_walk_ave_unit_sqft: -3.696611485267945e-05
  nodes_walk_highinc_hhs: 0.001215278059305113
  nodes_walk_households: 8.678374746123147e-05
  nodes_walk_housing_cost: 9.159942985163845e-07
  nodes_walk_industrial: 0.0004480212133804695
  nodes_walk_jobs: -1.707247378319741e-05
  nodes_walk_lowinc_hhs: 1.8247638662010972e-05
  nodes_walk_medical: -8.120968831229059e-05
  nodes_walk_midinc_hhs: -0.00010318704776484925
  nodes_walk_node_r1500_sqft: 2.2223392051093962e-10
  nodes_walk_office: 0.0005502332191909345
  nodes_walk_population: -0.00022919661540004625
  nodes_walk_race_2_hhs: 0.000403058946719818
  nodes_walk_race_3_hhs: 3.6660089643374334e-06
  nodes_walk_retail_jobs: 0.00010298009986076806
  parcel_sqft: -3.0760799626334415e-07
  parcels_ave_unit_size: -2.750130090010565e-06
  parcels_total_sqft: -2.8452177762260333e-06
  parcels_zones_employment: -1.1108030383976652e-05
  parcels_zones_households: 0.00016764319776872263
  parcels_zones_jobs_within_30_min: -5.6258433708093586e-08
  parcels_zones_logsum_job_high_income: 3.770604506872108e-07
  parcels_zones_logsum_job_low_income: -2.017857994249912e-07
  parcels_zones_logsum_pop_high_income: -3.2456613586506306e-07
  parcels_zones_logsum_pop_low_income: 2.396223061974878e-07
  parcels_zones_population: -0.00010680978181160451
  parcels_zones_retail_jobs: -8.71430137207693e-06
  parcels_zones_transit_jobs_30min: 4.662673547980543e-07
  parcels_zones_transit_jobs_50min: 2.2069196372031343e-07
  parcels_zones_z_total_jobs: -1.86068412886896e-09
  year_built: 0.007462696493766752
  zones_acres: -1.0107908176902964e-05
  zones_employment: -2.201096896154668e-06
  zones_households: 0.00022571208450225988
  zones_logsum_job_high_income: 4.087588674174345e-07
  zones_logsum_job_low_income: -2.1277054200175585e-07
  zones_logsum_pop_high_income: -3.6317879458740583e-07
  zones_logsum_pop_low_income: 1.9176022228568256e-07
  zones_population: -9.561728317508119e-05
  zones_retail_jobs: -1.3666111804250185e-05
  zones_transit_jobs_30min: 7.862269052242217e-07
  zones_transit_jobs_50min: 2.0023327734137718e-08
  zones_z_total_jobs: -1.784966841578545e-08
sample_size: 1065
score: 0.3755065751352734
