fit_filters:
- non_residential_sqft > 0
- sqft_price_nonres > 1
- sqft_price_nonres < 650
- hedonic_id == 11565
model_type: regression
name: RegressionModel
predict_filters: hedonic_id == 11565
target_variable: np.log1p(sqft_price_nonres)
ytransform: np.exp
fit_parameters:
  Coefficient:
    Intercept: -5.228044784465916
    b_total_jobs: 2.9114460776258555e-05
    building_sqft: 6.677913109276287e-05
    crime_other_rate: 0.0001355457393674927
    jobs_non_home_based: 2.2404828266954682e-17
    jobs_within_30_min: -2.1881596194682837e-07
    land_area: -6.599196320989805e-06
    nodes_walk_ave_nonres_sqft_price: 0.010040444460306394
    nodes_walk_housing_cost: -9.44744346942668e-06
    nodes_walk_industrial: 0.00045858976293103955
    nodes_walk_jobs: 0.0003266102313204567
    nodes_walk_medical: -0.0012315143182426557
    nodes_walk_midinc_hhs: -0.00020956942696947627
    nodes_walk_node_r1500_sqft: 2.8541687306800345e-09
    nodes_walk_office: 0.00011601534731002605
    nodes_walk_population: 0.0005328931448828136
    nodes_walk_residential: 0.0010654753864511976
    nodes_walk_retail: -0.0022923744853950707
    nodes_walk_retail_jobs: 0.0003201747708367949
    parcel_sqft: 9.110116834605091e-08
    parcels_ave_unit_size: 5.359255055482045e-06
    parcels_parcel_size: 1.6194199517057834e-07
    parcels_total_sqft: -2.1639535849012078e-05
    parcels_zones_jobs_within_30_min: 4.85347685032152e-07
    vacant_job_spaces: -0.018252207860434272
    year_built: 0.00492116744556681
    zones_acres: -8.665136598332703e-06
    zones_employment: 0.00012733094278263556
    zones_households: 0.00045763403220429354
    zones_logsum_job_high_income: -5.060237278541041e-06
    zones_logsum_job_low_income: 6.663627722718904e-06
    zones_logsum_job_mid_income: -1.4736220041249706e-06
    zones_logsum_pop_high_income: 2.0071713380581078e-06
    zones_logsum_pop_low_income: 3.3525790643039812e-06
    zones_logsum_pop_mid_income: -7.797547256286785e-07
    zones_population: -0.0002466394363153752
    zones_retail_jobs: -8.001955981527989e-05
    zones_transit_jobs_30min: -0.0004163859109726768
    zones_transit_jobs_50min: -9.428839779054209e-05
  Std. Error: {}
  T-Score: {}
fit_rsquared: 0.6580054730570026
fit_rsquared_adj: 0.6580054730570026
fitted: true
model_expression:
  left_side: np.log1p(sqft_price_nonres)
  right_side:
  - year_built
  - land_area
  - building_sqft
  - jobs_within_30_min
  - vacant_job_spaces
  - parcel_sqft
  - crime_other_rate
  - b_total_jobs
  - jobs_non_home_based
  - parcels_parcel_size
  - parcels_ave_unit_size
  - parcels_total_sqft
  - parcels_zones_jobs_within_30_min
  - zones_acres
  - zones_households
  - zones_population
  - zones_employment
  - zones_retail_jobs
  - zones_logsum_pop_high_income
  - zones_logsum_pop_mid_income
  - zones_logsum_pop_low_income
  - zones_logsum_job_high_income
  - zones_logsum_job_mid_income
  - zones_logsum_job_low_income
  - zones_transit_jobs_50min
  - zones_transit_jobs_30min
  - nodes_walk_population
  - nodes_walk_midinc_hhs
  - nodes_walk_jobs
  - nodes_walk_retail_jobs
  - nodes_walk_node_r1500_sqft
  - nodes_walk_residential
  - nodes_walk_ave_nonres_sqft_price
  - nodes_walk_retail
  - nodes_walk_office
  - nodes_walk_industrial
  - nodes_walk_medical
  - nodes_walk_housing_cost
sample_size: 202
