fit_filters:
- non_residential_sqft > 0
- sqft_price_nonres > 1
- sqft_price_nonres < 650
- hedonic_id == 9951
model_expression:
  left_side: np.log1p(sqft_price_nonres)
model_type: Regression
name: RegressionModel
predict_filters: hedonic_id == 9951
ytransform: np.exp
coef:
  Intercept: -5.491704548629393
  b_total_jobs: 0.0004926617233667376
  building_sqft: 2.7053370465736572e-05
  crime_other_rate: 2.7049702922342106e-05
  crime_ucr_rate: 0.00010831246405950097
  jobs_non_home_based: 2.094006613161288e-19
  jobs_within_30_min: 6.877892225310245e-07
  land_area: -8.285430106555892e-06
  nodes_walk_ave_nonres_sqft_price: 4.2944909616119996e-05
  nodes_walk_ave_unit_sqft: 2.197602131785111e-05
  nodes_walk_housing_cost: 1.1608816726428004e-06
  nodes_walk_jobs: 3.951607388594976e-05
  nodes_walk_medical: 0.008046264665515085
  nodes_walk_midinc_hhs: 0.00033823676912050085
  nodes_walk_node_r1500_sqft: -3.1027453497624616e-08
  nodes_walk_office: -0.0003752661419003321
  nodes_walk_race_1_hhs: 0.00041544854441387874
  nodes_walk_race_2_hhs: -0.00022103970232579263
  nodes_walk_retail: 0.00038892876498257216
  nodes_walk_retail_jobs: -8.078271452706928e-05
  parcel_sqft: 8.980162232741428e-07
  parcels_total_sqft: -3.21383526854672e-05
  parcels_zones_jobs_within_30_min: -1.7845697935982515e-07
  residential_sqft: 1.0883795068490464e-05
  sqft_per_unit: 0.00021221920904093586
  year_built: 0.00476592737321477
  zones_acres: 4.339463174294169e-06
  zones_employment: 5.138215342142239e-06
  zones_logsum_job_high_income: -3.3301376915093384e-06
  zones_logsum_job_low_income: 2.7873927893096634e-07
  zones_logsum_pop_high_income: 1.494812940012844e-06
  zones_logsum_pop_low_income: -3.773953450071751e-07
  zones_population: 7.990435031460367e-07
  zones_transit_jobs_30min: -7.367870028587344e-07
  zones_transit_jobs_50min: 1.804206533235873e-06
  zones_z_total_jobs: 1.2350782426890051e-05
sample_size: 635
score: 0.5716058242709559
