fit_filters:
- non_residential_sqft > 0
- sqft_price_nonres > 1
- sqft_price_nonres < 650
- hedonic_id == 14765
model_type: regression
name: RegressionModel
predict_filters: hedonic_id == 14765
target_variable: np.log1p(sqft_price_nonres)
ytransform: np.exp
fit_parameters:
  Coefficient:
    Intercept: -0.8635672383111821
    b_total_jobs: 0.006809954692281907
    building_age: -0.00016778749015841993
    building_sqft: -6.816536755658171e-05
    crime_other_rate: 5.1432048368465827e-05
    crime_ucr_rate: -0.00024825792412164183
    jobs_non_home_based: 4.688546479911619e-16
    jobs_within_30_min: 4.376557626665379e-06
    land_area: 1.9240339183604762e-05
    nodes_walk_ave_nonres_sqft_price: 0.008483517755321182
    nodes_walk_ave_unit_sqft: -7.634089708894723e-06
    nodes_walk_housing_cost: 5.4448301490095375e-06
    nodes_walk_jobs: 1.5374789739930324e-05
    nodes_walk_lowinc_hhs: -0.0007898262731995782
    nodes_walk_medical: 2.1236815668540317e-05
    nodes_walk_node_r1500_sqft: -2.0337842671894104e-08
    nodes_walk_office: -2.8994227921214695e-05
    nodes_walk_population: -0.00032303217842720694
    nodes_walk_residential: -0.00344643746720566
    nodes_walk_retail: 0.0004654460071214209
    nodes_walk_retail_jobs: 0.0031159503875289036
    parcel_sqft: 4.4529537467226474e-08
    parcels_ave_unit_size: -0.00020190376362019208
    parcels_parcel_size: -2.904958533204768e-07
    parcels_pct_undev: -0.0014381264469413837
    parcels_total_sqft: -7.176394217963379e-06
    residential_sqft: 0.00015866016567229964
    sqft_per_unit: -0.0001168866534712416
    year_built: 0.0026917021531902654
    zones_acres: 1.3661114722551702e-06
    zones_employment: 7.229789918944602e-06
    zones_households: 0.0003466173950293038
    zones_logsum_job_high_income: 1.3239399780547254e-05
    zones_logsum_job_low_income: -5.41553532960462e-06
    zones_logsum_job_mid_income: 1.0305132081984053e-05
    zones_logsum_pop_high_income: -7.398126040935927e-06
    zones_logsum_pop_low_income: 2.5538291177416384e-06
    zones_logsum_pop_mid_income: -4.015076209567551e-06
    zones_population: -8.7338598198412e-05
    zones_retail_jobs: -0.0011473425037692839
    zones_transit_jobs_30min: -1.1050772902184768e-05
    zones_transit_jobs_50min: 3.4772770215506795e-06
fit_rsquared: 0.4984691042962587
fitted: true
sample_size: 273
