fit_filters:
- non_residential_sqft > 0
- sqft_price_nonres > 1
- sqft_price_nonres < 650
- hedonic_id == 12533
model_expression:
  left_side: np.log1p(sqft_price_nonres)
model_type: Regression
name: RegressionModel
predict_filters: hedonic_id == 12533
ytransform: np.exp
coef:
  Intercept: -6.63152507489105
  b_total_jobs: 0.0005898309185811718
  building_age: -0.0006316416640976335
  building_sqft: -1.5625968658176392e-06
  crime_other_rate: 0.00015208051704438617
  crime_ucr_rate: -0.00046352024937005497
  job_spaces: 0.0003112078960127
  jobs_non_home_based: 1.4523705336047679e-19
  jobs_within_30_min: 9.942787750961064e-08
  land_area: 2.455677730775833e-06
  nodes_walk_ave_nonres_sqft_price: 0.008413763293237581
  nodes_walk_ave_unit_sqft: 4.824146145499523e-07
  nodes_walk_households: 0.0005827030177197324
  nodes_walk_housing_cost: -9.277717488612174e-07
  nodes_walk_industrial: 0.0010487922644152076
  nodes_walk_jobs: 6.5400877859205e-05
  nodes_walk_medical: -0.00045912874675950476
  nodes_walk_node_r1500_sqft: 3.3355918370785742e-09
  nodes_walk_office: -0.000637816580340173
  nodes_walk_population: -0.000326232159154362
  nodes_walk_race_1_hhs: 6.642196216894428e-05
  nodes_walk_residential: 5.933106068239635e-06
  nodes_walk_retail: -0.0003323649317579742
  nodes_walk_retail_jobs: -9.791029104217902e-05
  parcel_sqft: 1.0611361147142192e-07
  parcels_ave_unit_size: 5.5414839610991316e-05
  parcels_total_job_spaces: 0.00013435152850555044
  parcels_total_sqft: -1.9556366699884496e-06
  parcels_zones_households: -0.00021597053233801992
  parcels_zones_jobs_within_30_min: -3.6893421881545646e-08
  parcels_zones_logsum_job_high_income: 9.297315674956036e-08
  parcels_zones_logsum_job_low_income: 3.911508669661616e-07
  parcels_zones_logsum_pop_high_income: -1.3535343521034115e-07
  parcels_zones_logsum_pop_low_income: -2.0322207987810438e-07
  parcels_zones_mean_age_of_head: -0.00047274347436199003
  parcels_zones_population: 6.904903299358391e-05
  parcels_zones_retail_jobs: -0.00021023913512552462
  parcels_zones_transit_jobs_30min: 4.75220090655223e-06
  parcels_zones_transit_jobs_50min: -9.516575227006369e-07
  parcels_zones_z_total_jobs: 1.4909442720563357e-07
  school_district_achievement: -0.00033545444217116373
  year_built: 0.004980521636009347
  zones_acres: -3.6470367625066e-05
  zones_employment: 3.896269273775696e-06
  zones_households: -0.00015383303824109657
  zones_logsum_job_high_income: 9.389391034208673e-08
  zones_logsum_job_low_income: 3.7544697978470344e-07
  zones_logsum_pop_high_income: -1.3103361741129945e-07
  zones_logsum_pop_low_income: -2.2088763072884066e-07
  zones_mean_age_of_head: -0.00030026481024780804
  zones_population: 6.881225934971699e-05
  zones_retail_jobs: -8.858240756708485e-06
  zones_transit_jobs_30min: 3.060462492573171e-06
  zones_transit_jobs_50min: -6.407611297250706e-07
  zones_z_total_jobs: 1.336361114518534e-06
sample_size: 1681
score: 0.3327489736114049
