fit_filters:
- non_residential_sqft > 0
- sqft_price_nonres > 1
- sqft_price_nonres < 650
- hedonic_id == 14
model_expression:
  left_side: np.log1p(sqft_price_nonres)
model_type: Regression
name: RegressionModel
predict_filters: hedonic_id == 14
ytransform: np.exp
coef:
  Intercept: -2.1457059896566633
  b_total_jobs: 0.0012850751496285126
  building_age: -0.00018582976574843267
  building_sqft: -5.9206300786903904e-05
  crime_other_rate: 0.0002937709907358576
  crime_ucr_rate: -0.0002801288788557734
  jobs_non_home_based: 1.6240733923028295e-16
  jobs_within_30_min: -9.513635182228716e-07
  land_area: 5.724370341070669e-05
  nodes_walk_ave_nonres_sqft_price: 0.0015586134760744127
  nodes_walk_ave_unit_sqft: 0.00014636869690945676
  nodes_walk_hhs_with_children: 0.0008646303423640129
  nodes_walk_highinc_hhs: 0.003203457799117697
  nodes_walk_housing_cost: -7.8529482398037e-06
  nodes_walk_industrial: 0.0008725917949854836
  nodes_walk_jobs: 0.00015106727495848644
  nodes_walk_lowinc_hhs: -0.0004109452460223781
  nodes_walk_max_office_far: 0.002009381269246813
  nodes_walk_medical: 0.0005816959247891915
  nodes_walk_node_r1500_sqft: -4.5876846506223466e-09
  nodes_walk_office: -0.001064876956959931
  nodes_walk_population: 0.00029487856118083264
  nodes_walk_race_1_hhs: -0.0024783250480445926
  nodes_walk_race_2_hhs: 0.0004118283984592173
  nodes_walk_race_3_hhs: 0.012160890810841107
  nodes_walk_race_4_hhs: -0.009344544678660544
  nodes_walk_residential: 0.002065840858350628
  nodes_walk_retail: 0.003557502660171715
  nodes_walk_retail_jobs: -9.907966272558427e-05
  parcel_sqft: 6.928407379398147e-08
  parcels_ave_unit_size: 0.0005176328094374602
  parcels_pptytax: -0.0028831433802063377
  parcels_total_job_spaces: 4.5487320095646536e-05
  parcels_total_sqft: -5.962073950802673e-06
  parcels_zones_empden: -0.002322439266079317
  parcels_zones_employment: 0.0001781570519980554
  parcels_zones_households: 0.00027064985131274223
  parcels_zones_jobs_within_30_min: -2.454341591239659e-07
  parcels_zones_logsum_job_high_income: -4.531287034747869e-08
  parcels_zones_logsum_job_low_income: -1.2106393603392916e-07
  parcels_zones_logsum_pop_high_income: 5.054665252730219e-07
  parcels_zones_logsum_pop_low_income: 1.4484330857251646e-08
  parcels_zones_mean_age_of_head: 0.005080725744409061
  parcels_zones_population: -5.651331627544179e-05
  parcels_zones_retail_jobs: -8.424555397409468e-05
  parcels_zones_transit_jobs_30min: -1.780066613173094e-05
  parcels_zones_transit_jobs_50min: 2.7787513157876166e-06
  parcels_zones_z_total_jobs: 1.1231107848276242e-07
  vacant_job_spaces: -2.2583885945749875e-05
  year_built: 0.002024967487997695
  zone_mean_age_of_head: 1.0527020097717273e-15
  zones_acres: -0.0002511204813330975
  zones_empden: -0.002017729940722851
  zones_employment: 4.545995001760085e-08
  zones_households: 0.00010853458913973792
  zones_logsum_job_high_income: -4.976373176591974e-08
  zones_logsum_job_low_income: -8.307400870854155e-08
  zones_logsum_pop_high_income: 2.122367861771033e-07
  zones_logsum_pop_low_income: 7.919579189084354e-08
  zones_mean_age_of_head: 0.004488554531110039
  zones_population: -6.893211123404728e-05
  zones_retail_jobs: -0.00033370421921244435
  zones_transit_jobs_30min: -6.4878853992862525e-06
  zones_transit_jobs_50min: 2.8926487682443423e-06
  zones_z_total_jobs: 1.70663914961563e-06
sample_size: 117
score: 0.6574766261811202
