fit_filters:
- non_residential_sqft > 0
- sqft_price_nonres > 1
- sqft_price_nonres < 650
- hedonic_id == 9933
model_expression:
  left_side: np.log1p(sqft_price_nonres)
model_type: Regression
name: RegressionModel
predict_filters: hedonic_id == 9933
ytransform: np.exp
coef:
  b_total_jobs: 0.0009539642835392506
  building_age: -0.0032277754961652196
  building_sqft: -7.217163954771176e-06
  crime_other_rate: -1.7972766451057593e-05
  crime_ucr_rate: 0.00026641290426538674
  jobs_within_30_min: -1.7273669259001408e-07
  land_area: 5.798258699478591e-06
  nodes_walk_ave_nonres_sqft_price: 0.004627058616849897
  nodes_walk_ave_unit_sqft: 1.60449200475553e-06
  nodes_walk_housing_cost: 1.2226797263891662e-06
  nodes_walk_industrial: 0.0019875436589481808
  nodes_walk_jobs: 8.555703624587069e-05
  nodes_walk_medical: -0.0017983525738271538
  nodes_walk_node_r1500_sqft: -5.015066825589125e-08
  nodes_walk_office: -0.0004277189865481631
  nodes_walk_population: -2.635634072715513e-05
  nodes_walk_race_2_hhs: -0.0006667038803961181
  nodes_walk_retail: 0.0005942442462076252
  nodes_walk_retail_jobs: 0.0006552340870276208
  parcel_sqft: -1.791761637726251e-07
  parcels_ave_unit_size: 7.581852097133665e-05
  parcels_total_sqft: -2.8717752873200693e-08
  parcels_zones_employment: -3.599983772116027e-07
  parcels_zones_households: -0.00014281117268429298
  parcels_zones_jobs_within_30_min: 1.0011237609272322e-07
  parcels_zones_logsum_job_high_income: 2.4822106668739216e-07
  parcels_zones_logsum_job_low_income: 3.2114638498211485e-07
  parcels_zones_logsum_pop_high_income: -1.2999485511340908e-07
  parcels_zones_logsum_pop_low_income: -3.4919671290449017e-07
  parcels_zones_mean_age_of_head: 0.0010236954106390768
  parcels_zones_population: 9.159873693996773e-05
  parcels_zones_transit_jobs_30min: 1.7881677444315002e-06
  parcels_zones_transit_jobs_50min: 3.689506423050419e-07
  parcels_zones_z_total_jobs: -1.0689458891709534e-05
  year_built: 0.007365154657686027
  zone_mean_age_of_head: 8.124038705524449e-18
  zones_acres: 6.869250279028908e-05
  zones_households: -0.00019499485685585413
  zones_logsum_job_high_income: 1.4638485547292997e-07
  zones_logsum_job_low_income: 3.397164452735597e-07
  zones_logsum_pop_high_income: -7.009161621646819e-08
  zones_logsum_pop_low_income: -2.622497372006331e-07
  zones_mean_age_of_head: 0.000697957446577602
  zones_population: 8.221448411091284e-05
  zones_transit_jobs_30min: 4.2562036058691835e-07
  zones_transit_jobs_50min: 2.837223791978407e-07
sample_size: 537
score: 0.4843825074476801
