fit_filters:
- non_residential_sqft > 0
- sqft_price_nonres > 1
- sqft_price_nonres < 650
- hedonic_id == 531
model_expression:
  left_side: np.log1p(sqft_price_nonres)
model_type: Regression
name: RegressionModel
predict_filters: hedonic_id == 531
ytransform: np.exp
coef:
  building_age: -0.0007056892627072021
  building_sqft: -2.0007802306915364e-06
  crime_other_rate: -1.933331545678139e-06
  crime_ucr_rate: -1.3241885617351253e-05
  jobs_within_30_min: -6.254070158368325e-07
  land_area: 1.5179636545946942e-06
  nodes_walk_ave_unit_sqft: -4.1252305721966086e-07
  nodes_walk_housing_cost: 2.862821690666136e-06
  nodes_walk_industrial: 0.009509210573081694
  nodes_walk_jobs: -0.00011121910305181818
  nodes_walk_midinc_hhs: 0.0014850869219196468
  nodes_walk_node_r1500_sqft: 1.3039908423461122e-08
  nodes_walk_office: 0.0002413187970885476
  nodes_walk_population: -0.0003400587473709268
  nodes_walk_race_1_hhs: 0.00039710580138747816
  nodes_walk_retail: 0.0005865123479313475
  nodes_walk_retail_jobs: 0.0019036686134745386
  parcel_sqft: 3.6974156972496687e-07
  parcels_ave_unit_size: -9.75806436440258e-05
  parcels_parcel_size: 1.8014063878244818e-07
  parcels_pct_undev: -9.940231079705576e-05
  parcels_total_job_spaces: 0.0005347952667765973
  parcels_total_sqft: -1.6906316566809796e-06
  parcels_zones_households: -0.0001551556636524629
  parcels_zones_jobs_within_30_min: 2.1869215598808608e-07
  parcels_zones_logsum_job_high_income: 7.395997721760163e-08
  parcels_zones_logsum_job_low_income: -2.1101160462810305e-08
  parcels_zones_logsum_pop_high_income: -4.412367921806326e-08
  parcels_zones_logsum_pop_low_income: 5.263479897394608e-08
  parcels_zones_population: 6.2493241392418915e-06
  parcels_zones_retail_jobs: 0.0005385957819926443
  parcels_zones_transit_jobs_30min: 5.8397127670887746e-06
  parcels_zones_transit_jobs_50min: -1.8456416804102407e-06
  residential_sqft: 2.957006257651747e-05
  sqft_per_unit: 0.0006512445249496904
  vacant_job_spaces: 0.0001963637435948512
  year_built: 0.009393519018205756
  zones_acres: -0.0002758260903571954
  zones_households: -2.2664824019244666e-05
  zones_logsum_job_high_income: 6.052609351616519e-08
  zones_logsum_job_low_income: -2.619128225934681e-08
  zones_logsum_pop_high_income: -6.529561999973578e-08
  zones_logsum_pop_low_income: 2.670799209400739e-08
  zones_population: 7.346092958255285e-06
  zones_retail_jobs: 0.00010271589838910651
  zones_transit_jobs_30min: 2.8986259069179993e-06
  zones_transit_jobs_50min: -1.8417105063387006e-06
sample_size: 1694
score: 0.5281773410047168
