fit_filters:
- non_residential_sqft > 0
- sqft_price_nonres > 1
- sqft_price_nonres < 650
- hedonic_id == 71
model_type: regression
name: RegressionModel
predict_filters: hedonic_id == 71
target_variable: np.log1p(sqft_price_nonres)
ytransform: np.exp
fit_parameters:
  Coefficient:
    Intercept: -0.8298206950492344
    b_total_jobs: 0.0013326045355805415
    building_age: -9.479077791580715e-05
    building_sqft: 2.510538939103115e-06
    crime_other_rate: 3.383891376432281e-05
    crime_ucr_rate: -0.00016921266424833886
    jobs_non_home_based: 1.3092219793241163e-16
    jobs_within_30_min: -7.082225111107415e-07
    land_area: -4.39827593460718e-06
    nodes_walk_ave_nonres_sqft_price: 0.019680255164435688
    nodes_walk_ave_unit_sqft: 1.8919560677117019e-06
    nodes_walk_housing_cost: 1.2755040125253473e-06
    nodes_walk_jobs: 7.58076249099068e-05
    nodes_walk_medical: -0.0029073649784978153
    nodes_walk_node_r1500_sqft: -7.3743081246928014e-09
    nodes_walk_office: -0.0016674347552913167
    nodes_walk_population: -6.13301903679284e-05
    nodes_walk_retail: -0.005346227030242284
    nodes_walk_retail_jobs: 0.0007767511108624641
    parcel_sqft: -1.3243612683049931e-08
    parcels_ave_unit_size: 2.1014815221021503e-05
    parcels_parcel_size: 3.654683193993542e-08
    parcels_pct_undev: 0.0018684926288538818
    parcels_total_sqft: -4.307542865481397e-06
    parcels_zones_jobs_within_30_min: -6.971090093326151e-08
    residential_sqft: 2.6664504914165424e-05
    school_district_achievement: 0.00236468432423057
    sqft_per_unit: 0.000543865205462755
    year_built: 0.0015447756202825156
    zones_acres: -9.03380729541874e-06
    zones_employment: 1.6791004416091705e-05
    zones_households: -0.00013305571413190287
    zones_logsum_job_high_income: -3.876936740749686e-07
    zones_logsum_job_low_income: 5.259109975137641e-08
    zones_logsum_job_mid_income: 1.2303470933251032e-07
    zones_logsum_pop_high_income: 5.447048475292815e-07
    zones_logsum_pop_low_income: -4.782864970932917e-08
    zones_logsum_pop_mid_income: -1.0537201808194448e-08
    zones_population: 5.8022465986124505e-05
    zones_retail_jobs: 0.0001571475764485012
    zones_transit_jobs_50min: 1.0492085466871476e-06
fit_rsquared: 0.5946756988700213
fitted: true
model_expression:
  left_side: np.log1p(sqft_price_nonres)
  right_side:
  - year_built
  - sqft_per_unit
  - land_area
  - residential_sqft
  - building_sqft
  - jobs_within_30_min
  - parcel_sqft
  - school_district_achievement
  - crime_ucr_rate
  - crime_other_rate
  - building_age
  - b_total_jobs
  - jobs_non_home_based
  - parcels_pct_undev
  - parcels_parcel_size
  - parcels_ave_unit_size
  - parcels_total_sqft
  - parcels_zones_jobs_within_30_min
  - zones_acres
  - zones_households
  - zones_population
  - zones_employment
  - zones_retail_jobs
  - zones_logsum_pop_high_income
  - zones_logsum_pop_mid_income
  - zones_logsum_pop_low_income
  - zones_logsum_job_high_income
  - zones_logsum_job_mid_income
  - zones_logsum_job_low_income
  - zones_transit_jobs_50min
  - nodes_walk_population
  - nodes_walk_jobs
  - nodes_walk_retail_jobs
  - nodes_walk_node_r1500_sqft
  - nodes_walk_ave_nonres_sqft_price
  - nodes_walk_retail
  - nodes_walk_office
  - nodes_walk_medical
  - nodes_walk_ave_unit_sqft
  - nodes_walk_housing_cost
sample_size: 2065
