fit_filters:
- non_residential_sqft > 0
- sqft_price_nonres > 1
- sqft_price_nonres < 650
- hedonic_id == 12561
model_expression:
  left_side: np.log1p(sqft_price_nonres)
model_type: Regression
name: RegressionModel
predict_filters: hedonic_id == 12561
ytransform: np.exp
coef:
  building_age: -0.0001924682742453332
  building_sqft: 4.410390239757846e-06
  crime_other_rate: -0.00031982825523398534
  crime_ucr_rate: 6.710477462378051e-05
  jobs_within_30_min: 9.207775827647809e-07
  land_area: -5.734604596935299e-06
  nodes_walk_ave_nonres_sqft_price: 0.00822178742272438
  nodes_walk_ave_unit_sqft: -0.00022939064499276387
  nodes_walk_highinc_hhs: 0.006118568858111572
  nodes_walk_households: 0.0007095189645510113
  nodes_walk_housing_cost: 6.836426850839905e-06
  nodes_walk_industrial: 0.0004959542417621234
  nodes_walk_jobs: 0.00015427160767434
  nodes_walk_medical: 0.000942640651457651
  nodes_walk_node_r1500_sqft: 4.206096027494879e-09
  nodes_walk_office: -0.003345226663327332
  nodes_walk_population: -0.0018936893651606667
  nodes_walk_race_3_hhs: 0.0018739034582590677
  nodes_walk_retail: -0.0005316000408303074
  nodes_walk_retail_jobs: 0.000407499916804903
  parcel_sqft: 1.770444855551206e-09
  parcels_ave_unit_size: -0.0003006470780368856
  parcels_total_sqft: -1.233222143352215e-06
  parcels_zones_employment: 5.374718800882056e-05
  parcels_zones_households: -0.0011590540256648098
  parcels_zones_jobs_within_30_min: 1.2022508273850382e-07
  parcels_zones_logsum_job_high_income: 8.85304738253463e-07
  parcels_zones_logsum_job_low_income: 2.669698198265146e-07
  parcels_zones_logsum_pop_high_income: -1.1303291628434808e-06
  parcels_zones_logsum_pop_low_income: -2.8694691859824836e-07
  parcels_zones_mean_age_of_head: -0.0006135026334969034
  parcels_zones_population: 0.0004496724384413637
  parcels_zones_retail_jobs: 9.504423733306335e-05
  parcels_zones_transit_jobs_30min: -1.4800999504780557e-06
  parcels_zones_transit_jobs_50min: 4.052211892115466e-06
  parcels_zones_z_total_jobs: 3.485330218002353e-05
  year_built: 0.0020401612675132893
  zones_acres: -0.00019287088949322735
  zones_employment: 7.921312361461544e-07
  zones_households: -0.0009620794062358942
  zones_logsum_job_high_income: 8.84656655508105e-07
  zones_logsum_job_low_income: 2.545593251237383e-07
  zones_logsum_pop_high_income: -1.0934313098962205e-06
  zones_logsum_pop_low_income: -2.6800067510832565e-07
  zones_mean_age_of_head: -0.0008844497676515715
  zones_population: 0.0004506737575867032
  zones_retail_jobs: 0.00011155636889654734
  zones_transit_jobs_30min: -1.5501412734354182e-06
  zones_transit_jobs_50min: 1.970114535735229e-06
  zones_z_total_jobs: 4.899700060121313e-07
sample_size: 125
score: 0.5897441659232474
