fit_filters:
- non_residential_sqft > 0
- sqft_price_nonres > 1
- sqft_price_nonres < 650
- hedonic_id == 9923
model_expression:
  left_side: np.log1p(sqft_price_nonres)
model_type: Regression
name: RegressionModel
predict_filters: hedonic_id == 9923
ytransform: np.exp
coef:
  b_total_jobs: 0.00020692103555672675
  building_age: -0.002919791835908828
  building_sqft: -9.672770930958179e-06
  crime_other_rate: 5.996278899919038e-05
  crime_ucr_rate: 3.4817267272682036e-05
  jobs_non_home_based: 5.623288971457242e-20
  jobs_within_30_min: 2.536538001818463e-08
  land_area: -8.980961616070757e-06
  nodes_walk_ave_nonres_sqft_price: 0.0013159608181688852
  nodes_walk_ave_unit_sqft: -2.0544435079206693e-05
  nodes_walk_housing_cost: 2.005785600868582e-06
  nodes_walk_jobs: 6.616682230382492e-05
  nodes_walk_lowinc_hhs: -7.911138577821037e-05
  nodes_walk_medical: 0.00018878803209121473
  nodes_walk_node_r1500_sqft: 4.638926327113715e-09
  nodes_walk_office: 0.006272939751830582
  nodes_walk_population: -2.969508253892872e-05
  nodes_walk_race_1_hhs: 0.0002170276207899733
  nodes_walk_race_2_hhs: -9.630849993231046e-05
  nodes_walk_retail: 0.00029895156193048965
  nodes_walk_retail_jobs: 0.0003595301438435994
  parcel_sqft: 3.7278664483654805e-08
  parcels_ave_unit_size: -8.324310201144565e-06
  parcels_landvalue: 1.7614991517250883e-07
  parcels_total_sqft: 8.235109545734596e-06
  parcels_zones_employment: -1.4708419374546297e-05
  parcels_zones_households: 1.6746836913089115e-05
  parcels_zones_jobs_within_30_min: -1.0146971732641378e-07
  parcels_zones_logsum_job_high_income: 7.58170524566625e-09
  parcels_zones_logsum_job_low_income: 1.2712748869055665e-07
  parcels_zones_logsum_pop_high_income: -4.987824719320878e-08
  parcels_zones_logsum_pop_low_income: -2.2479325481707507e-07
  parcels_zones_retail_jobs: 7.605721753019998e-05
  parcels_zones_transit_jobs_30min: 2.9289625781546e-06
  parcels_zones_transit_jobs_50min: 7.686117661444259e-08
  parcels_zones_z_total_jobs: -3.6578450931225033e-06
  residential_sqft: 6.627644554327887e-05
  sqft_per_unit: 0.0005764103650379056
  vacant_job_spaces: -0.0005445643475464678
  year_built: 0.0021451325316471414
  zones_acres: -1.4981837377730076e-05
  zones_employment: -1.3302969058376356e-06
  zones_households: 1.4308900185747626e-05
  zones_logsum_job_high_income: -3.6684646909410194e-08
  zones_logsum_job_low_income: 1.3735858505586572e-07
  zones_logsum_pop_high_income: 6.558884233563354e-08
  zones_logsum_pop_low_income: -1.668091754842e-07
  zones_retail_jobs: 4.0715179937910186e-05
  zones_transit_jobs_30min: 9.504648380609528e-07
  zones_transit_jobs_50min: 4.924853005836253e-09
  zones_z_total_jobs: -2.8619829716259307e-06
sample_size: 1519
score: 0.3952086480874578
