fit_filters:
- non_residential_sqft > 0
- sqft_price_nonres > 1
- sqft_price_nonres < 650
- hedonic_id == 16165
model_expression:
  left_side: np.log1p(sqft_price_nonres)
model_type: Regression
name: RegressionModel
predict_filters: hedonic_id == 16165
ytransform: np.exp
coef:
  b_total_jobs: 0.0013724557777082837
  building_age: -0.0006743949518322891
  building_sqft: 2.3523877174058122e-05
  crime_other_rate: 0.00024297795044421247
  crime_ucr_rate: -0.000531822897340902
  jobs_within_30_min: -5.296656916776874e-07
  land_area: -7.092805088262559e-06
  nodes_walk_ave_nonres_sqft_price: 0.0037354303366569147
  nodes_walk_ave_unit_sqft: 4.7504631433257634e-05
  nodes_walk_hhs_with_children: -0.00023568816097327953
  nodes_walk_highinc_hhs: -5.1223546418225016e-06
  nodes_walk_housing_cost: -3.868533498635399e-06
  nodes_walk_industrial: 0.00010695914987141555
  nodes_walk_jobs: -1.7501628757942705e-05
  nodes_walk_lowinc_hhs: 0.0003697902921026161
  nodes_walk_max_office_far: 0.0013584706742204042
  nodes_walk_medical: 0.0005073464333577806
  nodes_walk_node_r1500_sqft: 2.1059631662585726e-08
  nodes_walk_office: -8.331227998844815e-05
  nodes_walk_race_1_hhs: -0.0007834396268796289
  nodes_walk_race_3_hhs: 0.0015887063480661309
  nodes_walk_residential: 0.0009196460583176933
  nodes_walk_retail: 0.000635245669039646
  nodes_walk_retail_jobs: -3.609640087725632e-05
  parcel_sqft: 3.7076770414175834e-07
  parcels_ave_unit_size: 6.721758186279263e-05
  parcels_total_sqft: -4.784549528903401e-05
  parcels_zones_employment: -5.290309473672586e-07
  parcels_zones_households: -0.0001258324930009751
  parcels_zones_jobs_within_30_min: -8.646916588306257e-08
  parcels_zones_logsum_job_high_income: -5.330824549742571e-07
  parcels_zones_logsum_job_low_income: -4.386853842654003e-08
  parcels_zones_logsum_pop_high_income: 6.276208649685335e-07
  parcels_zones_logsum_pop_low_income: 1.1042556819417367e-07
  parcels_zones_population: -5.919812671752568e-10
  parcels_zones_retail_jobs: 0.00042824020958181586
  parcels_zones_transit_jobs_30min: 2.2298531486339338e-06
  parcels_zones_transit_jobs_50min: 1.176997061080101e-06
  residential_sqft: 4.312456139977637e-05
  school_district_achievement: 4.551741496502348e-05
  sqft_per_unit: 0.00029936968935839883
  vacant_job_spaces: -0.0027164041123645746
  year_built: 0.003150875622454102
  zones_acres: -1.5376771491678728e-05
  zones_employment: -2.5983624885941964e-06
  zones_logsum_job_high_income: -5.058585085520845e-07
  zones_logsum_job_low_income: -4.4347127941288e-08
  zones_logsum_pop_high_income: 5.410875704937465e-07
  zones_logsum_pop_low_income: -1.78256239776454e-08
  zones_retail_jobs: 5.595011859178291e-07
  zones_transit_jobs_30min: 2.2424104648861665e-06
  zones_transit_jobs_50min: 3.940648701931254e-08
sample_size: 303
score: 0.6168348100727659
