fit_filters:
- non_residential_sqft > 0
- sqft_price_nonres > 1
- sqft_price_nonres < 650
- hedonic_id == 12551
model_expression:
  left_side: np.log1p(sqft_price_nonres)
model_type: Regression
name: RegressionModel
predict_filters: hedonic_id == 12551
ytransform: np.exp
coef:
  Intercept: -2.5101634636702563
  building_age: -1.5169064193169122e-07
  building_sqft: 3.137912512019699e-06
  crime_other_rate: -6.118585178394664e-05
  crime_ucr_rate: -5.671422361566023e-05
  jobs_within_30_min: -1.6339549523468928e-07
  land_area: -8.348304518695166e-06
  nodes_walk_ave_nonres_sqft_price: 0.0014879108208164257
  nodes_walk_ave_unit_sqft: -5.8393788400808995e-09
  nodes_walk_hhs_with_children: -0.0006579840150495041
  nodes_walk_highinc_hhs: -0.0006763951264095798
  nodes_walk_housing_cost: 1.4770967275565605e-06
  nodes_walk_industrial: 0.0004567566563335179
  nodes_walk_jobs: 8.849737229175293e-05
  nodes_walk_medical: 0.008308097028039417
  nodes_walk_node_r1500_sqft: 3.132620406399037e-08
  nodes_walk_population: 0.00016759366264226883
  nodes_walk_race_2_hhs: 0.0005059385462482989
  nodes_walk_race_3_hhs: -0.003730152086875775
  parcel_sqft: 7.44125367073738e-07
  parcels_ave_unit_size: -0.00012343235118883033
  parcels_total_job_spaces: 0.0010492903164224345
  parcels_total_sqft: -8.575086650888194e-06
  parcels_zones_employment: 1.44875373196245e-06
  parcels_zones_households: -5.302165206339918e-05
  parcels_zones_jobs_within_30_min: 8.683016966610378e-08
  parcels_zones_logsum_job_high_income: -5.996041504319696e-08
  parcels_zones_logsum_job_low_income: 5.087205408661279e-07
  parcels_zones_logsum_pop_high_income: 8.313930047596871e-08
  parcels_zones_logsum_pop_low_income: -3.916276827762654e-07
  parcels_zones_population: 4.9568394913144636e-05
  parcels_zones_retail_jobs: 6.912314483575668e-05
  parcels_zones_transit_jobs_30min: -4.367495336418033e-06
  parcels_zones_transit_jobs_50min: -5.881281020898283e-07
  residential_sqft: 2.298882029378519e-06
  school_district_achievement: -0.00040777265686018407
  sqft_per_unit: 7.769930338362488e-06
  vacant_job_spaces: -0.0005726804083090559
  year_built: 0.0030726865422268305
  zones_acres: -4.737076389114879e-06
  zones_empden: -0.00062445289914056
  zones_households: -8.136152749152154e-05
  zones_logsum_job_high_income: -5.997077808173989e-08
  zones_logsum_job_low_income: 4.944085205947108e-07
  zones_logsum_pop_high_income: 7.431787939598384e-08
  zones_logsum_pop_low_income: -3.8742217422331045e-07
  zones_population: 3.85655511164479e-05
  zones_retail_jobs: 1.8431760783914684e-05
  zones_transit_jobs_30min: -2.4347998408510308e-06
  zones_transit_jobs_50min: -2.9266055453479694e-07
sample_size: 837
score: 0.6067078576364485
