fit_filters:
- non_residential_sqft > 0
- sqft_price_nonres > 1
- sqft_price_nonres < 650
- hedonic_id == 16163
model_expression:
  left_side: np.log1p(sqft_price_nonres)
model_type: Regression
name: RegressionModel
predict_filters: hedonic_id == 16163
ytransform: np.exp
coef:
  b_total_jobs: 0.0011145290565297986
  building_age: -0.0044795448008684655
  building_sqft: 1.1165954024187522e-05
  crime_other_rate: 0.00042025373726851646
  crime_ucr_rate: 0.0012666717749196456
  jobs_non_home_based: 2.113378889552924e-16
  jobs_within_30_min: -1.377159593970282e-06
  land_area: -9.727598616106264e-06
  nodes_walk_households: -0.0001396951137369247
  nodes_walk_housing_cost: 4.109067956915612e-06
  nodes_walk_industrial: -0.0005506894076009154
  nodes_walk_jobs: 0.00023122405712546032
  nodes_walk_max_office_far: -0.0032250356102510244
  nodes_walk_medical: -0.000577063084407091
  nodes_walk_node_r1500_sqft: -2.007410833604422e-07
  nodes_walk_office: -0.0004917019860246914
  nodes_walk_population: 0.00048807562214824024
  nodes_walk_race_1_hhs: -0.0002456433253375037
  nodes_walk_residential: -0.0017833398083950778
  nodes_walk_retail: 0.0016208634650073837
  nodes_walk_retail_jobs: -0.001020178956042099
  parcel_sqft: -5.169731430993404e-07
  parcels_total_sqft: -9.741309501521658e-07
  parcels_zones_employment: 6.400915143986532e-06
  parcels_zones_households: -0.0006000369877815928
  parcels_zones_jobs_within_30_min: -3.5142932079936234e-06
  parcels_zones_logsum_job_high_income: 3.4514844298828787e-07
  parcels_zones_logsum_job_low_income: 5.3070242351680015e-08
  parcels_zones_logsum_pop_high_income: -4.903065240327306e-07
  parcels_zones_logsum_pop_low_income: -7.183685390683012e-07
  parcels_zones_population: 0.00018018619526697188
  parcels_zones_retail_jobs: 0.0001242749767317985
  parcels_zones_transit_jobs_30min: -1.7724407037626564e-05
  parcels_zones_transit_jobs_50min: 4.69439456963302e-06
  parcels_zones_z_total_jobs: 6.726946447817558e-05
  residential_sqft: 5.491010523909988e-07
  sqft_per_unit: 0.0005695011139413216
  year_built: 0.0027779667319484634
  zones_acres: 9.799082220688427e-05
  zones_households: -0.0003740319986500759
  zones_logsum_job_high_income: 3.131414052616818e-07
  zones_logsum_job_low_income: 8.980097165111634e-08
  zones_logsum_pop_high_income: -5.236644618260533e-07
  zones_logsum_pop_low_income: 2.6518064930703226e-07
  zones_population: 9.70134942407478e-05
  zones_retail_jobs: 0.001166595883015571
  zones_transit_jobs_30min: -1.5157555665023115e-05
  zones_transit_jobs_50min: 5.428942056472532e-06
  zones_z_total_jobs: 1.3402423833258504e-05
sample_size: 39
score: 0.93000849659996
