fit_filters:
- non_residential_sqft > 0
- sqft_price_nonres > 1
- sqft_price_nonres < 650
- hedonic_id == 16151
model_expression:
  left_side: np.log1p(sqft_price_nonres)
model_type: Regression
name: RegressionModel
predict_filters: hedonic_id == 16151
ytransform: np.exp
coef:
  Intercept: -2.3920965688676015
  building_age: -1.6557773642836577e-06
  building_sqft: 3.430531625994803e-06
  crime_other_rate: 7.517974221762213e-06
  crime_ucr_rate: -0.0003853358218425419
  jobs_within_30_min: -1.2793595678918043e-06
  land_area: -1.2769781340949766e-06
  nodes_walk_ave_nonres_sqft_price: 0.0016536729560431012
  nodes_walk_ave_unit_sqft: 3.599585963319553e-05
  nodes_walk_households: 0.00039364692449817424
  nodes_walk_housing_cost: -1.922409200773947e-06
  nodes_walk_jobs: -3.207200447407542e-05
  nodes_walk_lowinc_hhs: 0.00037054860374566257
  nodes_walk_max_office_far: 0.0030609003432748023
  nodes_walk_medical: 0.004687891238130524
  nodes_walk_node_r1500_sqft: -4.146899379067007e-09
  nodes_walk_office: -0.00029727584435669904
  nodes_walk_population: -0.00013452510439790455
  nodes_walk_race_1_hhs: 0.0003941674760901645
  nodes_walk_retail: -0.0008402147534762187
  nodes_walk_retail_jobs: 0.0002876750125207495
  parcel_sqft: 1.340984563433804e-07
  parcels_ave_unit_size: 9.876677666564053e-05
  parcels_total_job_spaces: 0.0006028117162855142
  parcels_total_sqft: -6.333405615860499e-06
  parcels_zones_employment: 1.8930698835533668e-05
  parcels_zones_households: -2.626481548396861e-07
  parcels_zones_jobs_within_30_min: 9.194532963417258e-07
  parcels_zones_logsum_job_high_income: -2.0063921485765591e-07
  parcels_zones_logsum_job_low_income: -5.703816046108542e-08
  parcels_zones_logsum_pop_high_income: 1.9485383256011978e-07
  parcels_zones_logsum_pop_low_income: 1.8635766560468526e-07
  parcels_zones_population: -1.2934897324926655e-05
  parcels_zones_retail_jobs: 3.123387250439692e-05
  parcels_zones_transit_jobs_30min: 1.648110640431983e-06
  parcels_zones_transit_jobs_50min: -1.3530453337519802e-10
  parcels_zones_z_total_jobs: 9.965946993352822e-07
  residential_sqft: -0.0001429279001234265
  vacant_job_spaces: -0.0032578353834117986
  year_built: 0.003244747531879479
  zones_acres: -1.152962657840203e-05
  zones_employment: 1.7068782728256723e-06
  zones_households: -5.605817856191646e-06
  zones_logsum_job_high_income: -2.6569062346591242e-08
  zones_logsum_job_low_income: -7.085727634531072e-08
  zones_logsum_pop_high_income: 3.615736352634047e-14
  zones_logsum_pop_low_income: 4.2333531965053006e-08
  zones_population: -1.228732015096703e-06
  zones_retail_jobs: 2.7614400763071048e-05
  zones_transit_jobs_30min: 9.49385033515556e-07
  zones_transit_jobs_50min: -5.839325760333339e-09
  zones_z_total_jobs: 2.106678872393571e-06
sample_size: 198
score: 0.6511896141930105
