fit_filters:
- non_residential_sqft > 0
- sqft_price_nonres > 1
- sqft_price_nonres < 650
- hedonic_id == 333
model_type: regression
name: RegressionModel
predict_filters: hedonic_id == 333
target_variable: np.log1p(sqft_price_nonres)
ytransform: np.exp
fit_parameters:
  Coefficient:
    Intercept: -7.688728917034208
    b_total_jobs: 0.001189622288994976
    building_age: -1.6303196708516154e-05
    building_sqft: -1.0223491805900667e-06
    crime_other_rate: -1.9718016022317987e-05
    crime_ucr_rate: -0.0002124732408097527
    jobs_non_home_based: 6.23452958742744e-17
    jobs_within_30_min: -1.2160505238862249e-08
    land_area: 2.3607451022576906e-07
    nodes_walk_ave_nonres_sqft_price: 0.010511568568397517
    nodes_walk_ave_unit_sqft: 5.719528664794582e-06
    nodes_walk_housing_cost: 4.932042323555682e-07
    nodes_walk_jobs: -6.722304867055857e-06
    nodes_walk_medical: -0.0017735717487207226
    nodes_walk_node_r1500_sqft: 1.389856040810481e-11
    nodes_walk_office: -0.0011304083039849176
    nodes_walk_population: 8.214698488932695e-05
    nodes_walk_race_1_hhs: -0.00045344064868749185
    nodes_walk_race_2_hhs: -0.00018380425701945049
    nodes_walk_race_3_hhs: 0.0005599887539889788
    nodes_walk_retail: -0.00087148045391738
    nodes_walk_retail_jobs: -0.00030073357814526747
    parcel_sqft: 3.2396847254792986e-07
    parcels_ave_unit_size: 4.9822573047202055e-05
    parcels_parcel_size: -2.271451592532642e-07
    parcels_pct_undev: 0.0013393136699357431
    parcels_pptytax: -0.0023443063709361325
    parcels_total_job_spaces: -0.0003996171129242146
    parcels_total_sqft: -8.394693651091285e-07
    parcels_zones_jobs_within_30_min: 8.993388339441491e-08
    residential_sqft: 1.1454437373141438e-05
    sqft_per_unit: 0.0001096073623516935
    year_built: 0.005436805284310094
    zones_acres: -4.181571748836458e-05
    zones_employment: 4.299671645662215e-05
    zones_households: 4.235367787123141e-05
    zones_logsum_job_high_income: -2.2139610404248687e-07
    zones_logsum_job_low_income: -3.2093380237927163e-07
    zones_logsum_job_mid_income: -2.3735191320327821e-07
    zones_logsum_pop_high_income: 3.6041463752446667e-09
    zones_logsum_pop_low_income: -1.8225552337531456e-07
    zones_logsum_pop_mid_income: 5.341702905528775e-07
    zones_population: -3.0811490716132056e-05
    zones_retail_jobs: 8.33017442483402e-05
    zones_transit_jobs_30min: 4.433622448833534e-05
    zones_transit_jobs_50min: -1.5889077291326292e-06
    zones_z_total_jobs: 5.556141470831229e-07
fit_rsquared: 0.4051913565034022
fit_rsquared_adj: 0.4051913565034022
fitted: true
model_expression:
  left_side: np.log1p(sqft_price_nonres)
  right_side:
  - year_built
  - sqft_per_unit
  - land_area
  - residential_sqft
  - building_sqft
  - jobs_within_30_min
  - parcel_sqft
  - crime_ucr_rate
  - crime_other_rate
  - building_age
  - b_total_jobs
  - jobs_non_home_based
  - parcels_pptytax
  - parcels_pct_undev
  - parcels_parcel_size
  - parcels_ave_unit_size
  - parcels_total_job_spaces
  - parcels_total_sqft
  - parcels_zones_jobs_within_30_min
  - zones_acres
  - zones_households
  - zones_population
  - zones_employment
  - zones_retail_jobs
  - zones_logsum_pop_high_income
  - zones_logsum_pop_mid_income
  - zones_logsum_pop_low_income
  - zones_logsum_job_high_income
  - zones_logsum_job_mid_income
  - zones_logsum_job_low_income
  - zones_z_total_jobs
  - zones_transit_jobs_50min
  - zones_transit_jobs_30min
  - nodes_walk_population
  - nodes_walk_race_1_hhs
  - nodes_walk_race_2_hhs
  - nodes_walk_race_3_hhs
  - nodes_walk_jobs
  - nodes_walk_retail_jobs
  - nodes_walk_node_r1500_sqft
  - nodes_walk_ave_nonres_sqft_price
  - nodes_walk_retail
  - nodes_walk_office
  - nodes_walk_medical
  - nodes_walk_ave_unit_sqft
  - nodes_walk_housing_cost
sample_size: 1708
