fit_filters:
- non_residential_sqft > 0
- sqft_price_nonres > 1
- sqft_price_nonres < 650
- hedonic_id == 331
model_expression:
  left_side: np.log1p(sqft_price_nonres)
model_type: Regression
name: RegressionModel
predict_filters: hedonic_id == 331
ytransform: np.exp
coef:
  b_total_jobs: 5.579095138272846e-05
  building_age: -0.004249242553517778
  building_sqft: -1.536416246737815e-06
  crime_other_rate: 0.00014821081794538148
  crime_ucr_rate: -0.0003808022145480602
  job_spaces: 0.000745728454371192
  jobs_non_home_based: 5.0529489124790245e-20
  jobs_within_30_min: 9.29411006541055e-09
  land_area: 3.012174592629178e-07
  nodes_walk_housing_cost: 4.4767876529749186e-07
  nodes_walk_industrial: 0.011294511817433772
  nodes_walk_jobs: 5.8782093296894204e-05
  nodes_walk_lowinc_hhs: -0.0007052543156084673
  nodes_walk_medical: -0.0008163268811581337
  nodes_walk_midinc_hhs: 0.00023681965247010728
  nodes_walk_node_r1500_sqft: 1.3944020732222656e-08
  nodes_walk_office: 4.527985429487456e-05
  nodes_walk_population: 0.00010904110533817147
  nodes_walk_race_1_hhs: 0.00030638880931399244
  nodes_walk_residential: 0.00010687832343605398
  nodes_walk_retail: 0.0006925952413584853
  nodes_walk_retail_jobs: 8.961446935068858e-05
  non_residential_units: 1.1385745039886124e-16
  parcel_sqft: 1.4984054262528708e-07
  parcels_ave_unit_size: 9.788699822135465e-05
  parcels_parcel_size: -2.1990630379566212e-07
  parcels_pct_undev: 0.0012918125190419622
  parcels_pptytax: 0.0006908882352465944
  parcels_total_job_spaces: 0.0001328525997520138
  parcels_total_sqft: -8.380721675595216e-07
  parcels_zones_employment: 9.708555839166812e-06
  parcels_zones_households: 9.821046283223845e-05
  parcels_zones_jobs_within_30_min: 5.062922020096557e-08
  parcels_zones_logsum_job_high_income: -3.571874741193829e-07
  parcels_zones_logsum_job_low_income: -7.62618202391354e-08
  parcels_zones_logsum_pop_high_income: 2.3904703998519844e-07
  parcels_zones_logsum_pop_low_income: 2.0624435476953353e-08
  parcels_zones_mean_age_of_head: 0.0012676260711941417
  parcels_zones_population: -3.510755534028465e-05
  parcels_zones_retail_jobs: 0.00014069528347010807
  parcels_zones_transit_jobs_30min: -9.496991074136894e-06
  parcels_zones_transit_jobs_50min: -4.924050564142989e-07
  parcels_zones_z_total_jobs: 1.4689901175879977e-05
  school_district_achievement: -0.0005690621198901895
  zones_acres: -0.00011365183256910761
  zones_employment: 4.1192202740771214e-06
  zones_households: 9.863776946966813e-05
  zones_logsum_job_high_income: -3.746769483916203e-07
  zones_logsum_job_low_income: -4.8680697696387685e-08
  zones_logsum_pop_high_income: 2.6350791843617615e-07
  zones_logsum_pop_low_income: 9.281076508752249e-08
  zones_population: -2.8325118773606524e-05
  zones_transit_jobs_30min: -6.361018725630005e-06
  zones_transit_jobs_50min: -2.635691542347714e-07
  zones_z_total_jobs: 1.518309718176445e-05
sample_size: 2047
score: 0.511044046735483
