fit_filters:
- non_residential_sqft > 0
- sqft_price_nonres > 1
- sqft_price_nonres < 650
- hedonic_id == 14733
model_expression:
  left_side: np.log1p(sqft_price_nonres)
model_type: Regression
name: RegressionModel
predict_filters: hedonic_id == 14733
ytransform: np.exp
coef:
  building_age: -0.0010446103478545564
  building_sqft: -1.3411001396810176e-05
  crime_other_rate: 0.00011352183003148511
  crime_ucr_rate: -0.0008533450316424138
  jobs_within_30_min: -4.085327125926607e-06
  land_area: 1.6196719410859398e-05
  nodes_walk_ave_nonres_sqft_price: 0.008212520203902852
  nodes_walk_ave_unit_sqft: -1.395009671817959e-05
  nodes_walk_hhs_with_children: 0.0011089145218756127
  nodes_walk_housing_cost: -1.2440571573013328e-06
  nodes_walk_industrial: 0.006761700327138854
  nodes_walk_jobs: 0.0006545238150270018
  nodes_walk_medical: -0.0010640133583896974
  nodes_walk_node_r1500_sqft: -1.4618916368861967e-08
  nodes_walk_office: -0.0005743871653710976
  nodes_walk_population: 0.00025701558848584754
  nodes_walk_retail_jobs: -0.003207978312865305
  parcel_sqft: 6.312686874715691e-07
  parcels_parcel_size: -5.931956883734994e-07
  parcels_total_job_spaces: 0.003710087824955476
  parcels_total_sqft: -7.066779543915159e-06
  parcels_zones_employment: 1.7759882993238125e-05
  parcels_zones_households: -0.00033365911160262394
  parcels_zones_jobs_within_30_min: 5.17214409097709e-07
  parcels_zones_logsum_job_high_income: 7.885015324692821e-07
  parcels_zones_logsum_job_low_income: 4.552613908762121e-06
  parcels_zones_logsum_pop_high_income: -1.2986113884588692e-08
  parcels_zones_logsum_pop_low_income: -2.5290439886890877e-06
  parcels_zones_population: 0.0001419805923366994
  parcels_zones_retail_jobs: 9.085952382303773e-05
  parcels_zones_transit_jobs_30min: -2.6568766747328427e-05
  parcels_zones_transit_jobs_50min: -1.504525020445834e-05
  parcels_zones_z_total_jobs: 6.238376376355715e-08
  year_built: 0.002946870109445659
  zones_acres: 8.233356550888414e-06
  zones_employment: 5.902821602296573e-05
  zones_households: -0.0004868252475351992
  zones_logsum_job_high_income: 4.925317161248485e-07
  zones_logsum_job_low_income: 4.6400151242355834e-06
  zones_logsum_pop_high_income: -2.35211646640463e-07
  zones_logsum_pop_low_income: -2.032083781529308e-06
  zones_population: 0.0001362706229706156
  zones_retail_jobs: 0.00020459828764236477
  zones_transit_jobs_30min: -7.661401787273933e-06
  zones_transit_jobs_50min: -1.235339060595173e-05
  zones_z_total_jobs: 4.843355454732782e-06
sample_size: 404
score: 0.5023769636216847
