fit_filters:
- non_residential_sqft > 0
- sqft_price_nonres > 1
- sqft_price_nonres < 650
- hedonic_id == 14723
model_expression:
  left_side: np.log1p(sqft_price_nonres)
model_type: Regression
name: RegressionModel
predict_filters: hedonic_id == 14723
ytransform: np.exp
coef:
  Intercept: -2.119616562161772
  b_total_jobs: 0.00784029416377164
  building_age: -0.0001694330072145904
  building_sqft: -2.4181067547401284e-05
  crime_other_rate: 7.508953906547329e-05
  jobs_non_home_based: 4.6551806018584234e-18
  jobs_within_30_min: 9.737689889343066e-07
  land_area: 8.012607688527581e-06
  nodes_walk_ave_nonres_sqft_price: 0.0023481033008123345
  nodes_walk_ave_unit_sqft: 3.5396426611410446e-06
  nodes_walk_housing_cost: -4.353059244102304e-06
  nodes_walk_industrial: -0.0008759758750629612
  nodes_walk_jobs: -1.1704752990359598e-05
  nodes_walk_lowinc_hhs: -0.0010668951445465338
  nodes_walk_medical: 0.0004207612038253836
  nodes_walk_node_r1500_sqft: -3.5325451150968703e-09
  nodes_walk_office: 0.00885679466974689
  nodes_walk_population: 0.00029004667132946556
  nodes_walk_residential: 0.0018460937558217086
  nodes_walk_retail: -5.329754401652837e-05
  nodes_walk_retail_jobs: 7.936283531329506e-05
  parcel_sqft: 8.195232432004742e-08
  parcels_ave_unit_size: 0.0001675345937967826
  parcels_total_sqft: -6.352154297303818e-06
  parcels_zones_employment: 6.315808122446378e-05
  parcels_zones_households: -4.780138362140098e-05
  parcels_zones_jobs_within_30_min: 2.42524058686024e-09
  parcels_zones_logsum_job_high_income: 8.628878229195355e-06
  parcels_zones_logsum_job_low_income: -2.134577849819975e-06
  parcels_zones_logsum_pop_high_income: -4.387811448474904e-06
  parcels_zones_logsum_pop_low_income: 1.206826420222355e-06
  parcels_zones_population: 7.094317631176903e-05
  parcels_zones_retail_jobs: 7.56508461254689e-05
  parcels_zones_transit_jobs_30min: 2.923130009844308e-05
  parcels_zones_transit_jobs_50min: -1.2586777862630898e-05
  parcels_zones_z_total_jobs: 1.2236211813297219e-05
  sqft_per_unit: 0.00018276073661575366
  year_built: 0.0025526923260048465
  zones_acres: 1.5474152469508242e-06
  zones_employment: 7.413829287691464e-06
  zones_households: -7.067965633803349e-05
  zones_logsum_job_high_income: 8.510366068730812e-06
  zones_logsum_job_low_income: -2.0939670143173665e-06
  zones_logsum_pop_high_income: -4.8378592564261985e-06
  zones_logsum_pop_low_income: 1.3689707651933612e-06
  zones_population: 1.8576601476143207e-05
  zones_transit_jobs_30min: 2.05206996670176e-05
  zones_transit_jobs_50min: -1.1988255076893063e-05
  zones_z_total_jobs: 4.515246136606161e-07
sample_size: 493
score: 0.4486580323115833
