fit_filters:
- non_residential_sqft > 0
- sqft_price_nonres > 1
- sqft_price_nonres < 650
- hedonic_id == 14731
model_expression:
  left_side: np.log1p(sqft_price_nonres)
model_type: Regression
name: RegressionModel
predict_filters: hedonic_id == 14731
ytransform: np.exp
coef:
  b_total_jobs: 0.0018204603698939916
  building_sqft: -1.2306192710703624e-05
  crime_ucr_rate: -5.063070998481152e-05
  jobs_within_30_min: 3.6867918437330767e-06
  land_area: 7.024232611419225e-06
  nodes_walk_ave_unit_sqft: 2.053235098721886e-07
  nodes_walk_housing_cost: -5.020476898568838e-06
  nodes_walk_industrial: 0.02248945776962867
  nodes_walk_jobs: -0.0002925346392840596
  nodes_walk_medical: 0.0010011633587301894
  nodes_walk_node_r1500_sqft: -1.2345523364798557e-08
  nodes_walk_office: -0.0006516229282205821
  nodes_walk_population: -0.0004970057307546725
  nodes_walk_retail_jobs: 0.0003410142177386866
  parcel_sqft: 3.005122976899027e-08
  parcels_ave_unit_size: 0.00030125740868837197
  parcels_total_sqft: -1.3205136187635305e-06
  parcels_zones_employment: -1.4212662034090608e-05
  parcels_zones_households: 0.000630190698897675
  parcels_zones_jobs_within_30_min: 8.201490644038746e-07
  parcels_zones_logsum_job_high_income: -1.4981586673650675e-08
  parcels_zones_logsum_job_low_income: 2.522970505386232e-06
  parcels_zones_logsum_pop_high_income: 4.7344143406135763e-07
  parcels_zones_logsum_pop_low_income: -9.617648018164503e-07
  parcels_zones_population: -0.00026759245562627454
  parcels_zones_retail_jobs: -3.1535667238233844e-05
  parcels_zones_transit_jobs_30min: -2.728625127328747e-05
  parcels_zones_transit_jobs_50min: -5.759487029236396e-06
  parcels_zones_z_total_jobs: -5.092817750486351e-07
  year_built: 0.004493643987743774
  zones_acres: 2.2836423611440696e-06
  zones_employment: -2.465345208513667e-06
  zones_households: 0.0007241078667860236
  zones_logsum_job_high_income: 3.590224467605298e-08
  zones_logsum_job_low_income: 2.4532471052313096e-06
  zones_logsum_pop_high_income: 1.226755207468066e-07
  zones_logsum_pop_low_income: -1.154152474548784e-06
  zones_population: -0.0002604471881040453
  zones_retail_jobs: -6.402303689576e-05
  zones_transit_jobs_30min: -1.898077431093432e-05
  zones_transit_jobs_50min: -3.076678971844622e-06
  zones_z_total_jobs: -1.4593319405893888e-06
sample_size: 256
score: 0.5056240773635874
