fit_filters:
- non_residential_sqft > 0
- sqft_price_nonres > 1
- sqft_price_nonres < 650
- hedonic_id == 14731
model_expression:
  left_side: np.log1p(sqft_price_nonres)
model_type: Regression
name: RegressionModel
predict_filters: hedonic_id == 14731
ytransform: np.exp
coef:
  b_total_jobs: 0.000994793162938741
  building_age: -1.3318186535151207e-06
  building_sqft: -2.147069891369385e-05
  crime_other_rate: -1.9208531777544593e-05
  crime_ucr_rate: 1.6298252188671485e-05
  jobs_non_home_based: 1.3739016033925503e-16
  jobs_within_30_min: 1.407720971401187e-06
  land_area: 1.9369671134948394e-05
  nodes_walk_housing_cost: -5.569377999311934e-06
  nodes_walk_industrial: 0.024016435907671104
  nodes_walk_jobs: -0.0003279104234551725
  nodes_walk_medical: 0.00028331434206186885
  nodes_walk_node_r1500_sqft: -4.847744815542004e-09
  nodes_walk_office: -0.00033760459681569303
  nodes_walk_population: -8.283384820109298e-05
  nodes_walk_retail: 0.000452368735072961
  nodes_walk_retail_jobs: 2.993568367843713e-05
  parcel_sqft: 4.809622396267814e-08
  parcels_ave_unit_size: 0.00030990577478328605
  parcels_parcel_size: -1.4965644436203458e-07
  parcels_total_sqft: -3.447160954648672e-07
  parcels_zones_employment: -5.273457270827905e-06
  parcels_zones_households: 0.0003117732476078104
  parcels_zones_jobs_within_30_min: 9.352893039116824e-07
  parcels_zones_logsum_job_high_income: 4.2433326385025894e-07
  parcels_zones_logsum_job_low_income: 1.1976266337036607e-06
  parcels_zones_logsum_pop_high_income: 2.8567770455469195e-07
  parcels_zones_logsum_pop_low_income: -5.022338397474524e-07
  parcels_zones_population: -0.00013560213713128982
  parcels_zones_retail_jobs: -2.7330838211967576e-05
  parcels_zones_transit_jobs_30min: -5.0780045356848335e-05
  parcels_zones_transit_jobs_50min: -7.3991893663942515e-06
  parcels_zones_z_total_jobs: -2.4227492718349803e-07
  year_built: 0.003471439575937584
  zones_acres: 1.7983939125518917e-06
  zones_households: 0.0003831622743896232
  zones_logsum_job_high_income: 2.918471157401059e-07
  zones_logsum_job_low_income: 1.2557137988261766e-06
  zones_logsum_pop_high_income: -9.208696084594179e-08
  zones_logsum_pop_low_income: -1.931981283506611e-07
  zones_population: -0.00013033675916500605
  zones_transit_jobs_30min: -3.060313844776398e-05
  zones_transit_jobs_50min: -4.524559766406255e-06
  zones_z_total_jobs: -3.0732069206262315e-07
sample_size: 385
score: 0.543769894266966
