fit_filters:
- non_residential_sqft > 0
- sqft_price_nonres > 1
- sqft_price_nonres < 650
- hedonic_id == 361
model_expression:
  left_side: np.log1p(sqft_price_nonres)
model_type: Regression
name: RegressionModel
predict_filters: hedonic_id == 361
ytransform: np.exp
coef:
  building_age: -0.006885108851596356
  building_sqft: 6.853450011542886e-07
  crime_other_rate: 0.0001088906936434016
  crime_ucr_rate: -0.0007394355709163124
  job_spaces: -0.00033891317776252555
  jobs_within_30_min: -2.0841074943542368e-06
  land_area: -8.967601056203741e-06
  nodes_walk_ave_nonres_sqft_price: 0.004471992315808437
  nodes_walk_ave_unit_sqft: 0.00019663035835702046
  nodes_walk_hhs_with_children: 0.0029581423172816024
  nodes_walk_housing_cost: -7.3268820116000265e-06
  nodes_walk_jobs: 0.00030074888928646076
  nodes_walk_lowinc_hhs: 0.00058312244359505
  nodes_walk_medical: -0.00020680521501655036
  nodes_walk_midinc_hhs: -0.0012484333886597964
  nodes_walk_node_r1500_sqft: 2.082900615446505e-08
  nodes_walk_population: 2.988922738787293e-05
  nodes_walk_race_2_hhs: 0.0041968821911821386
  nodes_walk_race_3_hhs: 0.0005600982107908774
  nodes_walk_race_4_hhs: -0.00364583261995421
  nodes_walk_residential: 0.0025780294802713525
  nodes_walk_retail: -0.002785962509091107
  nodes_walk_retail_jobs: -0.000742749012764185
  non_residential_units: -8.883030190695433e-17
  parcel_sqft: -2.0242700156232397e-07
  parcels_ave_unit_size: 0.0003158549251519093
  parcels_landvalue: 8.702727627448693e-07
  parcels_total_job_spaces: -0.005210959896355789
  parcels_total_sqft: -1.469644516733796e-07
  parcels_zones_employment: -9.09469432420954e-05
  parcels_zones_jobs_within_30_min: 6.464636296446971e-07
  parcels_zones_logsum_job_high_income: -6.777727832325628e-08
  parcels_zones_logsum_job_low_income: 1.7196720520044595e-07
  parcels_zones_logsum_pop_high_income: 2.9318092362237527e-06
  parcels_zones_logsum_pop_low_income: -2.619800984319418e-07
  parcels_zones_mean_age_of_head: 0.002680025664696062
  parcels_zones_population: 8.444878168134567e-08
  parcels_zones_retail_jobs: -6.003061018576137e-05
  parcels_zones_transit_jobs_30min: 2.4411746985967355e-05
  parcels_zones_transit_jobs_50min: -3.6889564404213876e-06
  parcels_zones_z_total_jobs: -3.9652371733962664e-08
  residential_sqft: 0.0037353931303001527
  sqft_per_unit: -0.004509919288426146
  vacant_job_spaces: -0.0113307041769082
  year_built: 0.0008340718001017302
  zone_mean_age_of_head: 1.2967396980568806e-18
  zones_acres: -0.0003865257054113795
  zones_employment: -9.608723678449082e-07
  zones_logsum_job_high_income: -5.372447846671184e-07
  zones_logsum_job_low_income: 2.8078737274466373e-07
  zones_logsum_pop_high_income: -2.2517724909516053e-07
  zones_logsum_pop_low_income: -9.374578895339005e-08
  zones_mean_age_of_head: 8.983919716535237e-05
  zones_population: 1.5348741205110376e-05
  zones_retail_jobs: -0.000450272507496478
  zones_transit_jobs_30min: 1.8917232503485708e-05
  zones_transit_jobs_50min: -3.6398992224187756e-06
sample_size: 115
score: 0.6075321954236421
