fit_filters:
- non_residential_sqft > 0
- sqft_price_nonres > 1
- sqft_price_nonres < 650
- hedonic_id == 331
model_expression:
  left_side: np.log1p(sqft_price_nonres)
model_type: Regression
name: RegressionModel
predict_filters: hedonic_id == 331
ytransform: np.exp
coef:
  b_total_jobs: 0.0003739371994034065
  building_age: -0.00043261042843846845
  building_sqft: -1.2816193057074148e-06
  crime_other_rate: -1.6397515779595604e-05
  crime_ucr_rate: -0.0002471838531879103
  jobs_non_home_based: 1.809383922783498e-17
  jobs_within_30_min: -2.0865208418627112e-07
  land_area: 4.2766351478477687e-07
  nodes_walk_housing_cost: -8.340202444746325e-07
  nodes_walk_industrial: 0.00806938927464345
  nodes_walk_jobs: 0.0001826666343937416
  nodes_walk_medical: -0.00021161105363231178
  nodes_walk_node_r1500_sqft: 5.823342694916268e-09
  nodes_walk_population: -5.233303717926551e-05
  nodes_walk_race_1_hhs: 0.0004767488587257965
  nodes_walk_residential: 0.00021771122970625214
  nodes_walk_retail: 0.0004094080008719274
  nodes_walk_retail_jobs: -5.169719460611855e-05
  parcel_sqft: 4.2441406767799885e-07
  parcels_total_sqft: -1.4222704422892832e-06
  parcels_zones_employment: 2.134779214857331e-05
  parcels_zones_households: -5.8201399108893084e-05
  parcels_zones_jobs_within_30_min: 2.6388563252433637e-07
  parcels_zones_logsum_job_high_income: -3.386025366107396e-07
  parcels_zones_logsum_job_low_income: 5.654237093053143e-08
  parcels_zones_logsum_pop_high_income: 2.4248484924691767e-07
  parcels_zones_logsum_pop_low_income: -1.6317828660147647e-07
  parcels_zones_population: 4.2933627026979035e-05
  parcels_zones_transit_jobs_30min: 1.3319681774553198e-06
  parcels_zones_transit_jobs_50min: 3.3621909981938763e-07
  parcels_zones_z_total_jobs: 5.939375572600619e-06
  vacant_job_spaces: -8.541406109778551e-05
  year_built: 0.004303669748618049
  zones_acres: -9.492253606802283e-06
  zones_households: -7.592148416731668e-05
  zones_logsum_job_high_income: -3.5157840326841273e-07
  zones_logsum_job_low_income: 7.274438581570112e-08
  zones_logsum_pop_high_income: 2.6867615566168543e-07
  zones_logsum_pop_low_income: -1.1553202839069986e-07
  zones_population: 3.887163072649549e-05
  zones_transit_jobs_30min: 1.4174003410700687e-06
  zones_transit_jobs_50min: 2.7143861230127474e-07
  zones_z_total_jobs: 3.6198318021436615e-06
sample_size: 1352
score: 0.47980131005802507
