fit_filters:
- non_residential_sqft > 0
- sqft_price_nonres > 1
- sqft_price_nonres < 650
- hedonic_id == 321
model_expression:
  left_side: np.log1p(sqft_price_nonres)
model_type: Regression
name: RegressionModel
predict_filters: hedonic_id == 321
ytransform: np.exp
coef:
  Intercept: -7.569789962491476
  building_age: -1.724201940308849e-05
  building_sqft: 4.387090321435485e-06
  crime_other_rate: 4.0515637788606915e-05
  crime_ucr_rate: -0.00016705335756282024
  jobs_within_30_min: -2.3721338549267048e-08
  land_area: -4.574531230525645e-06
  nodes_walk_ave_nonres_sqft_price: 0.00017753108203944734
  nodes_walk_highinc_hhs: 0.000324571796440787
  nodes_walk_households: 0.00014184791861616844
  nodes_walk_housing_cost: 4.861126240241266e-07
  nodes_walk_jobs: 0.00011228823605965878
  nodes_walk_lowinc_hhs: -0.00014074027827611248
  nodes_walk_medical: 0.0003123168606389064
  nodes_walk_midinc_hhs: 8.05426636464611e-05
  nodes_walk_node_r1500_sqft: -1.183978255722193e-09
  nodes_walk_office: 0.0002823822058761298
  nodes_walk_race_1_hhs: 0.00016260058774077662
  nodes_walk_retail: 0.007321699906154453
  nodes_walk_retail_jobs: 0.0002130522741938456
  parcel_sqft: 2.6506390729784675e-07
  parcels_total_sqft: -4.126848754011061e-06
  parcels_zones_employment: 9.890540128178554e-06
  parcels_zones_households: -1.9289182949220726e-05
  parcels_zones_jobs_within_30_min: 5.355056886530313e-08
  parcels_zones_logsum_job_high_income: -1.783222534703443e-08
  parcels_zones_logsum_job_low_income: -5.652256306296111e-08
  parcels_zones_logsum_pop_high_income: 6.409583370927036e-09
  parcels_zones_logsum_pop_low_income: 9.37990014949763e-09
  parcels_zones_population: 1.7140291128882996e-05
  parcels_zones_retail_jobs: 0.00011310789142226577
  parcels_zones_transit_jobs_30min: 4.606340447122165e-06
  parcels_zones_transit_jobs_50min: -5.032644076048737e-07
  parcels_zones_z_total_jobs: 3.443187294370048e-07
  residential_sqft: 6.263317929655822e-06
  sqft_per_unit: 0.0002265278811949148
  vacant_job_spaces: -0.0015584052854334244
  year_built: 0.005572993310395773
  zones_acres: -9.329065490948962e-06
  zones_employment: 7.16212556607967e-07
  zones_households: -3.461462580859417e-05
  zones_logsum_job_high_income: -2.979703443983875e-08
  zones_logsum_job_low_income: -4.181125649809727e-08
  zones_logsum_pop_high_income: 2.185127885468012e-08
  zones_logsum_pop_low_income: 4.23422833706691e-08
  zones_population: 1.6799141591906473e-05
  zones_transit_jobs_30min: 2.141547368552031e-06
  zones_transit_jobs_50min: -4.7520763892660665e-07
  zones_z_total_jobs: 1.2866781168746503e-09
sample_size: 6240
score: 0.3807188298158286
