fit_filters:
- non_residential_sqft > 0
- sqft_price_nonres > 1
- sqft_price_nonres < 650
- hedonic_id == 531
model_expression:
  left_side: np.log1p(sqft_price_nonres)
model_type: Regression
name: RegressionModel
predict_filters: hedonic_id == 531
ytransform: np.exp
coef:
  building_age: -1.0568648441902671e-05
  building_sqft: 1.2455237000461588e-06
  crime_other_rate: 2.689226172808414e-07
  crime_ucr_rate: 6.602762571898937e-06
  jobs_within_30_min: -3.017443960298153e-07
  land_area: -2.0375252933156804e-06
  nodes_walk_ave_unit_sqft: 2.060463166202882e-05
  nodes_walk_households: 0.0004394975010195313
  nodes_walk_housing_cost: 4.77440781001933e-06
  nodes_walk_industrial: 0.037094189312886314
  nodes_walk_jobs: -4.907193281184178e-05
  nodes_walk_midinc_hhs: 0.0007701533140500552
  nodes_walk_node_r1500_sqft: 1.9145294971753762e-08
  nodes_walk_office: 0.0001873363409955927
  nodes_walk_population: -0.00042028528881303084
  nodes_walk_race_4_hhs: 0.0006076077774034431
  nodes_walk_retail_jobs: 0.0015834639087010734
  parcel_sqft: 1.1902865095874952e-06
  parcels_ave_unit_size: 9.132448846574252e-07
  parcels_total_sqft: -3.28304343216114e-06
  parcels_zones_employment: 4.404600479158325e-05
  parcels_zones_households: -0.0002288861902376324
  parcels_zones_jobs_within_30_min: -2.5091421643572944e-13
  parcels_zones_logsum_job_high_income: 2.0378099691385062e-08
  parcels_zones_logsum_job_low_income: -2.1580178997298064e-08
  parcels_zones_logsum_pop_high_income: -6.654991866645775e-10
  parcels_zones_logsum_pop_low_income: 3.814333626647649e-08
  parcels_zones_population: 4.0599553820986774e-05
  parcels_zones_retail_jobs: 0.00033584730810883907
  parcels_zones_transit_jobs_30min: 3.823158973954843e-06
  parcels_zones_transit_jobs_50min: -1.5248212632595116e-06
  parcels_zones_z_total_jobs: 6.3752851785138026e-06
  sqft_per_unit: 0.0008692223839566674
  vacant_job_spaces: 0.00035834818632087906
  year_built: 0.009573800983510608
  zones_acres: -0.00019407633564185635
  zones_employment: 4.462307771325164e-06
  zones_households: -9.695047813292104e-05
  zones_logsum_job_high_income: 1.8549515456985324e-08
  zones_logsum_job_low_income: -2.088347199955527e-08
  zones_logsum_pop_high_income: -1.655062834641258e-08
  zones_logsum_pop_low_income: 3.267019924527027e-08
  zones_population: 4.1688949836586945e-05
  zones_retail_jobs: 1.8303028467338554e-05
  zones_transit_jobs_30min: 2.033665419800444e-06
  zones_transit_jobs_50min: -1.1940190855673003e-06
  zones_z_total_jobs: 5.358172803449323e-07
sample_size: 1225
score: 0.41511031518041197
