fit_filters:
- non_residential_sqft > 0
- sqft_price_nonres > 1
- sqft_price_nonres < 650
- hedonic_id == 9923
model_type: regression
name: RegressionModel
predict_filters: hedonic_id == 9923
target_variable: np.log1p(sqft_price_nonres)
ytransform: np.exp
fit_parameters:
  Coefficient:
    Intercept: -1.3982738196516085
    b_total_jobs: 0.001274737719019711
    building_age: -0.0008253458297160704
    building_sqft: -6.497362467977101e-07
    crime_other_rate: 3.385138389604239e-05
    crime_ucr_rate: 0.00014436859695991192
    jobs_non_home_based: 1.777945020005338e-18
    jobs_within_30_min: 1.1125970585690985e-07
    land_area: -2.9427625934053003e-06
    nodes_walk_ave_nonres_sqft_price: 0.0018067698928683415
    nodes_walk_housing_cost: -3.7108060314909903e-06
    nodes_walk_jobs: 2.6856036541477646e-05
    nodes_walk_medical: 0.00032739608262227066
    nodes_walk_node_r1500_sqft: 4.943743422732082e-09
    nodes_walk_office: 0.008292068496779376
    nodes_walk_race_1_hhs: 0.00012374012709859405
    nodes_walk_race_2_hhs: -0.0005174399968279035
    nodes_walk_residential: 0.0007930184043432245
    nodes_walk_retail_jobs: 0.00030887531578357183
    parcel_sqft: 1.1909793652407398e-06
    parcels_parcel_size: -1.4236725964423218e-06
    parcels_total_job_spaces: -0.0017143573283309361
    parcels_total_sqft: 9.073435365433427e-07
    parcels_zones_jobs_within_30_min: -1.1677050064493977e-07
    residential_sqft: 4.827654993146658e-05
    sqft_per_unit: 0.00064582589851167
    year_built: 0.0024418542168101564
    zones_acres: -6.876359032574682e-06
    zones_employment: -3.9498090560520326e-05
    zones_households: -2.9485252599248592e-06
    zones_logsum_job_high_income: 1.127680418035384e-07
    zones_logsum_job_low_income: 3.9086136195265574e-07
    zones_logsum_job_mid_income: -7.133820165390961e-08
    zones_logsum_pop_high_income: -7.158243917023224e-08
    zones_logsum_pop_low_income: -4.608252965888918e-07
    zones_logsum_pop_mid_income: 1.0504754340719282e-07
    zones_population: 1.7223320365149378e-05
    zones_retail_jobs: -4.1929830806930994e-05
    zones_transit_jobs_30min: 7.163857349621373e-06
    zones_transit_jobs_50min: -3.438103039292041e-08
    zones_z_total_jobs: -2.806812906442683e-06
fit_rsquared: 0.3983040394048719
fit_rsquared_adj: 0.3983040394048719
fitted: true
model_expression:
  left_side: np.log1p(sqft_price_nonres)
  right_side:
  - year_built
  - sqft_per_unit
  - land_area
  - residential_sqft
  - building_sqft
  - jobs_within_30_min
  - parcel_sqft
  - crime_ucr_rate
  - crime_other_rate
  - building_age
  - b_total_jobs
  - jobs_non_home_based
  - parcels_parcel_size
  - parcels_total_job_spaces
  - parcels_total_sqft
  - parcels_zones_jobs_within_30_min
  - zones_acres
  - zones_households
  - zones_population
  - zones_employment
  - zones_retail_jobs
  - zones_logsum_pop_high_income
  - zones_logsum_pop_mid_income
  - zones_logsum_pop_low_income
  - zones_logsum_job_high_income
  - zones_logsum_job_mid_income
  - zones_logsum_job_low_income
  - zones_z_total_jobs
  - zones_transit_jobs_50min
  - zones_transit_jobs_30min
  - nodes_walk_race_1_hhs
  - nodes_walk_race_2_hhs
  - nodes_walk_jobs
  - nodes_walk_retail_jobs
  - nodes_walk_node_r1500_sqft
  - nodes_walk_residential
  - nodes_walk_ave_nonres_sqft_price
  - nodes_walk_office
  - nodes_walk_medical
  - nodes_walk_housing_cost
sample_size: 1850
