fit_filters:
- non_residential_sqft > 0
- sqft_price_nonres > 1
- sqft_price_nonres < 650
- hedonic_id == 16165
model_expression:
  left_side: np.log1p(sqft_price_nonres)
model_type: Regression
name: RegressionModel
predict_filters: hedonic_id == 16165
ytransform: np.exp
coef:
  Intercept: 1.2997849859242088
  building_sqft: -1.4701994776393484e-05
  crime_other_rate: 4.6158681268344676e-05
  crime_ucr_rate: 7.621066131553544e-05
  jobs_within_30_min: 1.4506753419027706e-06
  land_area: -9.758758999996224e-06
  nodes_walk_ave_nonres_sqft_price: 0.005200416107256308
  nodes_walk_ave_unit_sqft: 1.9635262081745555e-05
  nodes_walk_housing_cost: -2.3703095797555455e-06
  nodes_walk_industrial: 0.0007796981306375365
  nodes_walk_jobs: -6.335231855089273e-06
  nodes_walk_medical: -0.00031258899130677206
  nodes_walk_node_r1500_sqft: -2.7696066639821742e-08
  nodes_walk_office: 0.0004533687676762456
  nodes_walk_population: 0.0003925801707606995
  nodes_walk_race_1_hhs: -0.0011837398278700972
  nodes_walk_race_3_hhs: 0.000906033860647416
  nodes_walk_retail: 0.0006537096195570888
  nodes_walk_retail_jobs: -0.0001295005490088825
  parcel_sqft: 1.1349314778724941e-07
  parcels_ave_unit_size: 5.520357333764292e-05
  parcels_total_job_spaces: 0.0018241348315823746
  parcels_total_sqft: -7.756785751342975e-06
  parcels_zones_empden: -7.907241524523237e-05
  parcels_zones_employment: -9.337042829165761e-07
  parcels_zones_households: -1.6724293836445089e-06
  parcels_zones_jobs_within_30_min: 1.1058832181409133e-07
  parcels_zones_logsum_job_high_income: 8.495096888675568e-07
  parcels_zones_logsum_job_low_income: 4.569903098015979e-09
  parcels_zones_logsum_pop_high_income: -9.819694108240935e-07
  parcels_zones_logsum_pop_low_income: 7.496812800240715e-09
  parcels_zones_population: -2.145644032001613e-05
  parcels_zones_retail_jobs: 0.0005681274166997247
  parcels_zones_transit_jobs_30min: -1.4361024289124404e-06
  parcels_zones_transit_jobs_50min: 6.699881396209578e-07
  residential_sqft: 6.231933901844568e-05
  school_district_achievement: 0.00152337777498942
  sqft_per_unit: 0.0001870504569924356
  vacant_job_spaces: -0.004659244741344154
  year_built: 0.0017682633987017328
  zones_acres: -3.730632100193334e-05
  zones_empden: -1.2305049170113195e-05
  zones_households: -8.980619028755307e-06
  zones_logsum_job_high_income: 8.369161109496365e-07
  zones_logsum_job_low_income: 3.6698596515985413e-09
  zones_logsum_pop_high_income: -9.96850563139679e-07
  zones_logsum_pop_low_income: -1.1311341889378815e-08
  zones_population: -6.001376772987838e-06
  zones_retail_jobs: 1.4655365067624337e-05
  zones_transit_jobs_30min: -1.2991986687976546e-06
  zones_transit_jobs_50min: 3.994295117581561e-07
  zones_z_total_jobs: -4.6199094240416485e-06
sample_size: 366
score: 0.6355301034915266
