fit_filters:
- non_residential_sqft > 0
- sqft_price_nonres > 1
- sqft_price_nonres < 650
- hedonic_id == 331
model_expression:
  left_side: np.log1p(sqft_price_nonres)
model_type: Regression
name: RegressionModel
predict_filters: hedonic_id == 331
ytransform: np.exp
coef:
  Intercept: -0.1651815974064501
  b_total_jobs: 1.6276063557926833e-05
  building_age: -0.0026211757953804116
  building_sqft: -1.424283217928157e-06
  crime_other_rate: 9.509131864485741e-05
  crime_ucr_rate: -0.0004067261861807671
  job_spaces: 0.0006742856914342453
  jobs_within_30_min: 1.3244137791800816e-08
  land_area: 2.5980011987647813e-07
  nodes_walk_ave_nonres_sqft_price: -0.0003600006478351616
  nodes_walk_housing_cost: 3.296725883803853e-07
  nodes_walk_industrial: 0.011199952761786758
  nodes_walk_jobs: 4.187774712109577e-05
  nodes_walk_lowinc_hhs: -0.0004384146381547874
  nodes_walk_medical: -0.0011477772675241623
  nodes_walk_midinc_hhs: 0.0006237712487470882
  nodes_walk_node_r1500_sqft: 1.6041266665593497e-08
  nodes_walk_office: 0.00013611289028207912
  nodes_walk_population: 4.1597986081760046e-06
  nodes_walk_race_1_hhs: 0.00041371978613115616
  nodes_walk_residential: 0.00014714689942116492
  nodes_walk_retail: 0.0008091408915366018
  nodes_walk_retail_jobs: 0.0002791761599945861
  non_residential_units: 9.983463150443714e-17
  parcel_sqft: 6.1263306453845e-08
  parcels_ave_unit_size: 9.28154808757967e-05
  parcels_total_job_spaces: 3.485349463941135e-05
  parcels_total_sqft: -5.323560255743239e-07
  parcels_zones_employment: 4.921306611325384e-05
  parcels_zones_households: 7.0126699947432e-05
  parcels_zones_jobs_within_30_min: 1.8033434523144756e-07
  parcels_zones_logsum_job_high_income: -6.05556103509204e-08
  parcels_zones_logsum_job_low_income: -9.534957641716465e-08
  parcels_zones_logsum_pop_high_income: 2.660480932015496e-08
  parcels_zones_logsum_pop_low_income: 4.4826439213766266e-08
  parcels_zones_mean_age_of_head: 0.0017101818308571236
  parcels_zones_population: -2.6420307548852977e-05
  parcels_zones_retail_jobs: 0.00013530644942596516
  parcels_zones_transit_jobs_30min: -1.0753445369560523e-05
  parcels_zones_transit_jobs_50min: -1.5979462208178838e-07
  parcels_zones_z_total_jobs: 3.760829385313232e-06
  school_district_achievement: -0.0019959458862939573
  year_built: 0.0014528979839173834
  zone_mean_age_of_head: 8.13425446754006e-19
  zones_acres: -0.0001206042156806498
  zones_employment: 4.502141662657119e-06
  zones_households: 0.00010774973018339136
  zones_logsum_job_high_income: -7.277817656324763e-08
  zones_logsum_job_low_income: -7.602238907103695e-08
  zones_logsum_pop_high_income: 4.657476184464528e-08
  zones_logsum_pop_low_income: 9.249034782888589e-08
  zones_mean_age_of_head: 0.00013768726609794766
  zones_population: -2.022848711939295e-05
  zones_transit_jobs_30min: -6.994244967347961e-06
  zones_transit_jobs_50min: -1.5713563507473923e-08
  zones_z_total_jobs: 3.848405071102035e-06
sample_size: 2047
score: 0.4943531153178109
