fit_filters:
- non_residential_sqft > 0
- sqft_price_nonres > 1
- sqft_price_nonres < 650
- hedonic_id == 16151
model_expression:
  left_side: np.log1p(sqft_price_nonres)
model_type: Regression
name: RegressionModel
predict_filters: hedonic_id == 16151
ytransform: np.exp
coef:
  b_total_jobs: 0.0007355399032756566
  building_age: -0.00023008257289763439
  building_sqft: -5.008834995787705e-06
  crime_other_rate: -0.00010415196889770619
  crime_ucr_rate: -0.00025311943176046126
  jobs_non_home_based: 9.553416461518684e-17
  jobs_within_30_min: -1.1796520093289372e-06
  land_area: 4.737024099104585e-06
  nodes_walk_ave_nonres_sqft_price: 0.0015555438123405268
  nodes_walk_ave_unit_sqft: 0.00011766103665345291
  nodes_walk_households: 0.0006636194467642135
  nodes_walk_housing_cost: -1.5343975472172108e-06
  nodes_walk_jobs: -5.706914486534975e-05
  nodes_walk_lowinc_hhs: 0.0009040224423770102
  nodes_walk_max_office_far: 0.0013014794873500665
  nodes_walk_medical: 0.0043725225871408275
  nodes_walk_node_r1500_sqft: -8.618310188447569e-09
  nodes_walk_office: -4.858044881793028e-05
  nodes_walk_population: -0.00020739458248491782
  nodes_walk_race_2_hhs: 0.0005315809938245462
  nodes_walk_race_3_hhs: -3.8006834930652036e-05
  nodes_walk_retail: -0.0013743204833606235
  nodes_walk_retail_jobs: 0.0003912591816068872
  parcel_sqft: 8.750909240145755e-08
  parcels_ave_unit_size: 2.6856704189291765e-06
  parcels_total_sqft: -1.5245694182410604e-07
  parcels_zones_employment: 9.01888026266695e-06
  parcels_zones_households: 0.00024821564717137675
  parcels_zones_jobs_within_30_min: 5.721491836479637e-07
  parcels_zones_logsum_job_high_income: -2.0822800577134867e-07
  parcels_zones_logsum_job_low_income: -8.321387809388581e-08
  parcels_zones_logsum_pop_high_income: 2.9613134603589636e-07
  parcels_zones_logsum_pop_low_income: 2.68275277134016e-07
  parcels_zones_population: -9.256303920493723e-05
  parcels_zones_retail_jobs: 0.00014661682046352196
  parcels_zones_transit_jobs_30min: 1.7232926702009731e-06
  parcels_zones_transit_jobs_50min: 5.790957804656417e-07
  parcels_zones_z_total_jobs: 1.1290138053892793e-06
  residential_sqft: -0.00018577979985639952
  vacant_job_spaces: -0.006013887170294447
  year_built: 0.0037375076306744902
  zones_acres: -2.014148533084814e-05
  zones_employment: 1.7350578614038247e-06
  zones_households: 0.00022818226755823827
  zones_logsum_job_high_income: 9.97210914786916e-09
  zones_logsum_job_low_income: -1.0409899241561447e-07
  zones_logsum_pop_high_income: -3.949002420303738e-08
  zones_logsum_pop_low_income: 3.0030066078846683e-08
  zones_population: -6.522923904450657e-05
  zones_retail_jobs: 0.00013351519921584105
  zones_transit_jobs_30min: 1.4681169746385266e-06
  zones_transit_jobs_50min: 2.0313076341186705e-07
  zones_z_total_jobs: 1.7956624533207865e-06
sample_size: 172
score: 0.6527254825126813
