fit_filters:
- non_residential_sqft > 0
- sqft_price_nonres > 1
- sqft_price_nonres < 650
- hedonic_id == 14733
model_expression:
  left_side: np.log1p(sqft_price_nonres)
model_type: Regression
name: RegressionModel
predict_filters: hedonic_id == 14733
ytransform: np.exp
coef:
  Intercept: -3.770769094960104
  building_age: -0.0006230736997680499
  building_sqft: -1.4952747947622672e-05
  crime_other_rate: 9.665669024767559e-05
  crime_ucr_rate: -0.0008278128225069689
  jobs_within_30_min: -4.195599026198764e-06
  land_area: 1.7930330746841308e-05
  nodes_walk_ave_nonres_sqft_price: 0.008624105232194014
  nodes_walk_ave_unit_sqft: -2.1259872482495072e-05
  nodes_walk_hhs_with_children: 0.0009035642115509649
  nodes_walk_housing_cost: -1.9972142270818367e-07
  nodes_walk_industrial: 0.0068767383153217655
  nodes_walk_jobs: 0.0006592091520174001
  nodes_walk_medical: -0.0011581383246291475
  nodes_walk_node_r1500_sqft: -1.4818858038886065e-08
  nodes_walk_office: -0.0007003931418171037
  nodes_walk_population: 0.0002871160516934901
  nodes_walk_retail_jobs: -0.0034810371414244943
  parcel_sqft: 1.431016868971298e-07
  parcels_ave_unit_size: -3.512705413713886e-05
  parcels_total_job_spaces: 0.0037478986102515498
  parcels_total_sqft: -6.028864841089799e-06
  parcels_zones_employment: 2.978141726162008e-05
  parcels_zones_households: -0.0004122759565372194
  parcels_zones_jobs_within_30_min: 9.746059236591428e-07
  parcels_zones_logsum_job_high_income: 1.689970800214454e-07
  parcels_zones_logsum_job_low_income: 4.786784536585198e-06
  parcels_zones_logsum_pop_high_income: 2.753440329280024e-07
  parcels_zones_logsum_pop_low_income: -2.639951201893446e-06
  parcels_zones_population: 0.00016362387869444354
  parcels_zones_retail_jobs: 0.00020645514366897784
  parcels_zones_transit_jobs_30min: -2.176292703998396e-05
  parcels_zones_transit_jobs_50min: -1.441475656171005e-05
  parcels_zones_z_total_jobs: 2.216157397804816e-07
  year_built: 0.00342522330367762
  zones_acres: 6.122096657495754e-06
  zones_employment: 5.414543487380253e-05
  zones_households: -0.0005288561932816146
  zones_logsum_job_high_income: -8.985675707712915e-08
  zones_logsum_job_low_income: 4.852847756540938e-06
  zones_logsum_pop_high_income: 8.592177740577739e-08
  zones_logsum_pop_low_income: -2.2157544218983837e-06
  zones_population: 0.00016171521971351886
  zones_retail_jobs: 0.00019983299852118134
  zones_transit_jobs_30min: -5.704857718804763e-06
  zones_transit_jobs_50min: -1.1938643154968403e-05
  zones_z_total_jobs: 7.136859106725664e-06
sample_size: 404
score: 0.49430418894321415
