fit_filters:
- non_residential_sqft > 0
- sqft_price_nonres > 1
- sqft_price_nonres < 650
- hedonic_id == 12565
model_type: regression
name: RegressionModel
predict_filters: hedonic_id == 12565
target_variable: np.log1p(sqft_price_nonres)
ytransform: np.exp
fit_parameters:
  Coefficient:
    Intercept: -6.368639625790354
    b_total_jobs: 0.00048765670527668725
    building_age: -0.00017263413433973613
    building_sqft: -4.1737412304871746e-05
    crime_other_rate: 2.642120543845038e-05
    crime_ucr_rate: -8.491986731764418e-05
    jobs_within_30_min: 7.998814283781769e-09
    land_area: 2.1906508227010813e-05
    nodes_walk_ave_nonres_sqft_price: 0.007611456882741794
    nodes_walk_ave_unit_sqft: -3.874406576157574e-05
    nodes_walk_highinc_hhs: 0.0006464057606475771
    nodes_walk_housing_cost: 1.5674942750854374e-06
    nodes_walk_industrial: 0.0009518407111686454
    nodes_walk_jobs: -1.3120413846861912e-05
    nodes_walk_midinc_hhs: -0.00024310655348625063
    nodes_walk_node_r1500_sqft: 1.0782468125173615e-08
    nodes_walk_office: 0.00018826163229425215
    nodes_walk_population: -9.599493641430016e-05
    nodes_walk_race_2_hhs: 0.0001575012361235413
    nodes_walk_retail_jobs: 0.00018823865992280946
    parcel_sqft: -1.1028466815755555e-07
    parcels_ave_unit_size: -4.653172396035287e-05
    parcels_parcel_size: -2.934624682290607e-07
    parcels_pct_undev: -0.0012853478066515369
    parcels_total_job_spaces: 0.0014889458024521446
    parcels_total_sqft: -6.1047616146999985e-06
    parcels_zones_jobs_within_30_min: -2.3456103399401937e-08
    vacant_job_spaces: -0.00046200529295320925
    year_built: 0.005501263982306927
    zones_acres: -6.151144326128755e-05
    zones_employment: -1.4476820141131527e-05
    zones_households: 0.0001724866854217146
    zones_logsum_job_high_income: 8.505647481993377e-07
    zones_logsum_job_low_income: 5.138490855932277e-07
    zones_logsum_job_mid_income: -4.049424656827245e-07
    zones_logsum_pop_high_income: -8.241689489222893e-07
    zones_logsum_pop_low_income: -4.5291396994468345e-07
    zones_logsum_pop_mid_income: 5.575319607094891e-07
    zones_population: -7.752498269113394e-05
    zones_transit_jobs_30min: -4.5644380748103705e-06
    zones_transit_jobs_50min: 6.906974749239626e-08
    zones_z_total_jobs: -4.795957994611094e-06
fit_rsquared: 0.3821185109845233
fitted: true
model_expression:
  left_side: np.log1p(sqft_price_nonres)
  right_side:
  - year_built
  - land_area
  - building_sqft
  - jobs_within_30_min
  - vacant_job_spaces
  - parcel_sqft
  - crime_ucr_rate
  - crime_other_rate
  - building_age
  - b_total_jobs
  - parcels_pct_undev
  - parcels_parcel_size
  - parcels_ave_unit_size
  - parcels_total_job_spaces
  - parcels_total_sqft
  - parcels_zones_jobs_within_30_min
  - zones_acres
  - zones_households
  - zones_population
  - zones_employment
  - zones_logsum_pop_high_income
  - zones_logsum_pop_mid_income
  - zones_logsum_pop_low_income
  - zones_logsum_job_high_income
  - zones_logsum_job_mid_income
  - zones_logsum_job_low_income
  - zones_z_total_jobs
  - zones_transit_jobs_50min
  - zones_transit_jobs_30min
  - nodes_walk_population
  - nodes_walk_midinc_hhs
  - nodes_walk_highinc_hhs
  - nodes_walk_race_2_hhs
  - nodes_walk_jobs
  - nodes_walk_retail_jobs
  - nodes_walk_node_r1500_sqft
  - nodes_walk_ave_nonres_sqft_price
  - nodes_walk_office
  - nodes_walk_industrial
  - nodes_walk_ave_unit_sqft
  - nodes_walk_housing_cost
sample_size: 1189
