fit_filters:
- non_residential_sqft > 0
- sqft_price_nonres > 1
- sqft_price_nonres < 650
- hedonic_id == 9951
model_expression:
  left_side: np.log1p(sqft_price_nonres)
model_type: Regression
name: RegressionModel
predict_filters: hedonic_id == 9951
ytransform: np.exp
coef:
  Intercept: -5.486631894045049
  b_total_jobs: 0.0004925548282604634
  building_sqft: 2.7055296428637927e-05
  crime_other_rate: 2.7142639123000734e-05
  crime_ucr_rate: 0.00010814903301140387
  jobs_within_30_min: 6.886880910164129e-07
  land_area: -8.285348998857255e-06
  nodes_walk_ave_nonres_sqft_price: 4.275117295308219e-05
  nodes_walk_ave_unit_sqft: 2.1946473147332935e-05
  nodes_walk_housing_cost: 1.1584477723768425e-06
  nodes_walk_jobs: 3.9503794696385464e-05
  nodes_walk_medical: 0.008047758617687572
  nodes_walk_midinc_hhs: 0.00031008543833077384
  nodes_walk_node_r1500_sqft: -3.102161937120204e-08
  nodes_walk_office: -0.0003749863977323385
  nodes_walk_race_1_hhs: 0.0004319048529038669
  nodes_walk_race_2_hhs: -0.00020725106196831645
  nodes_walk_retail: 0.0003898027481579779
  nodes_walk_retail_jobs: -8.097415414382347e-05
  parcel_sqft: 8.97765524959718e-07
  parcels_total_sqft: -3.213910897833748e-05
  parcels_zones_employment: 2.7135215340363215e-06
  parcels_zones_jobs_within_30_min: -1.7858053795092198e-07
  parcels_zones_logsum_job_high_income: -1.7308473402396678e-06
  parcels_zones_logsum_job_low_income: 1.5680663030185302e-07
  parcels_zones_logsum_pop_high_income: 3.801188637064445e-07
  parcels_zones_logsum_pop_low_income: -1.603753077536277e-07
  parcels_zones_population: 8.081148448128161e-07
  parcels_zones_transit_jobs_30min: -5.08056657422024e-07
  parcels_zones_transit_jobs_50min: 1.1948649551889712e-06
  parcels_zones_z_total_jobs: 1.0764991110363461e-05
  residential_sqft: 1.088393267001807e-05
  sqft_per_unit: 0.00021205455348116852
  year_built: 0.004763029985537909
  zones_acres: 4.374568632959775e-06
  zones_employment: 2.512798305980518e-06
  zones_logsum_job_high_income: -1.599960506915323e-06
  zones_logsum_job_low_income: 1.2102080643263896e-07
  zones_logsum_pop_high_income: 1.1151978103112567e-06
  zones_logsum_pop_low_income: -2.161476369388739e-07
  zones_transit_jobs_30min: -2.1458558785409903e-07
  zones_transit_jobs_50min: 6.049586288727835e-07
  zones_z_total_jobs: 1.474158761928808e-06
sample_size: 635
score: 0.5715375800422479
