fit_filters:
- non_residential_sqft > 0
- sqft_price_nonres > 1
- sqft_price_nonres < 650
- hedonic_id == 14723
model_type: regression
name: RegressionModel
predict_filters: hedonic_id == 14723
target_variable: np.log1p(sqft_price_nonres)
ytransform: np.exp
fit_parameters:
  Coefficient:
    Intercept: -1.997318141819922
    b_total_jobs: 0.008436422757565685
    building_age: -0.0001016408526818238
    building_sqft: -2.026304279067799e-05
    crime_other_rate: 6.078476089796615e-05
    jobs_within_30_min: 8.322887898964713e-07
    land_area: 7.225900901722589e-06
    nodes_walk_ave_nonres_sqft_price: 0.002705987993926285
    nodes_walk_ave_unit_sqft: 2.880264455307236e-06
    nodes_walk_housing_cost: -2.982356434841219e-06
    nodes_walk_industrial: -0.0008010225291701784
    nodes_walk_jobs: -1.815372176758682e-05
    nodes_walk_lowinc_hhs: -0.0007919459548839879
    nodes_walk_medical: 0.00039538917801288417
    nodes_walk_node_r1500_sqft: 1.8620827000464885e-10
    nodes_walk_office: 0.008717800238635736
    nodes_walk_population: 0.0002560936915017478
    nodes_walk_residential: 0.0015510263724666414
    nodes_walk_retail_jobs: 2.3213500977540613e-05
    parcel_sqft: 2.2173625285953617e-07
    parcels_ave_unit_size: 0.00013769821147661861
    parcels_parcel_size: -4.3282774707597734e-07
    parcels_total_sqft: -9.572217126877508e-06
    parcels_zones_jobs_within_30_min: 1.5353334000655722e-08
    sqft_per_unit: 0.0001849897534853707
    year_built: 0.002493352922495172
    zones_acres: 2.389523108477281e-07
    zones_employment: 5.906436772870413e-05
    zones_households: -8.416808315624819e-05
    zones_logsum_job_high_income: 1.470092496480493e-05
    zones_logsum_job_low_income: -3.853473018350649e-06
    zones_logsum_job_mid_income: -1.1921106052784109e-06
    zones_logsum_pop_high_income: -7.776417861839446e-06
    zones_logsum_pop_low_income: 2.368268771239834e-06
    zones_logsum_pop_mid_income: 4.5519807664953727e-07
    zones_population: 7.59165360780366e-05
    zones_retail_jobs: 8.951120510589386e-05
    zones_transit_jobs_30min: 4.6014234454027316e-05
    zones_transit_jobs_50min: -2.1526796758609116e-05
    zones_z_total_jobs: 4.81474381759013e-07
  Std. Error: {}
  T-Score: {}
fit_rsquared: 0.45232789361186565
fit_rsquared_adj: 0.45232789361186565
fitted: true
model_expression:
  left_side: np.log1p(sqft_price_nonres)
  right_side:
  - year_built
  - sqft_per_unit
  - land_area
  - building_sqft
  - jobs_within_30_min
  - parcel_sqft
  - crime_other_rate
  - building_age
  - b_total_jobs
  - parcels_parcel_size
  - parcels_ave_unit_size
  - parcels_total_sqft
  - parcels_zones_jobs_within_30_min
  - zones_acres
  - zones_households
  - zones_population
  - zones_employment
  - zones_retail_jobs
  - zones_logsum_pop_high_income
  - zones_logsum_pop_mid_income
  - zones_logsum_pop_low_income
  - zones_logsum_job_high_income
  - zones_logsum_job_mid_income
  - zones_logsum_job_low_income
  - zones_z_total_jobs
  - zones_transit_jobs_50min
  - zones_transit_jobs_30min
  - nodes_walk_population
  - nodes_walk_lowinc_hhs
  - nodes_walk_jobs
  - nodes_walk_retail_jobs
  - nodes_walk_node_r1500_sqft
  - nodes_walk_residential
  - nodes_walk_ave_nonres_sqft_price
  - nodes_walk_office
  - nodes_walk_industrial
  - nodes_walk_medical
  - nodes_walk_ave_unit_sqft
  - nodes_walk_housing_cost
sample_size: 493
