fit_filters:
- non_residential_sqft > 0
- sqft_price_nonres > 1
- sqft_price_nonres < 650
- hedonic_id == 11
model_type: regression
name: RegressionModel
predict_filters: hedonic_id == 11
target_variable: np.log1p(sqft_price_nonres)
ytransform: np.exp
fit_parameters:
  Coefficient:
    Intercept: -9.60465028365707
    building_age: -0.00046677313174648153
    building_sqft: 1.4864166154402291e-05
    crime_other_rate: 0.00016569800063723428
    crime_ucr_rate: -0.0008192333105119975
    job_spaces: -0.0013067604296024017
    jobs_within_30_min: -2.3272899606379744e-06
    land_area: -3.5719301469565987e-06
    nodes_walk_ave_nonres_sqft_price: 0.0004350385178549898
    nodes_walk_ave_unit_sqft: 0.0002795336994379423
    nodes_walk_hhs_with_children: 0.0009369485798362226
    nodes_walk_highinc_hhs: -0.002663991379633923
    nodes_walk_households: -0.0002912951598510865
    nodes_walk_housing_cost: -2.628099950325476e-06
    nodes_walk_industrial: 8.119522738579857e-05
    nodes_walk_jobs: -0.00015137874053477779
    nodes_walk_medical: 0.0024746964841425695
    nodes_walk_node_r1500_sqft: -7.268641550661503e-09
    nodes_walk_office: 0.005021614724861903
    nodes_walk_population: -0.00014220946179121374
    nodes_walk_race_2_hhs: -0.0007559627950949058
    nodes_walk_race_3_hhs: 0.0017594242652902755
    nodes_walk_race_4_hhs: -0.0033776631067143795
    nodes_walk_residential: 0.001638860217490317
    nodes_walk_retail: -0.0026910540814946344
    non_residential_units: -2.330266694166096e-19
    parcel_sqft: -4.96403134010658e-07
    parcels_ave_unit_size: 0.00015344598274075362
    parcels_parcel_size: 4.9667396783228106e-06
    parcels_total_job_spaces: 0.002761941828873274
    parcels_total_sqft: -1.7113866973694537e-05
    parcels_zones_jobs_within_30_min: 9.649907471451358e-07
    sqft_per_unit: 0.00014438147753678083
    vacant_job_spaces: -0.008268161929364908
    year_built: 0.006230330900401213
    zones_acres: -0.00010235846305361547
    zones_employment: 0.00023322214305504917
    zones_households: -0.0002817458022819957
    zones_logsum_job_high_income: 4.771370448830759e-07
    zones_logsum_job_low_income: -3.6755729836850696e-07
    zones_logsum_job_mid_income: -9.031597276275755e-08
    zones_logsum_pop_high_income: 9.047872126816813e-07
    zones_logsum_pop_low_income: 4.389580271487752e-07
    zones_logsum_pop_mid_income: 4.3946591061867455e-09
    zones_population: 8.283776629048803e-05
    zones_retail_jobs: -6.435625686072062e-06
    zones_transit_jobs_30min: 2.8337384330196604e-05
    zones_transit_jobs_50min: -1.7401182042706593e-06
    zones_z_total_jobs: -0.0002130267954361921
fit_rsquared: 0.693520731550051
fitted: true
sample_size: 160
