fit_filters:
- non_residential_sqft > 0
- sqft_price_nonres > 1
- sqft_price_nonres < 650
- hedonic_id == 93
model_expression:
  left_side: np.log1p(sqft_price_nonres)
model_type: Regression
name: RegressionModel
predict_filters: hedonic_id == 93
ytransform: np.exp
coef:
  building_age: -0.0003114388825733111
  building_sqft: 3.8836943742250755e-05
  crime_other_rate: -0.0001085814326181883
  crime_ucr_rate: 0.00021687923455706613
  jobs_within_30_min: -3.6246044254904383e-06
  land_area: -1.7673713007167514e-05
  nodes_walk_ave_unit_sqft: -0.00012965669108422245
  nodes_walk_hhs_with_children: -0.0013102933168913486
  nodes_walk_highinc_hhs: -0.00016912154088607141
  nodes_walk_households: 0.0003484467334533878
  nodes_walk_housing_cost: 2.2236119086724635e-06
  nodes_walk_industrial: -0.0009969590129871061
  nodes_walk_jobs: 1.6000867381340028e-07
  nodes_walk_lowinc_hhs: 0.00033110636558275234
  nodes_walk_midinc_hhs: 6.544532421263685e-05
  nodes_walk_node_r1500_sqft: -4.676839588328415e-08
  nodes_walk_office: -0.0009228169986494747
  nodes_walk_population: -0.00020323040003061342
  nodes_walk_race_3_hhs: 0.0006152483934293794
  nodes_walk_retail: -7.56305260070913e-06
  nodes_walk_retail_jobs: -0.00013001604073836195
  parcel_sqft: 5.056345444960439e-07
  parcels_ave_unit_size: -1.2149805898085175e-05
  parcels_parcel_size: -5.795151448357923e-05
  parcels_total_sqft: -4.7474427612996675e-05
  parcels_zones_households: -1.4838316370845583e-05
  parcels_zones_jobs_within_30_min: 5.186910597201104e-08
  parcels_zones_logsum_job_high_income: 3.1029163902239406e-06
  parcels_zones_logsum_job_low_income: 1.920346698641751e-08
  parcels_zones_logsum_pop_high_income: 3.315494953947923e-07
  parcels_zones_logsum_pop_low_income: -8.940053921707155e-10
  parcels_zones_population: 5.537680427138442e-05
  parcels_zones_transit_jobs_50min: 3.592193229147507e-06
  year_built: 0.002494166824655227
  zones_employment: -1.1074025946562808e-05
  zones_households: -2.1327705266826582e-05
  zones_logsum_job_high_income: 3.327811093617112e-06
  zones_logsum_job_low_income: 6.046773336564916e-09
  zones_logsum_pop_high_income: -1.932518542805973e-06
  zones_logsum_pop_low_income: -4.585984239179175e-08
  zones_transit_jobs_30min: -6.406396020740299e-07
  zones_transit_jobs_50min: -9.545511241397412e-08
  zones_z_total_jobs: -6.46421209090009e-08
sample_size: 95
score: 0.9521441847016472
