fit_filters:
- non_residential_sqft > 0
- sqft_price_nonres > 1
- sqft_price_nonres < 650
- hedonic_id == 365
model_expression:
  left_side: np.log1p(sqft_price_nonres)
model_type: Regression
name: RegressionModel
predict_filters: hedonic_id == 365
ytransform: np.exp
coef:
  b_total_jobs: 0.002060931729909767
  building_age: -0.00021614228858113336
  building_sqft: 1.4443554530537058e-05
  crime_other_rate: 3.952271542536802e-06
  crime_ucr_rate: -0.00011411786883402246
  jobs_non_home_based: 3.004416461142894e-19
  jobs_within_30_min: -3.860098035512324e-08
  land_area: -1.7037365311030805e-05
  nodes_walk_ave_nonres_sqft_price: 0.006218854045535198
  nodes_walk_ave_unit_sqft: -2.7180874963974103e-06
  nodes_walk_households: -0.00012765717157061952
  nodes_walk_housing_cost: -1.972792362629791e-06
  nodes_walk_industrial: 0.0010622310450463738
  nodes_walk_jobs: 8.9387613769203e-05
  nodes_walk_node_r1500_sqft: -2.6945411519460926e-09
  nodes_walk_population: -7.36162961235951e-06
  nodes_walk_race_3_hhs: -0.0004921932534309319
  nodes_walk_residential: 0.0003684182135395376
  nodes_walk_retail_jobs: 3.987068128373828e-06
  parcel_sqft: -1.1458702125000466e-07
  parcels_parcel_size: 2.739363830491278e-07
  parcels_pct_undev: -9.338765750707798e-05
  parcels_total_job_spaces: 0.0013291790666889486
  parcels_total_sqft: -4.6741155743565e-06
  parcels_zones_employment: 1.804521509516029e-05
  parcels_zones_jobs_within_30_min: 7.777750227856459e-08
  parcels_zones_logsum_job_high_income: 8.818774828391187e-08
  parcels_zones_logsum_job_low_income: -8.017055086460236e-08
  parcels_zones_logsum_pop_high_income: -6.186240684035864e-08
  parcels_zones_logsum_pop_low_income: 5.661140126507761e-08
  parcels_zones_population: -2.9262121707581994e-06
  parcels_zones_retail_jobs: -4.8609265747929374e-05
  parcels_zones_transit_jobs_30min: 5.587713702732317e-07
  parcels_zones_transit_jobs_50min: 1.047225278728726e-06
  parcels_zones_z_total_jobs: 5.917956881234032e-06
  residential_sqft: 0.00012438177784891596
  vacant_job_spaces: -0.0050962716978454805
  year_built: 0.007299331876528735
  zones_acres: -0.00015788987502937394
  zones_employment: 6.129317347766159e-06
  zones_logsum_job_high_income: 1.272693610071513e-07
  zones_logsum_job_low_income: -9.998886582494946e-08
  zones_logsum_pop_high_income: -8.140187103943232e-08
  zones_logsum_pop_low_income: -3.999377288150049e-08
  zones_population: -5.849172140910775e-07
  zones_retail_jobs: -2.1771617262160258e-05
  zones_transit_jobs_30min: 3.494282968113482e-07
  zones_transit_jobs_50min: 6.73745031936101e-07
  zones_z_total_jobs: 7.139881209362414e-07
sample_size: 1431
score: 0.4247838214886057
