fit_filters:
- non_residential_sqft > 0
- sqft_price_nonres > 1
- sqft_price_nonres < 650
- hedonic_id == 16131
model_type: regression
name: RegressionModel
predict_filters: hedonic_id == 16131
target_variable: np.log1p(sqft_price_nonres)
ytransform: np.exp
fit_parameters:
  Coefficient:
    Intercept: -2.8472831276060795
    b_total_jobs: 0.00038321725571908413
    building_age: -0.0006747739984337472
    building_sqft: 1.9516876913210437e-07
    crime_other_rate: 9.147957483354044e-05
    crime_ucr_rate: -0.00029027784138490573
    job_spaces: 0.00022706400021364653
    jobs_non_home_based: 3.156296122331682e-20
    jobs_within_30_min: 2.8857426977890145e-06
    land_area: -9.702723954611302e-07
    nodes_walk_ave_nonres_sqft_price: -0.0008924988396319219
    nodes_walk_ave_unit_sqft: -9.050231524716996e-05
    nodes_walk_housing_cost: 1.5061419145401139e-07
    nodes_walk_industrial: 0.011277828528811441
    nodes_walk_jobs: 4.589095280329825e-05
    nodes_walk_lowinc_hhs: -0.0009691462895574988
    nodes_walk_max_office_far: -0.001204835814265955
    nodes_walk_medical: -0.0006573902546423076
    nodes_walk_midinc_hhs: 0.0005329172155119905
    nodes_walk_node_r1500_sqft: 1.1239090850204031e-08
    nodes_walk_office: 0.0001344055379962125
    nodes_walk_population: -0.0003676230832412457
    nodes_walk_retail: 0.0005104531607179127
    nodes_walk_retail_jobs: -0.0004130147431512247
    non_residential_units: 4.4943419247393956e-17
    parcel_sqft: -4.591740886807626e-08
    parcels_parcel_size: 4.174138676731797e-08
    parcels_total_sqft: -3.8819835066979664e-07
    parcels_zones_jobs_within_30_min: -1.997630847571368e-06
    year_built: 0.0028619275150169507
    zone_mean_age_of_head: 1.8006857425542384e-16
    zones_acres: 6.641385525187983e-06
    zones_empden: 0.002797399787881374
    zones_employment: 7.880409635116439e-05
    zones_logsum_job_high_income: -1.3684557380971553e-07
    zones_logsum_job_low_income: 5.123009494455188e-07
    zones_logsum_job_mid_income: -2.458543611533276e-07
    zones_logsum_pop_high_income: 1.839345040250458e-07
    zones_logsum_pop_low_income: -3.923528534179824e-07
    zones_logsum_pop_mid_income: 1.2848079202210773e-07
    zones_mean_age_of_head: 0.0009810063147918891
    zones_population: 3.7370397141708235e-05
    zones_retail_jobs: 0.0002155682981547315
    zones_transit_jobs_30min: 6.821897361211391e-06
    zones_transit_jobs_50min: -1.1310286076330017e-06
fit_rsquared: 0.7576200785201855
fitted: true
sample_size: 536
