fit_filters:
- non_residential_sqft > 0
- sqft_price_nonres > 1
- sqft_price_nonres < 650
- hedonic_id == 52
model_expression:
  left_side: np.log1p(sqft_price_nonres)
model_type: Regression
name: RegressionModel
predict_filters: hedonic_id == 52
ytransform: np.exp
coef:
  b_total_jobs: -0.0002332524682666646
  building_sqft: -6.6229853596508956e-06
  crime_other_rate: -5.148330306090346e-05
  crime_ucr_rate: 0.00017527967987892443
  jobs_non_home_based: -7.601688838256948e-18
  jobs_within_30_min: -1.1254697044686255e-06
  land_area: -2.83421743377778e-06
  large_area_id: 0.0005474656555430311
  nodes_walk_housing_cost: 5.229130184333847e-06
  nodes_walk_jobs: 0.0002631404522411104
  nodes_walk_medical: 0.008585655232603129
  nodes_walk_midinc_hhs: 0.0011122724575524548
  nodes_walk_node_r1500_sqft: 8.279950339203853e-08
  nodes_walk_population: 3.528562490777085e-05
  nodes_walk_retail: 0.005238934847215168
  parcel_sqft: 7.996745383021915e-07
  parcels_ave_unit_size: -2.8040080661437696e-05
  parcels_total_sqft: 1.1806923608064118e-06
  parcels_zones_employment: 0.00023886038937006348
  parcels_zones_households: -0.0002650571170684637
  parcels_zones_jobs_within_30_min: 2.8653877269834305e-07
  parcels_zones_logsum_job_high_income: 3.4628577102256276e-07
  parcels_zones_logsum_job_low_income: 1.0762230654335842e-06
  parcels_zones_logsum_pop_high_income: -2.1102074658703576e-07
  parcels_zones_logsum_pop_low_income: -1.0776327171596778e-06
  parcels_zones_population: 5.242347365823586e-05
  parcels_zones_transit_jobs_30min: 2.1114731518324744e-05
  parcels_zones_transit_jobs_50min: 1.5101359923890487e-06
  parcels_zones_z_total_jobs: 1.2846846325100128e-05
  zones_acres: -0.00046230522236131603
  zones_employment: 1.6005424578452254e-05
  zones_logsum_job_high_income: 3.9444882460285194e-07
  zones_logsum_job_low_income: 1.0413824056340623e-06
  zones_logsum_pop_high_income: -3.3226708764098834e-07
  zones_logsum_pop_low_income: -1.1691383787978142e-06
  zones_population: 0.00026475024840879783
  zones_transit_jobs_30min: 1.170500823876267e-05
  zones_transit_jobs_50min: 8.089335439804312e-07
  zones_z_total_jobs: 4.686739269510097e-06
sample_size: 28
score: 0.9991175791595087
