fit_filters:
- non_residential_sqft > 0
- sqft_price_nonres > 1
- sqft_price_nonres < 650
- hedonic_id == 16133
model_expression:
  left_side: np.log1p(sqft_price_nonres)
model_type: Regression
name: RegressionModel
predict_filters: hedonic_id == 16133
ytransform: np.exp
coef:
  Intercept: -6.31706066177898
  b_total_jobs: 0.00044850252744652014
  building_age: -8.237166564551263e-05
  building_sqft: -3.914438727419341e-06
  crime_other_rate: -0.00015471092841945702
  crime_ucr_rate: 0.00016627885378427576
  jobs_non_home_based: 2.62810782936418e-19
  jobs_within_30_min: 9.779882151935582e-07
  land_area: 4.859543865097732e-06
  nodes_walk_ave_nonres_sqft_price: 0.009501032277664207
  nodes_walk_ave_unit_sqft: -4.2040923233764506e-06
  nodes_walk_housing_cost: 2.4790513881950547e-06
  nodes_walk_industrial: -0.0019170331652913477
  nodes_walk_jobs: 0.00017011241979646721
  nodes_walk_medical: -0.0010371644551690823
  nodes_walk_node_r1500_sqft: -2.6415890250715977e-09
  nodes_walk_office: 0.0007276025708757845
  nodes_walk_population: -0.0001707632329568942
  nodes_walk_race_2_hhs: 0.001700768167429098
  nodes_walk_residential: -0.0007794441209714684
  nodes_walk_retail: -0.002892889318971727
  parcel_sqft: -1.341580316939015e-07
  parcels_ave_unit_size: -5.814482901796377e-05
  parcels_total_job_spaces: 0.00038153149906646307
  parcels_total_sqft: -9.431256320120037e-07
  parcels_zones_employment: 6.534706932375954e-05
  parcels_zones_households: 8.826184450479665e-06
  parcels_zones_jobs_within_30_min: 2.721173671704046e-07
  parcels_zones_logsum_job_high_income: 3.3548053203610194e-08
  parcels_zones_logsum_job_low_income: 3.90874289853853e-07
  parcels_zones_logsum_pop_high_income: -9.65593515091985e-08
  parcels_zones_logsum_pop_low_income: -8.635807135193566e-09
  parcels_zones_population: 5.234374217459293e-05
  parcels_zones_transit_jobs_30min: 9.896752412396957e-06
  parcels_zones_transit_jobs_50min: -3.5717504873494073e-06
  school_district_achievement: 0.002965064518142974
  year_built: 0.004768137741674348
  zones_acres: -4.3176672177497e-05
  zones_employment: 4.837845894891865e-09
  zones_logsum_job_high_income: 1.8898254890534084e-07
  zones_logsum_job_low_income: 3.581986337722118e-07
  zones_logsum_pop_high_income: -2.6261171517116447e-07
  zones_logsum_pop_low_income: -3.0165856174629885e-07
  zones_population: 2.2404547947169745e-05
  zones_retail_jobs: -4.9846655395583314e-05
  zones_transit_jobs_30min: 7.366937711613699e-06
  zones_transit_jobs_50min: -3.013639097711466e-06
sample_size: 560
score: 0.5950769854281743
