fit_filters:
- non_residential_sqft > 0
- sqft_price_nonres > 1
- sqft_price_nonres < 650
- hedonic_id == 92
model_expression:
  left_side: np.log1p(sqft_price_nonres)
model_type: Regression
name: RegressionModel
predict_filters: hedonic_id == 92
ytransform: np.exp
coef:
  Intercept: 8.213421582785907
  building_sqft: -1.8125322496036684e-05
  jobs_within_30_min: 9.944235615931504e-08
  land_area: -6.762518770529608e-05
  nodes_walk_housing_cost: 1.3804357292808544e-06
  nodes_walk_node_r1500_sqft: -1.1723839453036611e-07
  parcel_sqft: -2.797548643647864e-06
  parcels_ave_unit_size: -7.324435184558206e-06
  parcels_total_sqft: -7.251759200553963e-06
  parcels_zones_employment: 0.0001901906223852414
  parcels_zones_jobs_within_30_min: 1.7833944665646533e-07
  parcels_zones_logsum_job_high_income: -1.4446747956942196e-06
  parcels_zones_logsum_job_low_income: -3.332071309941631e-07
  parcels_zones_logsum_pop_high_income: 8.813493500677008e-07
  parcels_zones_logsum_pop_low_income: 1.4365672039251712e-07
  parcels_zones_transit_jobs_30min: -1.19222862251521e-05
  parcels_zones_transit_jobs_50min: 8.004147925234289e-06
  parcels_zones_z_total_jobs: 1.1634654821329246e-06
  zones_acres: -0.001033155601210832
  zones_employment: 0.00010910094178243963
  zones_logsum_job_high_income: -1.3502307830564331e-06
  zones_logsum_job_low_income: -2.7838394648723066e-07
  zones_logsum_pop_high_income: -1.2288582917569514e-06
  zones_logsum_pop_low_income: 6.234861078761036e-08
  zones_transit_jobs_30min: -1.0388848938016421e-05
  zones_transit_jobs_50min: 7.24037909003938e-06
sample_size: 8
score: 0.9999991252097524
