fit_filters:
- non_residential_sqft > 0
- sqft_price_nonres > 1
- sqft_price_nonres < 650
- hedonic_id == 11523
model_type: regression
name: RegressionModel
predict_filters: hedonic_id == 11523
target_variable: np.log1p(sqft_price_nonres)
ytransform: np.exp
fit_parameters:
  Coefficient:
    Intercept: 1.5754035039339165
    b_total_jobs: 0.0019934353607933037
    building_age: -4.839393746966702e-06
    building_sqft: 1.1302773577608459e-05
    crime_other_rate: 4.7908608933477904e-05
    crime_ucr_rate: 0.00017865840599986876
    jobs_non_home_based: 3.102583968305711e-16
    jobs_within_30_min: 7.816935018875298e-07
    land_area: -4.777078300685257e-06
    nodes_walk_ave_nonres_sqft_price: 0.002102288958938773
    nodes_walk_ave_unit_sqft: 2.4070870291949527e-05
    nodes_walk_hhs_with_children: 0.0016636734877463152
    nodes_walk_housing_cost: -3.970961077562602e-06
    nodes_walk_industrial: 0.0006808679453419065
    nodes_walk_jobs: 0.0001387618957971557
    nodes_walk_medical: 0.0010902559018762608
    nodes_walk_node_r1500_sqft: 5.2395732674948804e-09
    nodes_walk_office: 0.008108645533045567
    nodes_walk_retail_jobs: -0.0004526789299339123
    parcel_sqft: 8.989925748886912e-07
    parcels_ave_unit_size: 7.094809090039229e-06
    parcels_parcel_size: -9.652146548313843e-07
    parcels_total_sqft: -1.3745910161232568e-05
    residential_sqft: -9.172336592656643e-06
    sqft_per_unit: 0.00018128161853809112
    vacant_job_spaces: -0.0008771155564556085
    year_built: 0.0012703967784037707
    zones_acres: -8.512885620432855e-06
    zones_logsum_job_high_income: 3.7820010876727326e-07
    zones_logsum_job_low_income: -3.0021072051890355e-06
    zones_logsum_job_mid_income: 5.891070357175198e-06
    zones_logsum_pop_high_income: -3.4399551942636076e-06
    zones_logsum_pop_low_income: -4.5683872758291265e-06
    zones_logsum_pop_mid_income: 2.305573498518201e-06
    zones_population: -9.178540829242491e-05
    zones_retail_jobs: 5.93531893845336e-05
    zones_transit_jobs_30min: 4.26240400240948e-05
    zones_transit_jobs_50min: 1.5167431325251058e-05
    zones_z_total_jobs: 6.474708659144237e-05
fit_rsquared: 0.5424300206565098
fit_rsquared_adj: 0.5424300206565098
fitted: true
model_expression:
  left_side: np.log1p(sqft_price_nonres)
  right_side:
  - year_built
  - sqft_per_unit
  - land_area
  - residential_sqft
  - building_sqft
  - jobs_within_30_min
  - vacant_job_spaces
  - parcel_sqft
  - crime_ucr_rate
  - crime_other_rate
  - building_age
  - b_total_jobs
  - jobs_non_home_based
  - parcels_parcel_size
  - parcels_ave_unit_size
  - parcels_total_sqft
  - zones_acres
  - zones_population
  - zones_retail_jobs
  - zones_logsum_pop_high_income
  - zones_logsum_pop_mid_income
  - zones_logsum_pop_low_income
  - zones_logsum_job_high_income
  - zones_logsum_job_mid_income
  - zones_logsum_job_low_income
  - zones_z_total_jobs
  - zones_transit_jobs_50min
  - zones_transit_jobs_30min
  - nodes_walk_hhs_with_children
  - nodes_walk_jobs
  - nodes_walk_retail_jobs
  - nodes_walk_node_r1500_sqft
  - nodes_walk_ave_nonres_sqft_price
  - nodes_walk_office
  - nodes_walk_industrial
  - nodes_walk_medical
  - nodes_walk_ave_unit_sqft
  - nodes_walk_housing_cost
sample_size: 395
