fit_filters:
- non_residential_sqft > 0
- sqft_price_nonres > 1
- sqft_price_nonres < 650
- hedonic_id == 551
model_type: regression
name: RegressionModel
predict_filters: hedonic_id == 551
target_variable: np.log1p(sqft_price_nonres)
ytransform: np.exp
fit_parameters:
  Coefficient:
    Intercept: -11.229835407994187
    b_total_jobs: -0.0008962269557389877
    building_sqft: 8.78056533286396e-06
    crime_other_rate: 5.7133531664994395e-05
    crime_ucr_rate: -5.714692407771269e-05
    jobs_within_30_min: -1.1237567527085791e-07
    land_area: -5.036875631437163e-05
    nodes_walk_ave_unit_sqft: -5.2799822557653795e-09
    nodes_walk_households: 0.00033730964274329033
    nodes_walk_housing_cost: -4.229422776258361e-06
    nodes_walk_jobs: -1.692244523972798e-05
    nodes_walk_medical: 0.011991120633542086
    nodes_walk_midinc_hhs: 2.8674813526482413e-06
    nodes_walk_node_r1500_sqft: -8.023793734860097e-08
    nodes_walk_office: 0.0020829644848993772
    nodes_walk_population: -5.75448923738302e-05
    nodes_walk_race_1_hhs: 0.00018550604377717266
    nodes_walk_race_2_hhs: 3.1639868584478674e-05
    nodes_walk_race_3_hhs: -0.002129945794662395
    nodes_walk_retail: 0.0008811928017681146
    parcel_sqft: 1.0878951453379624e-05
    parcels_ave_unit_size: -5.263702070272578e-06
    parcels_parcel_size: -1.95538185082942e-05
    parcels_total_job_spaces: 0.0005224421906199938
    parcels_total_sqft: -6.542040899392496e-06
    parcels_zones_jobs_within_30_min: 1.2259703940434316e-08
    residential_sqft: 2.297502063005864e-05
    sqft_per_unit: 0.00013403197717723982
    year_built: 0.007408784541127803
    zones_acres: 0.00042697914797279246
    zones_households: 1.2638460351785878e-05
    zones_logsum_job_high_income: 1.52715768432365e-07
    zones_logsum_job_low_income: -2.5485452389836218e-08
    zones_logsum_job_mid_income: -6.907937548340977e-09
    zones_logsum_pop_high_income: -4.5546601268340474e-08
    zones_logsum_pop_low_income: -1.517046939838773e-08
    zones_logsum_pop_mid_income: -6.957145473466843e-09
    zones_population: -2.0752844171822107e-06
    zones_retail_jobs: -0.0006586507212428044
    zones_transit_jobs_30min: 2.714343723399775e-06
    zones_transit_jobs_50min: 2.053767936764828e-08
    zones_z_total_jobs: -7.312117287102869e-06
fit_rsquared: 0.4594527266172487
fitted: true
model_expression:
  left_side: np.log1p(sqft_price_nonres)
  right_side:
  - year_built
  - sqft_per_unit
  - land_area
  - residential_sqft
  - building_sqft
  - jobs_within_30_min
  - parcel_sqft
  - crime_ucr_rate
  - crime_other_rate
  - b_total_jobs
  - parcels_parcel_size
  - parcels_ave_unit_size
  - parcels_total_job_spaces
  - parcels_total_sqft
  - parcels_zones_jobs_within_30_min
  - zones_acres
  - zones_households
  - zones_population
  - zones_retail_jobs
  - zones_logsum_pop_high_income
  - zones_logsum_pop_mid_income
  - zones_logsum_pop_low_income
  - zones_logsum_job_high_income
  - zones_logsum_job_mid_income
  - zones_logsum_job_low_income
  - zones_z_total_jobs
  - zones_transit_jobs_50min
  - zones_transit_jobs_30min
  - nodes_walk_population
  - nodes_walk_households
  - nodes_walk_midinc_hhs
  - nodes_walk_race_1_hhs
  - nodes_walk_race_2_hhs
  - nodes_walk_race_3_hhs
  - nodes_walk_jobs
  - nodes_walk_node_r1500_sqft
  - nodes_walk_retail
  - nodes_walk_office
  - nodes_walk_medical
  - nodes_walk_ave_unit_sqft
  - nodes_walk_housing_cost
sample_size: 454
