fit_filters:
- non_residential_sqft > 0
- sqft_price_nonres > 1
- sqft_price_nonres < 650
- hedonic_id == 11565
model_expression:
  left_side: np.log1p(sqft_price_nonres)
model_type: Regression
name: RegressionModel
predict_filters: hedonic_id == 11565
ytransform: np.exp
coef:
  Intercept: -5.269638923868057
  building_age: -8.288274332050697e-06
  building_sqft: 6.232438388118046e-05
  crime_other_rate: 0.00012992007051296632
  jobs_within_30_min: 1.9799349980022956e-08
  land_area: -7.692290343809491e-06
  nodes_walk_ave_nonres_sqft_price: 0.009861120887933745
  nodes_walk_housing_cost: -8.861340635790088e-06
  nodes_walk_industrial: 0.0004853617100536755
  nodes_walk_jobs: 0.0003338754996834648
  nodes_walk_medical: -0.0012716345944788737
  nodes_walk_node_r1500_sqft: 1.852134195295643e-09
  nodes_walk_office: 4.616083157488723e-05
  nodes_walk_population: 0.00043493679436926646
  nodes_walk_residential: 0.0008487851103394382
  nodes_walk_retail: -0.0021511207034023046
  nodes_walk_retail_jobs: 0.0002380942957684829
  parcel_sqft: 9.07644686646336e-08
  parcels_total_sqft: -1.8035355269335735e-05
  parcels_zones_employment: 4.466688072420045e-06
  parcels_zones_households: 0.00016013372233640292
  parcels_zones_jobs_within_30_min: 3.749825019923378e-07
  parcels_zones_logsum_job_high_income: -3.0745245525191766e-06
  parcels_zones_logsum_job_low_income: 1.5758118337630584e-06
  parcels_zones_logsum_pop_high_income: 5.485670610496328e-07
  parcels_zones_logsum_pop_low_income: -2.8246001137450534e-07
  parcels_zones_population: -0.0001299326397900077
  parcels_zones_retail_jobs: -4.606325688996802e-05
  parcels_zones_transit_jobs_30min: -0.0002016692482475148
  parcels_zones_transit_jobs_50min: -5.492650959746866e-05
  vacant_job_spaces: -0.018090484844820787
  year_built: 0.005053313483134632
  zones_acres: -5.718975127758066e-06
  zones_employment: 0.00012060283875072227
  zones_households: 0.0003034392077648725
  zones_logsum_job_high_income: -4.527115049639945e-06
  zones_logsum_job_low_income: 4.729576429309059e-06
  zones_logsum_pop_high_income: 1.857958871880534e-06
  zones_logsum_pop_low_income: 2.7710059621186927e-06
  zones_population: -0.0001243250261649328
  zones_transit_jobs_30min: -0.00018073538019813893
  zones_transit_jobs_50min: -3.331680940060038e-05
sample_size: 202
score: 0.655773536705285
