fit_filters:
- non_residential_sqft > 0
- sqft_price_nonres > 1
- sqft_price_nonres < 650
- hedonic_id == 9321
model_expression:
  left_side: np.log1p(sqft_price_nonres)
model_type: Regression
name: RegressionModel
predict_filters: hedonic_id == 9321
ytransform: np.exp
coef:
  Intercept: 1.7732965288602642
  b_total_jobs: 0.0009263940790657514
  building_age: -0.0008469626281513473
  building_sqft: -4.985560316599864e-06
  crime_other_rate: 4.718848888255337e-05
  crime_ucr_rate: 0.0005115756833141932
  jobs_non_home_based: 1.223551077348053e-16
  jobs_within_30_min: -2.0922417482615755e-06
  land_area: 1.3749505024894323e-06
  nodes_walk_ave_nonres_sqft_price: 0.000431676995005593
  nodes_walk_ave_unit_sqft: -1.3040119335154023e-05
  nodes_walk_housing_cost: 2.945202043214585e-06
  nodes_walk_jobs: 0.00015697537017506517
  nodes_walk_medical: -0.0001782583277251846
  nodes_walk_node_r1500_sqft: -1.0427990430488216e-08
  nodes_walk_population: -7.624155554144286e-05
  nodes_walk_residential: -0.0005960496558630095
  nodes_walk_retail: 0.009089548389898611
  nodes_walk_retail_jobs: 0.0001759435835769478
  parcel_sqft: -1.6593717524436378e-07
  parcels_ave_unit_size: -5.731747481491674e-05
  parcels_total_job_spaces: 0.0018423649059777268
  parcels_total_sqft: -4.792347092532727e-06
  parcels_zones_employment: -1.5019250210151263e-07
  parcels_zones_households: 8.343928100464663e-05
  parcels_zones_jobs_within_30_min: 4.7601990940701154e-08
  parcels_zones_logsum_job_high_income: -1.5961962775293236e-06
  parcels_zones_logsum_job_low_income: -9.052371109499228e-08
  parcels_zones_logsum_pop_high_income: 1.6783986968991937e-06
  parcels_zones_logsum_pop_low_income: 5.379408249175979e-07
  parcels_zones_population: -2.408284147663944e-05
  parcels_zones_retail_jobs: 0.0001905775516187833
  parcels_zones_z_total_jobs: -1.8659020060665662e-05
  residential_sqft: 0.000503698198726772
  vacant_job_spaces: -0.00014024553153761546
  year_built: 0.0005335229403808645
  zones_acres: 1.990373987627874e-05
  zones_employment: -1.531779465556392e-08
  zones_households: 5.3857737876358826e-05
  zones_logsum_job_high_income: -1.5790484411908629e-06
  zones_logsum_job_low_income: -1.1966980071588824e-07
  zones_logsum_pop_high_income: 9.832387555483124e-07
  zones_logsum_pop_low_income: 5.077420429170354e-07
  zones_population: -3.09877734506931e-05
  zones_retail_jobs: 1.6108733417141857e-05
sample_size: 893
score: 0.4090656325296951
