fit_filters:
- non_residential_sqft > 0
- sqft_price_nonres > 1
- sqft_price_nonres < 650
- hedonic_id == 521
model_expression:
  left_side: np.log1p(sqft_price_nonres)
model_type: Regression
name: RegressionModel
predict_filters: hedonic_id == 521
ytransform: np.exp
coef:
  building_age: -3.7722025448943927e-06
  building_sqft: -1.1622584516824668e-05
  crime_other_rate: 2.0077228021492673e-05
  crime_ucr_rate: -3.085353843478507e-05
  jobs_within_30_min: -9.857010890306878e-08
  land_area: -4.5877863473648764e-06
  nodes_walk_ave_nonres_sqft_price: 0.003775526637889611
  nodes_walk_ave_unit_sqft: -1.138399622267269e-05
  nodes_walk_housing_cost: 1.0583736967915902e-06
  nodes_walk_jobs: 3.500322916212245e-05
  nodes_walk_lowinc_hhs: -0.00033410915253097583
  nodes_walk_medical: 0.001412353563334627
  nodes_walk_midinc_hhs: 1.6791565488480836e-05
  nodes_walk_node_r1500_sqft: -1.7165774426144205e-08
  nodes_walk_office: 0.0002645297429728561
  nodes_walk_population: 0.0001242121202496673
  nodes_walk_race_2_hhs: -4.401748301830245e-05
  nodes_walk_race_4_hhs: 0.00031959126549187093
  nodes_walk_retail: 0.0075297770302905735
  nodes_walk_retail_jobs: 0.001373778321337115
  parcel_sqft: 8.908130757596155e-06
  parcels_ave_unit_size: -1.5330254210571476e-06
  parcels_total_sqft: -1.9198770378104497e-05
  parcels_zones_employment: -9.89991284194374e-06
  parcels_zones_households: 5.3794766863117766e-05
  parcels_zones_jobs_within_30_min: -3.2837289581195597e-09
  parcels_zones_logsum_job_high_income: -5.445372865478408e-08
  parcels_zones_logsum_job_low_income: 2.1239979831579563e-08
  parcels_zones_logsum_pop_high_income: 2.615292984723762e-08
  parcels_zones_logsum_pop_low_income: 3.771906916558602e-09
  parcels_zones_population: -1.9789283790198833e-05
  parcels_zones_retail_jobs: 0.0001347746469939076
  parcels_zones_transit_jobs_30min: 6.596885301591053e-07
  parcels_zones_transit_jobs_50min: 2.292466640129097e-07
  parcels_zones_z_total_jobs: -4.142925325531712e-06
  residential_sqft: 8.26914274607328e-05
  sqft_per_unit: 6.967510280948853e-05
  year_built: 0.01905243066339619
  zones_acres: -8.436291966887844e-05
  zones_employment: -2.008416562859325e-05
  zones_households: 0.00010247207505250958
  zones_logsum_job_high_income: -5.232992336858296e-08
  zones_logsum_job_low_income: 1.2493767089960914e-08
  zones_logsum_pop_high_income: 5.718854764481051e-08
  zones_logsum_pop_low_income: -2.808455319057566e-08
  zones_population: -1.3045603974317358e-05
  zones_retail_jobs: 4.91286807668e-05
  zones_transit_jobs_30min: 9.151116152711437e-08
  zones_transit_jobs_50min: 6.507746216300718e-08
  zones_z_total_jobs: -5.861769392829869e-06
sample_size: 6141
score: 0.3753595002157827
