name: RegressionModel
model_type: regression
fit_filters:
- non_residential_sqft > 0
- sqft_price_nonres > 1
- sqft_price_nonres < 650
- hedonic_id == 11531
predict_filters: hedonic_id == 11531
ytransform: np.exp
target_variable: np.log1p(sqft_price_nonres)
fitted: true
fit_parameters:
  Coefficient:
    Intercept: -6.886280524203976
    year_built: 0.004979600922663262
    land_area: -1.5227034403274064e-06
    building_sqft: 8.434048442180469e-07
    jobs_within_30_min: -1.8836683923301207e-06
    parcel_sqft: -4.2416629646395525e-08
    crime_ucr_rate: -0.00016288992341919372
    crime_other_rate: -6.04207870513489e-05
    building_age: -0.00010456482691525958
    b_total_jobs: 0.0009475386121672386
    parcels_parcel_size: 4.922557219848002e-08
    parcels_ave_unit_size: 0.00017486517003532768
    parcels_total_sqft: -7.751855773582942e-07
    parcels_zones_jobs_within_30_min: 7.502353429488187e-07
    zones_acres: -4.329041924091637e-05
    zones_households: 0.0002302980257890798
    zones_population: 7.651694199211427e-05
    zones_employment: -7.398958876089073e-05
    zones_retail_jobs: -0.0012715551275543973
    zones_logsum_pop_high_income: -2.8355390879810677e-06
    zones_logsum_pop_mid_income: 9.186647214007042e-07
    zones_logsum_pop_low_income: -2.433610906574292e-05
    zones_logsum_job_high_income: 5.349266470455567e-06
    zones_logsum_job_mid_income: 3.169498257844308e-06
    zones_logsum_job_low_income: 2.8972829077417918e-05
    zones_z_total_jobs: -6.869476605000338e-05
    zones_transit_jobs_60min: 3.232305214150048e-05
    zones_transit_jobs_50min: 0.00017028023449276475
    zones_transit_jobs_30min: -0.0003134209779599355
    nodes_walk_population: -0.0005914946392178927
    nodes_walk_race_1_hhs: 0.001477291983947837
    nodes_walk_jobs: -8.405235064157461e-05
    nodes_walk_retail_jobs: 0.0009493626594044858
    nodes_walk_sector1_jobs: 0.0007382542634678415
    nodes_walk_sector4_jobs: -0.00028249648549892316
    nodes_walk_sector6_jobs: 0.000784711641552675
    nodes_walk_sector7_jobs: 0.002254645589985695
    nodes_walk_sector13_jobs: -0.0011620998210903723
    nodes_walk_sector14_jobs: -0.0007712046350947733
    nodes_walk_sector16_jobs: -0.0008629016251188764
    nodes_walk_sector17_jobs: -0.0022328162191320414
    nodes_walk_sector18_jobs: 8.501434252484918e-05
    nodes_walk_node_r1500_sqft: 6.199311236455894e-09
    nodes_walk_industrial: 0.014009698147668366
    nodes_walk_medical: -0.0008956016401865445
    nodes_walk_ave_unit_sqft: 6.656021860164542e-05
    nodes_walk_housing_cost: -5.6369567055686974e-06
  Std. Error: {}
  T-Score: {}
fit_rsquared: 0.5979487508058492
fit_rsquared_adj: 0.5979487508058492
sample_size: 242
model_expression:
  left_side: np.log1p(sqft_price_nonres)
  right_side:
  - year_built
  - land_area
  - building_sqft
  - jobs_within_30_min
  - parcel_sqft
  - crime_ucr_rate
  - crime_other_rate
  - building_age
  - b_total_jobs
  - parcels_parcel_size
  - parcels_ave_unit_size
  - parcels_total_sqft
  - parcels_zones_jobs_within_30_min
  - zones_acres
  - zones_households
  - zones_population
  - zones_employment
  - zones_retail_jobs
  - zones_logsum_pop_high_income
  - zones_logsum_pop_mid_income
  - zones_logsum_pop_low_income
  - zones_logsum_job_high_income
  - zones_logsum_job_mid_income
  - zones_logsum_job_low_income
  - zones_z_total_jobs
  - zones_transit_jobs_60min
  - zones_transit_jobs_50min
  - zones_transit_jobs_30min
  - nodes_walk_population
  - nodes_walk_race_1_hhs
  - nodes_walk_jobs
  - nodes_walk_retail_jobs
  - nodes_walk_sector1_jobs
  - nodes_walk_sector4_jobs
  - nodes_walk_sector6_jobs
  - nodes_walk_sector7_jobs
  - nodes_walk_sector13_jobs
  - nodes_walk_sector14_jobs
  - nodes_walk_sector16_jobs
  - nodes_walk_sector17_jobs
  - nodes_walk_sector18_jobs
  - nodes_walk_node_r1500_sqft
  - nodes_walk_industrial
  - nodes_walk_medical
  - nodes_walk_ave_unit_sqft
  - nodes_walk_housing_cost
