fit_filters:
- non_residential_sqft > 0
- sqft_price_nonres > 1
- sqft_price_nonres < 650
- hedonic_id == 13
model_expression:
  left_side: np.log1p(sqft_price_nonres)
model_type: Regression
name: RegressionModel
predict_filters: hedonic_id == 13
ytransform: np.exp
coef:
  b_total_jobs: 0.006171412288161569
  building_age: -0.0012529686984345003
  building_sqft: 4.3882279366206756e-06
  crime_other_rate: 1.794686609593173e-05
  crime_ucr_rate: -0.000187913996442722
  jobs_within_30_min: -6.803191134625274e-07
  land_area: -3.8147615150681125e-05
  nodes_walk_ave_unit_sqft: 0.00011835590220802807
  nodes_walk_hhs_with_children: 0.003819811040569881
  nodes_walk_housing_cost: -5.295688050362582e-06
  nodes_walk_industrial: 0.0009123511856205881
  nodes_walk_jobs: 5.999053003575265e-05
  nodes_walk_lowinc_hhs: -0.0013410340093933041
  nodes_walk_midinc_hhs: 2.017663074931622e-05
  nodes_walk_node_r1500_sqft: -3.0204580319343316e-08
  nodes_walk_office: -8.542519549947799e-05
  nodes_walk_population: -5.03975246486398e-05
  nodes_walk_race_2_hhs: 0.00024725977764771456
  nodes_walk_race_3_hhs: 0.0003620484199838056
  nodes_walk_race_4_hhs: -0.0021334742537321037
  nodes_walk_residential: 0.005818062081893224
  nodes_walk_retail: 0.0027016793657925224
  nodes_walk_retail_jobs: -0.0003460621085584719
  parcel_sqft: 3.7073300593756614e-07
  parcels_ave_unit_size: 1.1208717623107272e-05
  parcels_total_sqft: -1.982186116092755e-06
  parcels_zones_employment: 9.055070181753329e-05
  parcels_zones_jobs_within_30_min: 2.515654909467438e-07
  parcels_zones_logsum_job_high_income: -2.9908326544418555e-07
  parcels_zones_logsum_job_low_income: -3.78239573299739e-08
  parcels_zones_logsum_pop_high_income: 4.0589974768026363e-07
  parcels_zones_logsum_pop_low_income: 2.0604163559097212e-08
  parcels_zones_population: 4.442944950060412e-06
  parcels_zones_retail_jobs: -0.0003267410812768549
  parcels_zones_transit_jobs_30min: 5.118157739811015e-06
  parcels_zones_transit_jobs_50min: -2.2661799993206118e-07
  parcels_zones_z_total_jobs: 2.967077366471016e-05
  residential_sqft: -2.939635517255439e-06
  sqft_per_unit: 0.00020915559670304606
  year_built: 0.004241266550721259
  zones_acres: 4.0036171213771914e-05
  zones_employment: 8.156121573006133e-07
  zones_logsum_job_high_income: -2.9770298082859996e-07
  zones_logsum_job_low_income: -3.7417072575159703e-08
  zones_logsum_pop_high_income: 3.928698901316486e-07
  zones_logsum_pop_low_income: 8.167253395123179e-09
  zones_retail_jobs: -6.42740518950221e-05
  zones_transit_jobs_30min: 3.2013528144314787e-06
  zones_transit_jobs_50min: -5.305859274029961e-07
sample_size: 433
score: 0.428106274161145
