fit_filters:
- non_residential_sqft > 0
- sqft_price_nonres > 1
- sqft_price_nonres < 650
- hedonic_id == 16161
model_expression:
  left_side: np.log1p(sqft_price_nonres)
model_type: Regression
name: RegressionModel
predict_filters: hedonic_id == 16161
ytransform: np.exp
coef:
  building_sqft: -0.00011234937708024858
  crime_other_rate: 0.000681315904140416
  crime_ucr_rate: -0.0027531164800897435
  job_spaces: 0.00798636296855818
  jobs_within_30_min: -3.932588231838088e-06
  land_area: 0.00010960890795918487
  nodes_walk_ave_nonres_sqft_price: 0.0025118660260020995
  nodes_walk_ave_unit_sqft: 1.2857572038602324e-06
  nodes_walk_hhs_with_children: 0.012245802654382585
  nodes_walk_highinc_hhs: -0.010508231850123336
  nodes_walk_households: -0.0026744760061442278
  nodes_walk_housing_cost: 1.5556149765804513e-05
  nodes_walk_jobs: 0.00030670127902227034
  nodes_walk_medical: 0.0014475666690518497
  nodes_walk_node_r1500_sqft: -2.911414072737308e-08
  nodes_walk_office: 0.002842133718927684
  nodes_walk_population: 0.002158135321318582
  nodes_walk_race_1_hhs: -0.0011563931455159972
  nodes_walk_race_2_hhs: 0.0016140034394894567
  nodes_walk_residential: -0.006544119544590683
  nodes_walk_retail: 0.001115807138955404
  nodes_walk_retail_jobs: 0.000399467706455619
  non_residential_units: 6.463509178378688e-16
  parcel_sqft: 7.11508464312604e-08
  parcels_landvalue: 2.875915872347853e-07
  parcels_total_job_spaces: 0.0023370979281682183
  parcels_total_sqft: -1.292638205459009e-05
  parcels_zones_households: -0.0002181310632381869
  parcels_zones_jobs_within_30_min: -3.450177623464335e-08
  parcels_zones_logsum_job_high_income: -1.2290686055785633e-06
  parcels_zones_logsum_job_low_income: -6.552859787692178e-07
  parcels_zones_logsum_pop_high_income: 2.0789815556944133e-06
  parcels_zones_logsum_pop_low_income: 6.312446570879558e-07
  parcels_zones_population: 0.0002403054416754915
  parcels_zones_retail_jobs: -0.0007881734855554126
  parcels_zones_transit_jobs_30min: 4.657331023338724e-06
  parcels_zones_transit_jobs_50min: -4.5044384531211674e-07
  parcels_zones_z_total_jobs: 4.454453920271524e-06
  school_district_achievement: -0.003530802470384068
  sqft_per_unit: -9.372171823346817e-06
  vacant_job_spaces: 0.006397471787501459
  zones_acres: 0.0001216456239734689
  zones_households: -0.0006152873489596459
  zones_logsum_job_high_income: -1.2498161799893728e-06
  zones_logsum_job_low_income: -6.394475864423768e-07
  zones_logsum_pop_high_income: 1.7535661565930972e-06
  zones_logsum_pop_low_income: 7.224698090962854e-07
  zones_population: 0.00019566660880853984
  zones_retail_jobs: -0.00043562022525006665
  zones_transit_jobs_30min: 3.9782128704564624e-06
  zones_transit_jobs_50min: -6.203441096304936e-07
  zones_z_total_jobs: 4.516371310808897e-05
sample_size: 42
score: 0.9119252628566924
