fit_filters:
- non_residential_sqft > 0
- sqft_price_nonres > 1
- sqft_price_nonres < 650
- hedonic_id == 14765
model_expression:
  left_side: np.log1p(sqft_price_nonres)
model_type: Regression
name: RegressionModel
predict_filters: hedonic_id == 14765
ytransform: np.exp
coef:
  b_total_jobs: 0.007299966091516825
  building_age: -0.00011073417229920752
  building_sqft: -9.05049282298579e-05
  crime_other_rate: 5.569506224999737e-05
  crime_ucr_rate: -0.00029696534806834184
  jobs_within_30_min: 7.826600582447385e-06
  land_area: 3.9261060933447153e-05
  nodes_walk_ave_nonres_sqft_price: 0.006649453393216089
  nodes_walk_ave_unit_sqft: -5.1160168959025574e-06
  nodes_walk_housing_cost: -4.260218549998882e-06
  nodes_walk_jobs: 3.1405411116998946e-05
  nodes_walk_lowinc_hhs: -0.001382007011870587
  nodes_walk_medical: 0.0004579484987560407
  nodes_walk_midinc_hhs: 8.935174755282522e-05
  nodes_walk_node_r1500_sqft: -1.754969505798006e-08
  nodes_walk_office: -0.00028311346679338133
  nodes_walk_population: -0.00027373941246468724
  nodes_walk_retail: 0.0007637158280206635
  nodes_walk_retail_jobs: 0.0026783553071298757
  parcel_sqft: 3.134234368310974e-08
  parcels_total_sqft: -1.8698987957669053e-05
  parcels_zones_employment: -0.00022554255215704225
  parcels_zones_households: 6.699560772318015e-05
  parcels_zones_logsum_job_high_income: 1.1960255440000397e-05
  parcels_zones_logsum_job_low_income: -2.03528907988002e-06
  parcels_zones_logsum_pop_high_income: -6.155356839279431e-06
  parcels_zones_logsum_pop_low_income: 9.173112887038914e-07
  parcels_zones_population: 9.635961029029827e-05
  parcels_zones_retail_jobs: -0.0005567762662556299
  parcels_zones_transit_jobs_30min: -2.0966393667523088e-05
  parcels_zones_transit_jobs_50min: 6.652605483645521e-06
  parcels_zones_z_total_jobs: -1.0827406503132792e-05
  residential_sqft: 0.00017091672208065256
  sqft_per_unit: -9.748984126938072e-05
  year_built: 0.0034919472944942333
  zones_acres: -3.910653463002341e-06
  zones_logsum_job_high_income: 1.1826328948267303e-05
  zones_logsum_job_low_income: -1.9696122042512062e-06
  zones_logsum_pop_high_income: -6.5268804143086355e-06
  zones_logsum_pop_low_income: 1.0614328729748004e-06
  zones_retail_jobs: -7.295891215833681e-05
  zones_transit_jobs_30min: -1.2618955055869544e-05
  zones_transit_jobs_50min: 6.135425181214356e-06
  zones_z_total_jobs: -9.743862231354565e-06
sample_size: 221
score: 0.4728123439700207
