fit_filters:
- non_residential_sqft > 0
- sqft_price_nonres > 1
- sqft_price_nonres < 650
- hedonic_id == 53
model_type: regression
name: RegressionModel
predict_filters: hedonic_id == 53
target_variable: np.log1p(sqft_price_nonres)
ytransform: np.exp
fit_parameters:
  Coefficient:
    Intercept: -5.453715081520078
    b_total_jobs: 0.0011122399252108254
    building_age: -0.004551740105014869
    building_sqft: 7.560165003322526e-08
    crime_other_rate: -1.7196294041454775e-05
    crime_ucr_rate: 0.00018825490073676323
    jobs_non_home_based: 1.0618068610051599e-16
    jobs_within_30_min: 4.1815044384690636e-07
    land_area: 1.912393827220339e-06
    nodes_walk_ave_nonres_sqft_price: 0.0014126518080606592
    nodes_walk_highinc_hhs: 0.0015150990532531358
    nodes_walk_households: 0.000402393578106537
    nodes_walk_housing_cost: 4.12395945594904e-07
    nodes_walk_industrial: 0.0013371588104928393
    nodes_walk_jobs: 0.00019253432598258978
    nodes_walk_lowinc_hhs: -0.00041080164152656486
    nodes_walk_max_office_far: 0.0006234940788368082
    nodes_walk_medical: 0.008187201283146702
    nodes_walk_midinc_hhs: 0.0002691396084624436
    nodes_walk_node_r1500_sqft: 2.6739535152966897e-09
    nodes_walk_office: 7.850781237276536e-05
    nodes_walk_population: -0.0001474119310543293
    nodes_walk_race_1_hhs: 6.482070532037901e-05
    nodes_walk_retail: -0.0010668443820550987
    nodes_walk_retail_jobs: 0.00028552856341129804
    parcel_sqft: 1.751208212878274e-07
    parcels_ave_unit_size: -4.990592419034069e-05
    parcels_parcel_size: -2.3018462771735357e-07
    parcels_pct_undev: 0.002045966086880693
    parcels_pptytax: 0.0026363586646611452
    parcels_total_sqft: -2.251328641858383e-06
    parcels_total_units: 0.0002166344004336973
    parcels_zones_jobs_within_30_min: -1.1940728753708275e-07
    residential_sqft: -4.541346371686899e-06
    sqft_per_unit: 0.0002545934991538456
    vacant_job_spaces: -0.001115441017774199
    year_built: 0.004495612603910866
    zones_acres: 2.9801122735781643e-05
    zones_employment: -0.00010549746640733082
    zones_households: 4.851896157101587e-05
    zones_logsum_job_high_income: -2.397856393781436e-06
    zones_logsum_job_low_income: 9.847173278260872e-08
    zones_logsum_job_mid_income: -7.477049216225374e-08
    zones_logsum_pop_high_income: 1.295628840803026e-06
    zones_logsum_pop_low_income: -9.569208898478585e-08
    zones_logsum_pop_mid_income: 1.9960536222297147e-08
    zones_population: -2.6885358220373084e-05
    zones_retail_jobs: 0.0002966181975048636
    zones_transit_jobs_30min: -6.150056626522852e-06
    zones_transit_jobs_50min: 3.7619825735744073e-07
    zones_z_total_jobs: -3.6432414182219764e-05
fit_rsquared: 0.6840096257362414
fitted: true
sample_size: 416
