fit_filters:
- non_residential_sqft > 0
- sqft_price_nonres > 1
- sqft_price_nonres < 650
- hedonic_id == 14721
model_expression:
  left_side: np.log1p(sqft_price_nonres)
model_type: Regression
name: RegressionModel
predict_filters: hedonic_id == 14721
ytransform: np.exp
coef:
  b_total_jobs: 0.002728421599454084
  building_age: -0.00039647902110560076
  building_sqft: -1.1660049366631151e-05
  crime_other_rate: -3.867058137923355e-06
  crime_ucr_rate: -4.2703124869421776e-05
  jobs_within_30_min: 9.559599707580291e-07
  land_area: 9.356464601865472e-06
  nodes_walk_ave_unit_sqft: -4.666804901907565e-05
  nodes_walk_housing_cost: 2.07312129914149e-06
  nodes_walk_jobs: 0.00018521230316011382
  nodes_walk_medical: 0.0009976600978854097
  nodes_walk_midinc_hhs: -8.765379386624562e-05
  nodes_walk_node_r1500_sqft: -2.011686306497295e-09
  nodes_walk_office: 0.00032474574536208914
  nodes_walk_population: 4.953914988693029e-05
  nodes_walk_retail: 0.010381511381409072
  nodes_walk_retail_jobs: 0.00020874351823380844
  parcel_sqft: 2.318081892672645e-08
  parcels_total_sqft: -3.4701882426356776e-06
  parcels_zones_households: -3.1312739155394066e-06
  parcels_zones_jobs_within_30_min: 1.8979677323245677e-07
  parcels_zones_logsum_job_high_income: 2.3551231915931467e-06
  parcels_zones_logsum_job_low_income: -6.664899227061856e-07
  parcels_zones_logsum_pop_high_income: -9.807454357962279e-07
  parcels_zones_logsum_pop_low_income: 8.849681207263446e-08
  parcels_zones_population: 9.872865349070839e-05
  parcels_zones_transit_jobs_30min: -3.358493309977552e-05
  parcels_zones_transit_jobs_50min: -5.676209892822534e-07
  residential_sqft: -6.285111102903655e-05
  sqft_per_unit: 0.00040209312299102455
  year_built: 0.002042565005967376
  zones_acres: -1.0577458787379236e-05
  zones_employment: 1.2407341316180368e-06
  zones_households: -9.385609687837436e-05
  zones_logsum_job_high_income: 2.0414655832739585e-06
  zones_logsum_job_low_income: -5.534702069322006e-07
  zones_logsum_pop_high_income: -1.2052299763145025e-06
  zones_logsum_pop_low_income: 5.130189844882721e-07
  zones_population: 3.2543646667473784e-05
  zones_retail_jobs: 5.103264852555541e-06
  zones_transit_jobs_30min: -1.5213467351028055e-05
  zones_transit_jobs_50min: -2.920783376995975e-07
sample_size: 809
score: 0.29933204505149325
