fit_filters:
- non_residential_sqft > 0
- sqft_price_nonres > 1
- sqft_price_nonres < 650
- hedonic_id == 91
model_expression:
  left_side: np.log1p(sqft_price_nonres)
model_type: Regression
name: RegressionModel
predict_filters: hedonic_id == 91
ytransform: np.exp
coef:
  building_sqft: 9.6648560234315e-06
  crime_other_rate: -5.571046361641847e-05
  crime_ucr_rate: -0.001399082847457635
  jobs_within_30_min: -2.0075603488638705e-06
  land_area: 1.6187914487748676e-06
  large_area_id: 0.011409262915129604
  nodes_walk_ave_nonres_sqft_price: 0.010830965872877107
  nodes_walk_ave_unit_sqft: -0.0010138519721941595
  nodes_walk_highinc_hhs: -0.0003428853940823283
  nodes_walk_housing_cost: -1.3796337515374423e-05
  nodes_walk_industrial: -0.002599868225429157
  nodes_walk_jobs: 0.00044985808644419027
  nodes_walk_medical: -0.0011041357648445148
  nodes_walk_node_r1500_sqft: -4.340410974076028e-07
  nodes_walk_population: 0.002568748417970835
  nodes_walk_race_2_hhs: -0.005229740253777386
  nodes_walk_race_3_hhs: 0.008429622378861856
  nodes_walk_race_4_hhs: 0.009180655942579687
  nodes_walk_residential: 0.00304500232943772
  nodes_walk_retail_jobs: -0.0005799003095757789
  parcel_sqft: 1.435046888139155e-06
  parcels_ave_unit_size: -0.0003998475470161447
  parcels_total_sqft: -7.678898625707837e-06
  parcels_zones_employment: -0.0002633619254147873
  parcels_zones_households: -0.0014597769228075212
  parcels_zones_jobs_within_30_min: 3.2278843024087495e-09
  parcels_zones_logsum_job_high_income: 1.3543288153947475e-06
  parcels_zones_logsum_job_low_income: -9.017255804257237e-07
  parcels_zones_logsum_pop_high_income: 1.7137804066525538e-06
  parcels_zones_logsum_pop_low_income: 3.886843105111438e-07
  parcels_zones_population: 0.0002713308492862371
  parcels_zones_retail_jobs: -7.7934072224262e-05
  parcels_zones_transit_jobs_30min: -6.51800355073427e-05
  parcels_zones_transit_jobs_50min: -2.003377832484277e-05
  parcels_zones_z_total_jobs: -6.818098664741245e-05
  year_built: 0.0024974379999987383
  zones_acres: 0.0032467089663821905
  zones_employment: 0.00014963314303339083
  zones_households: -0.0013224059923681833
  zones_logsum_job_high_income: -3.9763648644460766e-07
  zones_logsum_job_low_income: -4.85592472360567e-07
  zones_logsum_pop_high_income: 4.779277022751439e-08
  zones_logsum_pop_low_income: 1.2562924635200048e-06
  zones_population: 0.00011419283402113513
  zones_retail_jobs: -0.0003768550047242643
  zones_transit_jobs_30min: -1.6857266433728834e-05
  zones_transit_jobs_50min: 6.5025315410973274e-06
  zones_z_total_jobs: 7.826715148873135e-05
sample_size: 31
score: 0.9946097084401403
