fit_filters:
- non_residential_sqft > 0
- sqft_price_nonres > 1
- sqft_price_nonres < 650
- hedonic_id == 12521
model_expression:
  left_side: np.log1p(sqft_price_nonres)
model_type: Regression
name: RegressionModel
predict_filters: hedonic_id == 12521
ytransform: np.exp
coef:
  Intercept: -4.544734291707304
  building_age: -5.082930464996889e-07
  building_sqft: 3.837950632418079e-06
  crime_ucr_rate: -9.401879184863261e-05
  jobs_within_30_min: -8.677795016873264e-08
  land_area: -2.562708336700754e-06
  nodes_walk_ave_nonres_sqft_price: 0.0020438692806570686
  nodes_walk_ave_unit_sqft: -2.42189497675761e-07
  nodes_walk_housing_cost: 1.1624595062062948e-07
  nodes_walk_industrial: -0.00013067264075616785
  nodes_walk_jobs: 2.7425953039036173e-05
  nodes_walk_medical: 0.0004501348361682553
  nodes_walk_node_r1500_sqft: 5.982146576297785e-09
  nodes_walk_population: 5.365587239218068e-05
  nodes_walk_race_2_hhs: 6.246001579586931e-05
  nodes_walk_retail: 0.00619734389693537
  nodes_walk_retail_jobs: 0.00032568701247247066
  parcel_sqft: 1.4887135514535657e-07
  parcels_ave_unit_size: -7.949460995211987e-07
  parcels_total_sqft: -2.730940091347931e-06
  parcels_zones_jobs_within_30_min: 4.752087270330123e-09
  residential_sqft: 3.980202413641274e-05
  sqft_per_unit: 0.00023746658683583956
  vacant_job_spaces: -0.003007849967939027
  year_built: 0.004092967962544989
  zones_acres: -1.7954164418666956e-05
  zones_employment: -1.2171721656486003e-05
  zones_logsum_job_high_income: -8.597438699278462e-08
  zones_logsum_job_low_income: 2.101911435959589e-07
  zones_logsum_pop_high_income: 1.0817004597777351e-07
  zones_logsum_pop_low_income: -1.1730961644459189e-07
  zones_population: 1.379301530937272e-07
  zones_retail_jobs: -3.9785807734457925e-05
  zones_transit_jobs_30min: 1.0196175449730419e-06
  zones_transit_jobs_50min: 1.1719138682743807e-09
  zones_z_total_jobs: -9.241219512721798e-06
sample_size: 6027
score: 0.3363066372581741
