fit_filters:
- non_residential_sqft > 0
- sqft_price_nonres > 1
- sqft_price_nonres < 650
- hedonic_id == 9333
model_expression:
  left_side: np.log1p(sqft_price_nonres)
model_type: Regression
name: RegressionModel
predict_filters: hedonic_id == 9333
ytransform: np.exp
coef:
  Intercept: 1.3713767212939478
  b_total_jobs: 0.0024693254237469417
  building_age: -0.00034984067597013856
  building_sqft: -6.193522402312342e-06
  crime_other_rate: -0.00015838697217856137
  crime_ucr_rate: 0.0010437601719580625
  jobs_non_home_based: 3.45800793280506e-17
  jobs_within_30_min: -4.15195843134492e-06
  land_area: 5.088172098438755e-06
  nodes_walk_ave_nonres_sqft_price: 0.009542073345446343
  nodes_walk_housing_cost: 4.8688286442254e-06
  nodes_walk_industrial: 0.005932635899623943
  nodes_walk_jobs: 7.108567429621691e-05
  nodes_walk_node_r1500_sqft: 9.574209232639907e-09
  nodes_walk_office: -0.0015756048807195233
  nodes_walk_population: -0.0006697947040472003
  nodes_walk_residential: -0.001143218380479317
  nodes_walk_retail: -0.0019302912461355948
  parcel_sqft: 5.0947789965129994e-11
  parcels_ave_unit_size: -0.000144681904982298
  parcels_total_job_spaces: 0.001091883567841813
  parcels_total_sqft: -2.2709794569959786e-06
  parcels_zones_employment: 6.52270015062706e-05
  parcels_zones_jobs_within_30_min: 1.758246289580956e-07
  parcels_zones_logsum_job_high_income: -1.8971137056635473e-06
  parcels_zones_logsum_job_low_income: 7.613377534931257e-06
  parcels_zones_logsum_pop_high_income: 1.2418629138747252e-06
  parcels_zones_logsum_pop_low_income: -1.0982748218572886e-06
  parcels_zones_population: 2.5194437641741063e-06
  year_built: 0.001145686133948216
  zones_acres: -5.11164965027243e-05
  zones_logsum_job_high_income: -1.894548233167983e-06
  zones_logsum_job_low_income: 7.624723623150244e-06
  zones_logsum_pop_high_income: -1.4134267635854538e-07
  zones_logsum_pop_low_income: -1.1797185392859337e-06
  zones_population: 2.1677154275839112e-05
  zones_retail_jobs: -0.0002216826994227535
sample_size: 411
score: 0.5095689565223067
