fit_filters:
- non_residential_sqft > 0
- sqft_price_nonres > 1
- sqft_price_nonres < 650
- hedonic_id == 11541
model_expression:
  left_side: np.log1p(sqft_price_nonres)
model_type: Regression
name: RegressionModel
predict_filters: hedonic_id == 11541
ytransform: np.exp
coef:
  building_sqft: -9.990675655625496e-20
  jobs_within_30_min: -1.1171912481320245e-05
  land_area: -9.241064471100325e-07
  nodes_walk_housing_cost: -7.863768193359037e-07
  nodes_walk_node_r1500_sqft: -8.838845869880373e-09
  parcel_sqft: 1.761827935303344e-08
  parcels_landvalue: 2.678021925109424e-06
  parcels_total_sqft: -4.679499718907008e-05
  parcels_zones_employment: -0.0005572273160569315
  parcels_zones_jobs_within_30_min: -9.8804972634151e-06
  parcels_zones_logsum_job_high_income: 4.3990092745999515e-07
  parcels_zones_logsum_job_low_income: 3.154641003846217e-06
  parcels_zones_logsum_pop_high_income: -1.309377570530439e-06
  parcels_zones_logsum_pop_low_income: -9.107364756339979e-07
  parcels_zones_population: -0.00030513850800142835
  parcels_zones_transit_jobs_50min: 0.00043051766860165814
  parcels_zones_z_total_jobs: -4.9577577795223494e-05
  zones_acres: 0.0001356813438872837
  zones_employment: -0.0007477006435891404
  zones_logsum_job_high_income: 1.3365492220733468e-07
  zones_logsum_job_low_income: 3.512147872212421e-06
  zones_logsum_pop_high_income: -6.80350811538468e-07
  zones_logsum_pop_low_income: -8.110320057902692e-08
  zones_population: -0.0005615510987589947
  zones_transit_jobs_50min: 0.00030469073449056595
  zones_z_total_jobs: -3.025439187126058e-05
sample_size: 8
score: 0.9999966043713463
