fit_filters:
- non_residential_sqft > 0
- sqft_price_nonres > 1
- sqft_price_nonres < 650
- hedonic_id == 563
model_expression:
  left_side: np.log1p(sqft_price_nonres)
model_type: Regression
name: RegressionModel
predict_filters: hedonic_id == 563
ytransform: np.exp
coef:
  building_age: -0.004204253781346546
  building_sqft: -4.0127061002916184e-06
  crime_other_rate: -4.057285337138643e-05
  crime_ucr_rate: 0.0002870734456755299
  job_spaces: -0.002069244803098129
  jobs_within_30_min: 5.635082316675659e-07
  land_area: 1.3469484994709897e-07
  nodes_walk_ave_nonres_sqft_price: 0.0034686063818789277
  nodes_walk_ave_unit_sqft: 8.084908900891555e-05
  nodes_walk_households: -2.3071523477668703e-05
  nodes_walk_housing_cost: 2.4930217364529933e-05
  nodes_walk_jobs: -4.5535425967654016e-05
  nodes_walk_lowinc_hhs: -0.0006541056044606127
  nodes_walk_midinc_hhs: 0.0039545214336062975
  nodes_walk_node_r1500_sqft: -7.111410141224194e-08
  nodes_walk_office: 0.0009305564678698844
  nodes_walk_population: 0.0006961457376576051
  nodes_walk_quarter_mile_to_transit: -0.0020618678042383255
  nodes_walk_race_1_hhs: 0.002441030868950517
  nodes_walk_race_2_hhs: -0.0016051247269491216
  nodes_walk_race_3_hhs: -0.02473547478859116
  nodes_walk_retail_jobs: -0.0008468909815327037
  non_residential_units: -1.0112569423463804e-16
  parcel_sqft: 1.785509806067037e-06
  parcels_ave_unit_size: 0.00012694385633295056
  parcels_landvalue: 1.6837280538788887e-08
  parcels_total_sqft: 3.5192800281490226e-06
  parcels_zones_jobs_within_30_min: 3.539178253696374e-07
  parcels_zones_logsum_job_high_income: 4.478453717403338e-07
  parcels_zones_logsum_job_low_income: -5.662559570458897e-08
  parcels_zones_logsum_pop_high_income: -5.36210866703389e-07
  parcels_zones_logsum_pop_low_income: 1.404356714927466e-07
  parcels_zones_population: -2.1925943766817257e-05
  parcels_zones_retail_jobs: 0.0017802121954932598
  parcels_zones_transit_jobs_30min: 6.665719768376406e-06
  parcels_zones_transit_jobs_50min: 4.2883157400595157e-07
  parcels_zones_z_total_jobs: -1.14217279950769e-05
  vacant_job_spaces: -0.003021062237984305
  year_built: 0.006940831841958811
  zones_acres: -0.00025976504512168207
  zones_employment: -2.649754109791052e-06
  zones_logsum_job_high_income: 4.1453457390094666e-07
  zones_logsum_job_low_income: -1.0140560714072168e-07
  zones_logsum_pop_high_income: -4.5577108390722276e-07
  zones_logsum_pop_low_income: 4.826348178001304e-08
  zones_population: -4.430546470691888e-06
  zones_retail_jobs: 0.00018091269629444816
  zones_transit_jobs_30min: 3.7328025023783633e-06
  zones_transit_jobs_50min: -1.669325237449348e-06
  zones_z_total_jobs: -1.0987335020323154e-05
sample_size: 45
score: 0.8151514120324289
