fit_filters:
- non_residential_sqft > 0
- sqft_price_nonres > 1
- sqft_price_nonres < 650
- hedonic_id == 9313
model_expression:
  left_side: np.log1p(sqft_price_nonres)
model_type: Regression
name: RegressionModel
predict_filters: hedonic_id == 9313
ytransform: np.exp
coef:
  building_sqft: -3.332102866085675e-20
  jobs_within_30_min: -2.627847827591027e-06
  land_area: -5.5923103478041294e-05
  nodes_walk_housing_cost: 5.052691423420992e-06
  nodes_walk_node_r1500_sqft: 8.397333348654341e-09
  parcel_sqft: 8.725558936482463e-07
  parcels_landvalue: 4.4276501864632343e-07
  parcels_zones_jobs_within_30_min: -3.4277184341715087e-07
  parcels_zones_logsum_job_high_income: -2.415687965406814e-07
  parcels_zones_logsum_job_low_income: 9.009321511267937e-07
  parcels_zones_logsum_pop_high_income: 5.7965919790205e-08
  parcels_zones_logsum_pop_low_income: 6.248028920186901e-07
  zones_logsum_job_high_income: -2.243240966453076e-07
  zones_logsum_job_low_income: 8.365356097154019e-07
  zones_logsum_pop_high_income: -1.561949248692802e-07
  zones_logsum_pop_low_income: 5.599711724042018e-07
sample_size: 5
score: 0.9999999893250285
