fit_filters:
- non_residential_sqft > 0
- sqft_price_nonres > 1
- sqft_price_nonres < 650
- hedonic_id == 9923
model_expression:
  left_side: np.log1p(sqft_price_nonres)
model_type: Regression
name: RegressionModel
predict_filters: hedonic_id == 9923
ytransform: np.exp
coef:
  Intercept: -0.7008946894500143
  b_total_jobs: 0.000996219186365007
  building_age: -0.0011010505705989378
  building_sqft: -2.0607219102036577e-07
  crime_other_rate: 3.6233000381893814e-05
  crime_ucr_rate: 0.0001414268103289099
  jobs_non_home_based: 1.0430610784031316e-17
  jobs_within_30_min: 1.1595259953508992e-07
  land_area: -2.3199686510973555e-06
  nodes_walk_ave_nonres_sqft_price: 0.0016508556172398863
  nodes_walk_housing_cost: -3.7362180327152724e-06
  nodes_walk_jobs: 2.5614425701349594e-05
  nodes_walk_lowinc_hhs: -1.71866224384869e-05
  nodes_walk_medical: 0.00035798449893635295
  nodes_walk_node_r1500_sqft: 4.260249352311438e-09
  nodes_walk_office: 0.00849696405033572
  nodes_walk_population: -2.223016220263366e-05
  nodes_walk_race_1_hhs: 0.0001824472976233763
  nodes_walk_race_2_hhs: -0.0004849339208077473
  nodes_walk_residential: 0.0009806946637572324
  nodes_walk_retail_jobs: 0.00039332499725913943
  parcel_sqft: 3.9181401943334574e-07
  parcels_total_job_spaces: -0.0011622243534813476
  parcels_total_sqft: 1.058915368811434e-06
  parcels_zones_employment: -4.0926176806090074e-05
  parcels_zones_jobs_within_30_min: -7.267941114762225e-08
  parcels_zones_logsum_job_high_income: 1.5463842901598053e-07
  parcels_zones_logsum_job_low_income: 1.2438251521861309e-07
  parcels_zones_logsum_pop_high_income: -7.868780285686384e-08
  parcels_zones_logsum_pop_low_income: -1.5855254724744784e-07
  parcels_zones_population: 1.3225220621051778e-05
  parcels_zones_retail_jobs: -7.063657049705439e-05
  parcels_zones_transit_jobs_30min: 6.878570340460203e-06
  parcels_zones_z_total_jobs: -2.3766138469817348e-06
  residential_sqft: 4.7724980186221596e-05
  sqft_per_unit: 0.0006438904499388099
  vacant_job_spaces: -0.0003544221503921823
  year_built: 0.0020863624284732127
  zones_acres: -1.1087314176502128e-05
  zones_employment: -7.139695593538754e-07
  zones_logsum_job_high_income: 1.2351086783132207e-07
  zones_logsum_job_low_income: 1.3037046788669984e-07
  zones_logsum_pop_high_income: -1.061845979864417e-07
  zones_logsum_pop_low_income: -1.3687472412101344e-07
  zones_population: 5.8654302649935666e-06
  zones_transit_jobs_30min: 1.0470075240824155e-06
  zones_transit_jobs_50min: -2.2224880754362286e-08
  zones_z_total_jobs: -9.260665985191758e-08
sample_size: 1850
score: 0.39111538236647525
