fit_filters:
- non_residential_sqft > 0
- sqft_price_nonres > 1
- sqft_price_nonres < 650
- hedonic_id == 16163
model_expression:
  left_side: np.log1p(sqft_price_nonres)
model_type: Regression
name: RegressionModel
predict_filters: hedonic_id == 16163
ytransform: np.exp
coef:
  building_age: -0.00366218438720091
  building_sqft: 1.0674071679192167e-05
  crime_other_rate: 0.0004947830303604242
  crime_ucr_rate: 0.0010180656148149887
  jobs_within_30_min: -1.448624036237961e-06
  land_area: -8.968767320091668e-06
  nodes_walk_households: -5.0835635185560965e-06
  nodes_walk_housing_cost: 3.955543719279214e-06
  nodes_walk_industrial: -0.00020268322067560618
  nodes_walk_jobs: 0.00019822717703304196
  nodes_walk_max_office_far: -0.003076341746152067
  nodes_walk_medical: -0.0008250315518325332
  nodes_walk_node_r1500_sqft: -1.8784927706594075e-07
  nodes_walk_office: -0.0006659997277287279
  nodes_walk_population: 0.00038121805018701476
  nodes_walk_residential: -0.0016416051058265446
  nodes_walk_retail: 0.0015970031293380288
  nodes_walk_retail_jobs: -0.000878978875598448
  parcel_sqft: 4.953789746359369e-07
  parcels_landvalue: -2.3430488926225543e-07
  parcels_total_sqft: 1.2408961431057488e-06
  parcels_zones_employment: 6.104239029095248e-06
  parcels_zones_households: -0.0008217357525701759
  parcels_zones_jobs_within_30_min: -3.220077569384411e-06
  parcels_zones_logsum_job_high_income: 2.5151654997901195e-07
  parcels_zones_logsum_job_low_income: 9.978945010471621e-08
  parcels_zones_logsum_pop_high_income: -3.738879070511963e-07
  parcels_zones_logsum_pop_low_income: -7.384049850993221e-07
  parcels_zones_population: 0.0002694276662791952
  parcels_zones_retail_jobs: 0.00034929593965385826
  parcels_zones_transit_jobs_30min: -1.6259725284041712e-05
  parcels_zones_transit_jobs_50min: 4.208441714748198e-06
  parcels_zones_z_total_jobs: 5.966682974285347e-05
  residential_sqft: 2.4252865994107382e-06
  sqft_per_unit: 0.0005234027002592024
  year_built: 0.0023678341257735444
  zones_acres: 8.999661933575737e-05
  zones_employment: 3.873074046275272e-06
  zones_households: -0.0005508499263140645
  zones_logsum_job_high_income: 2.229321821042769e-07
  zones_logsum_job_low_income: 1.2371021960719648e-07
  zones_logsum_pop_high_income: -4.0692741624419854e-07
  zones_logsum_pop_low_income: 1.964544393744184e-07
  zones_population: 0.00018819241765348862
  zones_retail_jobs: 0.001665800819687198
  zones_transit_jobs_30min: -1.4091414946260396e-05
  zones_transit_jobs_50min: 5.062728154966601e-06
  zones_z_total_jobs: 5.6989972376026606e-06
sample_size: 39
score: 0.9273697899454094
