fit_filters:
- non_residential_sqft > 0
- sqft_price_nonres > 1
- sqft_price_nonres < 650
- hedonic_id == 313
model_expression:
  left_side: np.log1p(sqft_price_nonres)
model_type: Regression
name: RegressionModel
predict_filters: hedonic_id == 313
ytransform: np.exp
coef:
  building_age: -0.002446637755696399
  building_sqft: -5.801452356774925e-05
  crime_other_rate: 0.00024171136387657137
  crime_ucr_rate: -0.0012882629426173339
  jobs_within_30_min: 4.965072113468199e-07
  land_area: 3.1591990078252134e-05
  nodes_walk_ave_unit_sqft: -7.209175162532558e-05
  nodes_walk_housing_cost: 1.934744032260259e-05
  nodes_walk_jobs: 0.00018861940690629574
  nodes_walk_lowinc_hhs: -0.0023589448270554198
  nodes_walk_medical: 0.0013458046384161705
  nodes_walk_midinc_hhs: 0.0006530901989491013
  nodes_walk_node_r1500_sqft: -4.4861665139218644e-08
  nodes_walk_office: -0.00048286724055566637
  nodes_walk_population: 0.0006619064961879458
  nodes_walk_race_1_hhs: -0.0021503388765156234
  nodes_walk_race_2_hhs: -0.0027380270774040893
  nodes_walk_race_4_hhs: 0.009263483112826295
  nodes_walk_residential: 0.0011879029011363335
  nodes_walk_retail: -0.0005195622598199655
  nodes_walk_retail_jobs: -0.0003457783067447352
  parcel_sqft: 4.1784224258962135e-07
  parcels_ave_unit_size: -0.0007391450775127841
  parcels_landvalue: -7.321745390938952e-07
  parcels_total_sqft: -3.463953579992033e-06
  parcels_zones_employment: 1.8814790027136178e-06
  parcels_zones_jobs_within_30_min: 5.090737270439429e-07
  parcels_zones_logsum_job_high_income: -1.1447305874664964e-05
  parcels_zones_logsum_job_low_income: -3.4046232886434566e-09
  parcels_zones_logsum_pop_high_income: 5.622830473723902e-06
  parcels_zones_logsum_pop_low_income: 4.1543026907758994e-07
  parcels_zones_population: -1.782966039153837e-05
  parcels_zones_transit_jobs_30min: -2.9141844618654318e-05
  parcels_zones_transit_jobs_50min: -3.0886605549000517e-06
  parcels_zones_z_total_jobs: 1.1628064137862074e-05
  residential_sqft: 0.00010764268485228665
  sqft_per_unit: 5.50494273291743e-05
  year_built: 0.00025658372966906427
  zones_acres: -7.612453252789966e-05
  zones_employment: 5.314131694371703e-06
  zones_logsum_job_high_income: -1.1414032331998974e-05
  zones_logsum_job_low_income: -3.197405811607576e-09
  zones_logsum_pop_high_income: 6.935527861533282e-06
  zones_logsum_pop_low_income: 4.28882373384275e-07
  zones_population: -3.6690389165912186e-05
  zones_transit_jobs_30min: -2.2561015423905144e-05
  zones_transit_jobs_50min: -2.043800063913914e-06
  zones_z_total_jobs: 4.958057814498912e-05
sample_size: 84
score: 0.6892764306727607
