fit_filters:
- non_residential_sqft > 0
- sqft_price_nonres > 1
- sqft_price_nonres < 650
- hedonic_id == 93
model_expression:
  left_side: np.log1p(sqft_price_nonres)
model_type: Regression
name: RegressionModel
predict_filters: hedonic_id == 93
ytransform: np.exp
coef:
  building_age: -0.00011740015317467865
  building_sqft: -4.429009164538216e-06
  crime_other_rate: -0.00012181782480774339
  crime_ucr_rate: 0.000334983995694637
  jobs_within_30_min: -3.457242136096636e-06
  land_area: -2.2470287134748785e-05
  nodes_walk_ave_unit_sqft: -0.00014166068562380016
  nodes_walk_hhs_with_children: -0.0003748844284349012
  nodes_walk_households: 0.0005411866636399953
  nodes_walk_housing_cost: 2.3332309447240903e-06
  nodes_walk_industrial: -0.0008792499231554525
  nodes_walk_jobs: 9.52960803036993e-06
  nodes_walk_lowinc_hhs: 0.00012983482209138325
  nodes_walk_node_r1500_sqft: -6.896561464947891e-08
  nodes_walk_office: -2.3901673086607856e-06
  nodes_walk_population: -0.00023898100396202923
  nodes_walk_race_3_hhs: 0.0008146484344114828
  nodes_walk_retail: -8.925394795255689e-05
  nodes_walk_retail_jobs: -0.0004281120936662749
  parcel_sqft: 7.210561405281662e-07
  parcels_ave_unit_size: -1.1891275187308083e-05
  parcels_zones_households: -1.4842083992690982e-05
  parcels_zones_jobs_within_30_min: -4.8193237748354906e-08
  parcels_zones_logsum_job_high_income: 2.948013796900825e-06
  parcels_zones_logsum_job_low_income: 2.999427342629208e-08
  parcels_zones_logsum_pop_high_income: 2.866220177157181e-07
  parcels_zones_logsum_pop_low_income: -1.4815671067322648e-08
  parcels_zones_population: 9.991498374239796e-05
  parcels_zones_transit_jobs_30min: -3.7533054337541466e-07
  parcels_zones_transit_jobs_50min: 3.885633937917628e-06
  year_built: 0.002811643058462919
  zones_employment: -3.156936202834041e-05
  zones_households: -0.00011425924377283981
  zones_logsum_job_high_income: 3.1631535907277195e-06
  zones_logsum_job_low_income: 1.6740138877109175e-08
  zones_logsum_pop_high_income: -1.7662733813533578e-06
  zones_logsum_pop_low_income: -5.823363893575715e-08
  zones_transit_jobs_30min: -7.157346984628331e-07
  zones_transit_jobs_50min: -2.231592400921638e-09
  zones_z_total_jobs: -1.9507076250829743e-06
sample_size: 89
score: 0.9589058236102029
