fit_filters:
- non_residential_sqft > 0
- sqft_price_nonres > 1
- sqft_price_nonres < 650
- hedonic_id == 321
model_expression:
  left_side: np.log1p(sqft_price_nonres)
model_type: Regression
name: RegressionModel
predict_filters: hedonic_id == 321
ytransform: np.exp
coef:
  Intercept: -7.568092067452702
  building_age: -1.7237557542493233e-05
  building_sqft: 4.387216134515128e-06
  crime_other_rate: 4.05159138474868e-05
  crime_ucr_rate: -0.00016725628992920875
  jobs_within_30_min: -2.3915100951571942e-08
  land_area: -4.5748411599954345e-06
  nodes_walk_ave_nonres_sqft_price: 0.00017699637300943883
  nodes_walk_highinc_hhs: 0.00031961532472992755
  nodes_walk_households: 0.0001428409540811765
  nodes_walk_housing_cost: 4.874079303764178e-07
  nodes_walk_jobs: 0.00011235833630932167
  nodes_walk_lowinc_hhs: -0.00014253858998357767
  nodes_walk_medical: 0.0003126324601396106
  nodes_walk_midinc_hhs: 8.213995108259546e-05
  nodes_walk_node_r1500_sqft: -1.1904604079556378e-09
  nodes_walk_office: 0.00028260799400729394
  nodes_walk_race_1_hhs: 0.00016183954629898098
  nodes_walk_retail: 0.007322585754044021
  nodes_walk_retail_jobs: 0.00021281781440670762
  parcel_sqft: 2.650582153368246e-07
  parcels_total_sqft: -4.1265316642153385e-06
  parcels_zones_employment: 9.847022103749672e-06
  parcels_zones_households: -1.9363513870971414e-05
  parcels_zones_jobs_within_30_min: 5.368167334977895e-08
  parcels_zones_logsum_job_high_income: -1.797824211814298e-08
  parcels_zones_logsum_job_low_income: -5.6420051844454954e-08
  parcels_zones_logsum_pop_high_income: 6.50138886832492e-09
  parcels_zones_logsum_pop_low_income: 9.37049765688436e-09
  parcels_zones_population: 1.7116444523514362e-05
  parcels_zones_retail_jobs: 0.00011315883051205477
  parcels_zones_transit_jobs_30min: 4.606087848264997e-06
  parcels_zones_transit_jobs_50min: -5.038183745076351e-07
  parcels_zones_z_total_jobs: 3.41218762065695e-07
  residential_sqft: 6.2723517604627e-06
  sqft_per_unit: 0.00022651598810548805
  vacant_job_spaces: -0.0015585695617983287
  year_built: 0.005572183651671232
  zones_acres: -9.294310886170082e-06
  zones_employment: 7.189743206536447e-07
  zones_households: -3.454157735646058e-05
  zones_logsum_job_high_income: -2.993261277716253e-08
  zones_logsum_job_low_income: -4.171570760897833e-08
  zones_logsum_pop_high_income: 2.1942823166833336e-08
  zones_logsum_pop_low_income: 4.2308849408401746e-08
  zones_population: 1.677214366418354e-05
  zones_transit_jobs_30min: 2.1416811266961e-06
  zones_transit_jobs_50min: -4.7559075331639033e-07
  zones_z_total_jobs: 1.2200408560860419e-09
sample_size: 6240
score: 0.38070394022464116
