fit_filters:
- non_residential_sqft > 0
- sqft_price_nonres > 1
- sqft_price_nonres < 650
- hedonic_id == 9321
model_type: regression
name: RegressionModel
predict_filters: hedonic_id == 9321
target_variable: np.log1p(sqft_price_nonres)
ytransform: np.exp
fit_parameters:
  Coefficient:
    Intercept: 1.5558884031128257
    b_total_jobs: 0.0008865898252567038
    building_age: -0.0007019879719888389
    building_sqft: -4.2737669072955755e-06
    crime_other_rate: 2.6037062624667057e-05
    crime_ucr_rate: 0.0004651661201707138
    jobs_non_home_based: 1.110871398073613e-16
    jobs_within_30_min: -1.8031786772086323e-06
    land_area: 4.0938533316502706e-07
    nodes_walk_ave_nonres_sqft_price: 0.00032226565666726095
    nodes_walk_ave_unit_sqft: -5.5863671045114034e-06
    nodes_walk_housing_cost: 3.6268393033134806e-06
    nodes_walk_jobs: 0.00013204709324629119
    nodes_walk_medical: -0.00026413544344852023
    nodes_walk_node_r1500_sqft: -8.74444508166316e-09
    nodes_walk_population: -0.00010188778045793872
    nodes_walk_residential: -0.0007430219348944716
    nodes_walk_retail: 0.009060977608598746
    nodes_walk_retail_jobs: 0.00017937677178124145
    parcel_sqft: 2.2481403329642308e-07
    parcels_ave_unit_size: -7.671694889701942e-05
    parcels_parcel_size: -5.213252543014582e-07
    parcels_pct_undev: 0.001774743797916636
    parcels_total_job_spaces: 0.001765448554069456
    parcels_total_sqft: -5.890047179793907e-06
    parcels_zones_jobs_within_30_min: -9.404390369067273e-10
    residential_sqft: 0.0004966154889953735
    vacant_job_spaces: -0.00019133655812403287
    year_built: 0.0005791604150923009
    zones_acres: 1.8593342935364523e-05
    zones_households: 0.00011404952688202509
    zones_logsum_job_high_income: -1.2106686762069058e-06
    zones_logsum_job_low_income: 4.5124181617492755e-06
    zones_logsum_job_mid_income: -5.49151920612894e-06
    zones_logsum_pop_high_income: 4.27439924166135e-06
    zones_logsum_pop_low_income: 6.071490175754205e-06
    zones_logsum_pop_mid_income: -3.2657543902992987e-06
    zones_population: -5.154679985962731e-05
    zones_retail_jobs: 0.00019948011375841448
    zones_z_total_jobs: -1.9305295358986233e-05
fit_rsquared: 0.41565451389904573
fitted: true
sample_size: 893
