fit_filters:
- non_residential_sqft > 0
- sqft_price_nonres > 1
- sqft_price_nonres < 650
- hedonic_id == 16131
model_expression:
  left_side: np.log1p(sqft_price_nonres)
model_type: Regression
name: RegressionModel
predict_filters: hedonic_id == 16131
ytransform: np.exp
coef:
  Intercept: -2.411809993843634
  b_total_jobs: 0.0003635078385575717
  building_age: -0.0011699132308873156
  building_sqft: 7.380955863506145e-08
  crime_other_rate: 0.00010035594314790642
  crime_ucr_rate: -0.00032248165529007253
  job_spaces: 0.0003501245930178634
  jobs_within_30_min: 3.071198791206168e-06
  land_area: -1.0352310401672505e-06
  nodes_walk_ave_nonres_sqft_price: -0.0005627758128174283
  nodes_walk_ave_unit_sqft: -9.455079664705198e-05
  nodes_walk_housing_cost: 1.7673765872965446e-07
  nodes_walk_industrial: 0.01068838220373323
  nodes_walk_jobs: 5.5205512562126414e-05
  nodes_walk_lowinc_hhs: -0.0008586277133288184
  nodes_walk_max_office_far: -0.0013573261379241583
  nodes_walk_medical: -0.0006953554594204546
  nodes_walk_midinc_hhs: 0.0010852568763880107
  nodes_walk_node_r1500_sqft: 1.2770628744325333e-08
  nodes_walk_office: 5.9361299212412574e-05
  nodes_walk_population: -0.000588058102363521
  nodes_walk_retail: 0.00045215041585903564
  nodes_walk_retail_jobs: -0.0004085453956014186
  non_residential_units: 3.001281178884887e-17
  parcel_sqft: -2.3910576381629446e-08
  parcels_ave_unit_size: -9.488961850164339e-07
  parcels_total_sqft: -4.15703226574793e-07
  parcels_zones_jobs_within_30_min: -2.129133126814562e-06
  year_built: 0.002650039304226777
  zones_acres: 5.770219423996744e-06
  zones_empden: 0.002302545429710513
  zones_employment: 7.727840414413442e-05
  zones_logsum_job_high_income: -1.8139081058947528e-07
  zones_logsum_job_low_income: 2.6341958629968316e-07
  zones_logsum_pop_high_income: 1.8882855931994136e-07
  zones_logsum_pop_low_income: -2.2061582907069e-07
  zones_mean_age_of_head: 0.0011418641218109793
  zones_population: 4.26935471820652e-05
  zones_retail_jobs: 0.0002604612245838901
  zones_transit_jobs_30min: 7.347876125055684e-06
  zones_transit_jobs_50min: -1.0184162457345559e-06
sample_size: 536
score: 0.7556059027033942
