fit_filters:
- non_residential_sqft > 0
- sqft_price_nonres > 1
- sqft_price_nonres < 650
- hedonic_id == 41
model_expression:
  left_side: np.log1p(sqft_price_nonres)
model_type: Regression
name: RegressionModel
predict_filters: hedonic_id == 41
ytransform: np.exp
coef:
  Intercept: 4.71066022687557
  building_age: 0.0019512546535941683
  building_sqft: -1.0537402719152306e-06
  crime_other_rate: -1.086504705128557e-05
  crime_ucr_rate: -0.00011708692137546298
  job_spaces: -6.472222173956651e-05
  jobs_within_30_min: -9.243408218792677e-08
  land_area: -2.9766579322304075e-07
  nodes_walk_ave_nonres_sqft_price: 0.009614092359839089
  nodes_walk_ave_unit_sqft: -3.37574499143842e-06
  nodes_walk_housing_cost: -2.4233995986872685e-06
  nodes_walk_industrial: -0.0008237624800288562
  nodes_walk_jobs: 0.00012381625705655796
  nodes_walk_lowinc_hhs: -0.0018764101960150232
  nodes_walk_medical: -0.0019594316405496656
  nodes_walk_node_r1500_sqft: -1.1131056724799792e-08
  nodes_walk_office: -0.0019396483171007226
  nodes_walk_population: 0.00030729094349733326
  nodes_walk_race_1_hhs: -0.00012026794445821513
  nodes_walk_race_2_hhs: 0.00027357565365582513
  nodes_walk_residential: 0.0006068174765872421
  nodes_walk_retail: -0.0006331303634376712
  nodes_walk_retail_jobs: 0.0001123591484499218
  parcel_sqft: -5.551059298389495e-09
  parcels_ave_unit_size: -7.261610795602817e-05
  parcels_total_job_spaces: -4.29269655703222e-05
  parcels_total_sqft: -1.9152356074129188e-07
  parcels_zones_households: -0.0004244325164802373
  parcels_zones_jobs_within_30_min: 1.5485768801439096e-07
  parcels_zones_logsum_job_high_income: 1.0068073077085953e-07
  parcels_zones_logsum_job_low_income: 1.2391724476432044e-07
  parcels_zones_logsum_pop_high_income: -4.0350281864883254e-08
  parcels_zones_logsum_pop_low_income: -1.361876825630343e-07
  parcels_zones_mean_age_of_head: -0.0009549796161581103
  parcels_zones_population: 0.00010573631703732552
  parcels_zones_retail_jobs: 0.0007391292078606826
  parcels_zones_transit_jobs_30min: -4.391586373489598e-06
  parcels_zones_transit_jobs_50min: 1.3831691476085792e-07
  parcels_zones_z_total_jobs: -1.3261845829512213e-06
  vacant_job_spaces: -0.0002042222003044826
  year_built: -0.0005001675061556372
  zones_acres: -5.337991726953908e-05
  zones_employment: -2.5490112681192886e-05
  zones_households: -0.00020012295600281254
  zones_logsum_job_high_income: 9.402605879413327e-08
  zones_logsum_job_low_income: 1.1547515972841121e-07
  zones_logsum_pop_high_income: -1.1131141811696092e-07
  zones_logsum_pop_low_income: -1.341201154410955e-07
  zones_mean_age_of_head: -0.0002713211072784991
  zones_population: 0.00011002761581290139
  zones_retail_jobs: 5.104859977265229e-10
  zones_transit_jobs_30min: -3.665213362509379e-06
  zones_transit_jobs_50min: 5.070512670629439e-07
sample_size: 1014
score: 0.46289705467026154
