fit_filters:
- non_residential_sqft > 0
- sqft_price_nonres > 1
- sqft_price_nonres < 650
- hedonic_id == 12565
model_type: regression
name: RegressionModel
predict_filters: hedonic_id == 12565
target_variable: np.log1p(sqft_price_nonres)
ytransform: np.exp
fit_parameters:
  Coefficient:
    Intercept: -6.32028936783827
    b_total_jobs: 0.0004921566211160146
    building_age: -0.00017834272613932102
    building_sqft: -4.1996006334090495e-05
    crime_other_rate: 2.4708295724806172e-05
    crime_ucr_rate: -8.560189120627746e-05
    jobs_non_home_based: 5.940002939811251e-20
    jobs_within_30_min: 8.685086789078659e-09
    land_area: 2.1859719503688022e-05
    nodes_walk_ave_nonres_sqft_price: 0.00758424846833428
    nodes_walk_ave_unit_sqft: -3.7540299541183025e-05
    nodes_walk_highinc_hhs: 0.0006256648383294514
    nodes_walk_housing_cost: 1.591932152153158e-06
    nodes_walk_industrial: 0.0009459610701307544
    nodes_walk_jobs: -1.2807325106557856e-05
    nodes_walk_midinc_hhs: -0.00026469739441495923
    nodes_walk_node_r1500_sqft: 1.0649317817717987e-08
    nodes_walk_office: 0.00019954721462524938
    nodes_walk_population: -9.008057987769979e-05
    nodes_walk_race_2_hhs: 0.00016300706512410352
    nodes_walk_retail_jobs: 0.0001862613592151313
    parcel_sqft: -1.1055236386514446e-07
    parcels_ave_unit_size: -4.7826812844260365e-05
    parcels_parcel_size: -2.954403234127837e-07
    parcels_pct_undev: -0.0012821878719033802
    parcels_total_job_spaces: 0.0014981008364991957
    parcels_total_sqft: -6.136002893255855e-06
    parcels_zones_jobs_within_30_min: -2.2652767567251916e-08
    vacant_job_spaces: -0.00040573063835012025
    year_built: 0.005493768828212276
    zones_acres: -6.1009335849065706e-05
    zones_employment: -1.2814306262198976e-05
    zones_households: 0.00017181391762674707
    zones_logsum_job_high_income: 8.023720886157263e-07
    zones_logsum_job_low_income: 5.086094202455525e-07
    zones_logsum_job_mid_income: -4.0291024823995596e-07
    zones_logsum_pop_high_income: -7.947337977297922e-07
    zones_logsum_pop_low_income: -4.4771606595538663e-07
    zones_logsum_pop_mid_income: 5.551486277783278e-07
    zones_mean_age_of_head: -0.0006081030803221417
    zones_population: -7.701292035410989e-05
    zones_retail_jobs: -8.580370424485393e-07
    zones_transit_jobs_30min: -4.543868873822324e-06
    zones_transit_jobs_50min: 6.054721949578876e-08
    zones_z_total_jobs: -6.260184926079409e-06
fit_rsquared: 0.382925893544373
fit_rsquared_adj: 0.382925893544373
fitted: true
model_expression:
  left_side: np.log1p(sqft_price_nonres)
  right_side:
  - year_built
  - land_area
  - building_sqft
  - jobs_within_30_min
  - vacant_job_spaces
  - parcel_sqft
  - crime_ucr_rate
  - crime_other_rate
  - building_age
  - b_total_jobs
  - jobs_non_home_based
  - parcels_pct_undev
  - parcels_parcel_size
  - parcels_ave_unit_size
  - parcels_total_job_spaces
  - parcels_total_sqft
  - parcels_zones_jobs_within_30_min
  - zones_acres
  - zones_households
  - zones_population
  - zones_employment
  - zones_retail_jobs
  - zones_logsum_pop_high_income
  - zones_logsum_pop_mid_income
  - zones_logsum_pop_low_income
  - zones_logsum_job_high_income
  - zones_logsum_job_mid_income
  - zones_logsum_job_low_income
  - zones_z_total_jobs
  - zones_transit_jobs_50min
  - zones_transit_jobs_30min
  - zones_mean_age_of_head
  - nodes_walk_population
  - nodes_walk_midinc_hhs
  - nodes_walk_highinc_hhs
  - nodes_walk_race_2_hhs
  - nodes_walk_jobs
  - nodes_walk_retail_jobs
  - nodes_walk_node_r1500_sqft
  - nodes_walk_ave_nonres_sqft_price
  - nodes_walk_office
  - nodes_walk_industrial
  - nodes_walk_ave_unit_sqft
  - nodes_walk_housing_cost
sample_size: 1189
