fit_filters:
- non_residential_sqft > 0
- sqft_price_nonres > 1
- sqft_price_nonres < 650
- hedonic_id == 565
model_type: regression
name: RegressionModel
predict_filters: hedonic_id == 565
target_variable: np.log1p(sqft_price_nonres)
ytransform: np.exp
fit_parameters:
  Coefficient:
    Intercept: -32.60602239002336
    b_total_jobs: 0.007411026859078557
    building_age: -1.3598524894306092e-10
    building_sqft: 4.732963425167921e-05
    crime_other_rate: 9.6028054839834e-06
    crime_ucr_rate: 3.597495094255452e-05
    jobs_non_home_based: 7.94110715768051e-17
    jobs_within_30_min: -5.123789256078564e-09
    land_area: 1.1179236162214752e-06
    nodes_walk_ave_nonres_sqft_price: 0.010637526950636935
    nodes_walk_ave_unit_sqft: 8.885813943085934e-06
    nodes_walk_hhs_with_children: -0.0002640230174388302
    nodes_walk_housing_cost: -9.783841384372688e-07
    nodes_walk_jobs: -5.682856325298533e-05
    nodes_walk_medical: 0.0006271087350943589
    nodes_walk_midinc_hhs: 0.002101885134031778
    nodes_walk_node_r1500_sqft: 4.432070275715489e-08
    nodes_walk_population: -0.0003848285642256936
    nodes_walk_race_1_hhs: -0.00043019283844383176
    nodes_walk_race_4_hhs: 0.0014132627492073914
    nodes_walk_retail_jobs: 0.0022748635587379693
    parcel_sqft: 1.7582811044209608e-05
    parcels_parcel_size: -1.895027446617092e-05
    parcels_pct_undev: 0.0009768973820117074
    parcels_total_sqft: -8.778957315403661e-05
    parcels_zones_jobs_within_30_min: 4.7644584842294414e-08
    residential_sqft: 0.00011379822742803453
    sqft_per_unit: -5.934220676350108e-06
    year_built: 0.01802951669809575
    zones_acres: -1.0047654131248598e-05
    zones_empden: -0.0009437693008685357
    zones_employment: -5.406673060515309e-05
    zones_households: -0.00028711718660319246
    zones_logsum_job_high_income: -1.931072387439538e-07
    zones_logsum_job_low_income: 5.480864277689293e-09
    zones_logsum_job_mid_income: 1.6205246282045671e-09
    zones_logsum_pop_high_income: 2.3251926597250704e-07
    zones_logsum_pop_low_income: -2.577918239309074e-08
    zones_logsum_pop_mid_income: -6.798799467225298e-09
    zones_population: 0.00011819841093027852
    zones_retail_jobs: 0.0007234008623876668
    zones_transit_jobs_30min: 4.700579667673181e-06
    zones_transit_jobs_50min: 5.688188078280474e-07
fit_rsquared: 0.5350373932285607
fitted: true
model_expression:
  left_side: np.log1p(sqft_price_nonres)
  right_side:
  - year_built
  - sqft_per_unit
  - land_area
  - residential_sqft
  - building_sqft
  - jobs_within_30_min
  - parcel_sqft
  - crime_ucr_rate
  - crime_other_rate
  - building_age
  - b_total_jobs
  - jobs_non_home_based
  - parcels_pct_undev
  - parcels_parcel_size
  - parcels_total_sqft
  - parcels_zones_jobs_within_30_min
  - zones_acres
  - zones_households
  - zones_population
  - zones_employment
  - zones_retail_jobs
  - zones_empden
  - zones_logsum_pop_high_income
  - zones_logsum_pop_mid_income
  - zones_logsum_pop_low_income
  - zones_logsum_job_high_income
  - zones_logsum_job_mid_income
  - zones_logsum_job_low_income
  - zones_transit_jobs_50min
  - zones_transit_jobs_30min
  - nodes_walk_population
  - nodes_walk_midinc_hhs
  - nodes_walk_race_1_hhs
  - nodes_walk_race_4_hhs
  - nodes_walk_hhs_with_children
  - nodes_walk_jobs
  - nodes_walk_retail_jobs
  - nodes_walk_node_r1500_sqft
  - nodes_walk_ave_nonres_sqft_price
  - nodes_walk_medical
  - nodes_walk_ave_unit_sqft
  - nodes_walk_housing_cost
sample_size: 1090
