fit_filters:
- non_residential_sqft > 0
- sqft_price_nonres > 1
- sqft_price_nonres < 650
- hedonic_id == 12533
model_expression:
  left_side: np.log1p(sqft_price_nonres)
model_type: Regression
name: RegressionModel
predict_filters: hedonic_id == 12533
ytransform: np.exp
coef:
  building_age: -0.001142543789296371
  building_sqft: -1.4255303789646772e-06
  crime_other_rate: 8.101300620909287e-05
  crime_ucr_rate: -0.00040524284655003135
  job_spaces: 0.00045508574902968516
  jobs_within_30_min: 2.8465039455537776e-08
  land_area: 3.696671753254688e-07
  nodes_walk_ave_nonres_sqft_price: 0.002968083027969395
  nodes_walk_ave_unit_sqft: 5.16816924171036e-07
  nodes_walk_housing_cost: -3.1642113745930713e-07
  nodes_walk_industrial: 0.00334976599152464
  nodes_walk_jobs: 4.896165663917287e-05
  nodes_walk_medical: -0.00040539752253655883
  nodes_walk_node_r1500_sqft: -8.782071503099907e-09
  nodes_walk_office: 0.0002332675337902391
  nodes_walk_population: 6.454526460923547e-05
  nodes_walk_race_1_hhs: 0.0004569326675451027
  nodes_walk_race_2_hhs: -0.00016460067304240118
  nodes_walk_residential: 5.09344307774057e-06
  nodes_walk_retail: 0.00010429691699625099
  nodes_walk_retail_jobs: 0.00013752320449543354
  non_residential_units: 5.568785520704615e-20
  parcel_sqft: -3.200769912638367e-09
  parcels_ave_unit_size: 2.23061097563403e-05
  parcels_total_job_spaces: 5.9064219765397865e-05
  parcels_total_sqft: -4.7472792806186916e-07
  parcels_zones_employment: 5.211221953325886e-06
  parcels_zones_jobs_within_30_min: -3.3670673102864365e-08
  parcels_zones_logsum_job_high_income: 2.8164628571703007e-08
  parcels_zones_logsum_job_low_income: 9.915718462468983e-08
  parcels_zones_logsum_pop_high_income: -4.2796322323811e-08
  parcels_zones_logsum_pop_low_income: -2.2122784626655767e-07
  parcels_zones_mean_age_of_head: -0.0015372394140571479
  parcels_zones_retail_jobs: 0.00014117309660440422
  parcels_zones_transit_jobs_30min: 3.1226180565713994e-06
  parcels_zones_transit_jobs_50min: -1.1856673516327357e-06
  parcels_zones_z_total_jobs: 3.2093455650569557e-07
  school_district_achievement: -0.0009043109542320127
  year_built: 0.007181059123801304
  zones_acres: -3.502109488866831e-05
  zones_logsum_job_high_income: 1.9520879831011628e-08
  zones_logsum_job_low_income: 1.0203172002543529e-07
  zones_logsum_pop_high_income: -2.9134860006165878e-08
  zones_logsum_pop_low_income: -3.798591652041892e-08
  zones_mean_age_of_head: -7.80595000223947e-05
  zones_population: 4.519056649077625e-06
  zones_retail_jobs: 2.5909955308574844e-06
  zones_transit_jobs_30min: 1.8834621476813582e-06
  zones_transit_jobs_50min: -8.173236444465028e-07
  zones_z_total_jobs: 1.906186478050229e-07
sample_size: 641
score: 0.4195109657004936
