fit_filters:
- non_residential_sqft > 0
- sqft_price_nonres > 1
- sqft_price_nonres < 650
- hedonic_id == 16123
model_expression:
  left_side: np.log1p(sqft_price_nonres)
model_type: Regression
name: RegressionModel
predict_filters: hedonic_id == 16123
ytransform: np.exp
coef:
  building_age: -0.0005778201260430015
  building_sqft: 8.558996963055085e-07
  crime_other_rate: 0.00013294282857137394
  crime_ucr_rate: -0.0003725927658299758
  jobs_within_30_min: 6.848597899156383e-07
  land_area: -6.962048929023625e-06
  nodes_walk_ave_unit_sqft: -4.624948965195018e-06
  nodes_walk_highinc_hhs: -0.0016487202037224265
  nodes_walk_households: -0.0004061605222646558
  nodes_walk_housing_cost: 4.159989720974861e-06
  nodes_walk_industrial: -0.0011467631922572788
  nodes_walk_jobs: 0.00010202016445745003
  nodes_walk_lowinc_hhs: -0.0009511447826903529
  nodes_walk_max_office_far: -0.00016581530944551276
  nodes_walk_medical: 5.171863086934125e-05
  nodes_walk_midinc_hhs: 0.0007879136015117257
  nodes_walk_node_r1500_sqft: 9.826102992029143e-09
  nodes_walk_office: 0.005783342847097944
  nodes_walk_population: 0.0003169963016334345
  nodes_walk_residential: -0.000750330473982065
  nodes_walk_retail: 1.7861683977276635e-05
  nodes_walk_retail_jobs: -0.0004627796845346148
  parcel_sqft: 2.615724018668144e-07
  parcels_ave_unit_size: -0.00011197565117473467
  parcels_total_sqft: -5.499255845601804e-07
  parcels_zones_employment: 3.202688344794219e-05
  parcels_zones_jobs_within_30_min: -2.1000380491726112e-07
  parcels_zones_logsum_job_high_income: 1.6424488788821634e-07
  parcels_zones_logsum_job_low_income: 2.9045186850639874e-08
  parcels_zones_logsum_pop_high_income: -3.5988821763598444e-07
  parcels_zones_logsum_pop_low_income: -5.697724237377431e-08
  parcels_zones_population: 2.49358783466336e-07
  parcels_zones_retail_jobs: 0.000496084740023053
  parcels_zones_transit_jobs_30min: -1.9166724499741316e-06
  parcels_zones_transit_jobs_50min: 1.7933104368226454e-06
  parcels_zones_z_total_jobs: 2.0326001095941888e-07
  residential_sqft: -6.582644430659227e-05
  sqft_per_unit: 0.00021605578491332427
  vacant_job_spaces: -0.0002045234918084242
  year_built: 0.0016979240981414877
  zones_acres: -3.730587651679401e-05
  zones_employment: 8.297199544058492e-09
  zones_households: -2.046585577872218e-05
  zones_logsum_job_high_income: 1.6451806568393796e-07
  zones_logsum_job_low_income: 2.7549826109708203e-08
  zones_logsum_pop_high_income: -2.721472135688217e-07
  zones_logsum_pop_low_income: -6.798361437541906e-08
  zones_population: 4.41317119963824e-06
  zones_retail_jobs: 0.00010626887129168278
  zones_transit_jobs_30min: -1.4658758476471937e-06
  zones_transit_jobs_50min: 1.115988683487626e-06
  zones_z_total_jobs: 4.0188607542584164e-07
sample_size: 844
score: 0.4500825451801206
