fit_filters:
- non_residential_sqft > 0
- sqft_price_nonres > 1
- sqft_price_nonres < 650
- hedonic_id == 9931
model_expression:
  left_side: np.log1p(sqft_price_nonres)
model_type: Regression
name: RegressionModel
predict_filters: hedonic_id == 9931
ytransform: np.exp
coef:
  b_total_jobs: 0.0006929904931189967
  building_age: -0.000659649753591524
  building_sqft: 1.045975581946189e-06
  crime_other_rate: 5.48634976032198e-06
  crime_ucr_rate: 0.00016953050567431003
  jobs_non_home_based: 2.9065625622399087e-19
  jobs_within_30_min: -1.518584760912395e-07
  land_area: -9.464004551986475e-07
  nodes_walk_ave_nonres_sqft_price: 0.0014156178558533735
  nodes_walk_households: -0.0001935411228619867
  nodes_walk_housing_cost: -6.701934075916866e-08
  nodes_walk_industrial: 0.012738508966979997
  nodes_walk_jobs: 2.1809763476108737e-05
  nodes_walk_medical: -0.0001455274405234164
  nodes_walk_node_r1500_sqft: 1.0191250195829902e-08
  nodes_walk_residential: 1.1385205360696115e-05
  nodes_walk_retail: 0.00018272947513981827
  nodes_walk_retail_jobs: -1.4892978048160871e-05
  parcel_sqft: -1.6684813347870606e-07
  parcels_total_sqft: -1.0035095468152217e-06
  parcels_zones_employment: -1.1365886906800826e-05
  parcels_zones_households: 0.00012977053375947252
  parcels_zones_jobs_within_30_min: -4.936683892516072e-08
  parcels_zones_logsum_job_high_income: -3.659542270897362e-07
  parcels_zones_logsum_job_low_income: 8.513001599154897e-08
  parcels_zones_logsum_pop_high_income: 3.307122810572756e-07
  parcels_zones_logsum_pop_low_income: -4.4858857344340706e-08
  parcels_zones_mean_age_of_head: 0.0019236201599771847
  parcels_zones_population: -2.719998336344999e-05
  parcels_zones_retail_jobs: 1.0123229552806869e-05
  parcels_zones_transit_jobs_30min: -6.601033064034958e-07
  parcels_zones_transit_jobs_50min: 1.2853428328387404e-07
  parcels_zones_z_total_jobs: -1.8137941338479426e-08
  year_built: 0.006196319926960956
  zone_mean_age_of_head: 6.994277810920231e-19
  zones_acres: -4.223501324246228e-06
  zones_employment: -7.596195983055712e-09
  zones_households: 3.929150552498064e-05
  zones_logsum_job_high_income: -3.2034949522653753e-07
  zones_logsum_job_low_income: 7.336420414738163e-08
  zones_logsum_pop_high_income: 3.2451650514531864e-07
  zones_logsum_pop_low_income: -9.064483672347767e-08
  zones_mean_age_of_head: 0.00045882070964873054
  zones_population: -2.9107736127025914e-05
  zones_retail_jobs: 2.3528813839695924e-05
  zones_transit_jobs_30min: -3.7071489781703574e-08
  zones_transit_jobs_50min: 1.243310057693845e-07
  zones_z_total_jobs: -6.854479923261583e-09
sample_size: 2595
score: 0.5133318678844672
