fit_filters:
- non_residential_sqft > 0
- sqft_price_nonres > 1
- sqft_price_nonres < 650
- hedonic_id == 16151
model_expression:
  left_side: np.log1p(sqft_price_nonres)
model_type: Regression
name: RegressionModel
predict_filters: hedonic_id == 16151
ytransform: np.exp
coef:
  Intercept: -2.38691658281573
  building_age: -1.6556907636725155e-06
  building_sqft: 3.4328198353602656e-06
  crime_other_rate: 7.006303090254952e-06
  crime_ucr_rate: -0.00038482776874477516
  jobs_within_30_min: -1.2832258266475316e-06
  land_area: -1.2802621431763879e-06
  nodes_walk_ave_nonres_sqft_price: 0.001655281967201091
  nodes_walk_ave_unit_sqft: 3.61975024219912e-05
  nodes_walk_households: 0.00040223713416679107
  nodes_walk_housing_cost: -1.9210756144767486e-06
  nodes_walk_jobs: -3.187087423585875e-05
  nodes_walk_lowinc_hhs: 0.00036851247508018286
  nodes_walk_max_office_far: 0.0030665569664485525
  nodes_walk_medical: 0.004687146055132974
  nodes_walk_node_r1500_sqft: -4.171571368663811e-09
  nodes_walk_office: -0.0002951544641168618
  nodes_walk_population: -0.00013302203932147934
  nodes_walk_race_1_hhs: 0.00038054639031709136
  nodes_walk_retail: -0.0008401220224762304
  nodes_walk_retail_jobs: 0.0002872033378746886
  parcel_sqft: 1.3466661262231986e-07
  parcels_ave_unit_size: 9.850642442983917e-05
  parcels_total_job_spaces: 0.00060500809835729
  parcels_total_sqft: -6.347728896227251e-06
  parcels_zones_employment: 1.886715382568612e-05
  parcels_zones_households: -5.333629402155924e-07
  parcels_zones_jobs_within_30_min: 9.205155796915391e-07
  parcels_zones_logsum_job_high_income: -1.994379143184461e-07
  parcels_zones_logsum_job_low_income: -5.7478878457069145e-08
  parcels_zones_logsum_pop_high_income: 1.9446572873769924e-07
  parcels_zones_logsum_pop_low_income: 1.8662879719583807e-07
  parcels_zones_population: -1.3393103792791777e-05
  parcels_zones_retail_jobs: 3.029641807710845e-05
  parcels_zones_transit_jobs_30min: 1.6483171882177413e-06
  parcels_zones_transit_jobs_50min: -1.1308800779146156e-10
  parcels_zones_z_total_jobs: 1.023278007469247e-06
  residential_sqft: -0.00014277681964754583
  vacant_job_spaces: -0.003258240494112912
  year_built: 0.0032425879530275374
  zones_acres: -1.1505818935653986e-05
  zones_employment: 1.7236709188071587e-06
  zones_households: -5.389498017237477e-06
  zones_logsum_job_high_income: -2.646978477652387e-08
  zones_logsum_job_low_income: -7.119639583907818e-08
  zones_logsum_pop_high_income: 2.6686912793208938e-14
  zones_logsum_pop_low_income: 4.268320543624479e-08
  zones_population: -1.120385951234541e-06
  zones_retail_jobs: 2.7291063948407554e-05
  zones_transit_jobs_30min: 9.414406478729903e-07
  zones_transit_jobs_50min: -1.3876481884172925e-09
  zones_z_total_jobs: 2.120429918550126e-06
sample_size: 198
score: 0.6511840703858958
