fit_filters:
- non_residential_sqft > 0
- sqft_price_nonres > 1
- sqft_price_nonres < 650
- hedonic_id == 9933
model_type: regression
name: RegressionModel
predict_filters: hedonic_id == 9933
target_variable: np.log1p(sqft_price_nonres)
ytransform: np.exp
fit_parameters:
  Coefficient:
    Intercept: -12.049839795164072
    building_age: -0.0006662923240411862
    building_sqft: -4.668594206807571e-06
    crime_other_rate: -6.464818249646149e-05
    crime_ucr_rate: -7.253662693313586e-05
    jobs_within_30_min: 5.224901483267957e-08
    land_area: 5.326121511649723e-06
    nodes_walk_ave_nonres_sqft_price: 0.008557561248272673
    nodes_walk_ave_unit_sqft: -6.707693142554562e-07
    nodes_walk_highinc_hhs: 0.0016129619626540435
    nodes_walk_housing_cost: 3.5654878672595773e-07
    nodes_walk_industrial: 0.004176820777574395
    nodes_walk_jobs: 0.00010869423910977746
    nodes_walk_medical: -0.001485131036738862
    nodes_walk_midinc_hhs: -0.00031666651301505395
    nodes_walk_node_r1500_sqft: -2.3158952595591148e-08
    nodes_walk_office: -0.00037681588781602953
    nodes_walk_residential: 0.0006997701817048288
    nodes_walk_retail: -0.0005639946741566532
    nodes_walk_retail_jobs: -0.0004466242342427689
    parcel_sqft: -1.1278913236325054e-07
    parcels_ave_unit_size: -2.024726676847226e-05
    parcels_parcel_size: 1.764666727796237e-07
    parcels_total_job_spaces: 0.0008249672755540632
    parcels_total_sqft: -1.3136933587093298e-06
    parcels_zones_jobs_within_30_min: 1.643826280368742e-07
    year_built: 0.007649934353758356
    zones_acres: 9.836596394255604e-06
    zones_employment: 7.238608500137452e-08
    zones_households: -0.00038117690820640255
    zones_logsum_job_high_income: -2.3085320913627008e-07
    zones_logsum_job_low_income: 4.353787584320771e-07
    zones_logsum_job_mid_income: 1.5698124063603055e-07
    zones_logsum_pop_high_income: 1.3837041731778576e-07
    zones_logsum_pop_low_income: -3.3856921853536375e-07
    zones_logsum_pop_mid_income: -7.776881726038225e-08
    zones_population: 0.00014156943037933666
    zones_retail_jobs: -8.972324044710664e-05
    zones_transit_jobs_30min: 8.16694183198324e-06
    zones_transit_jobs_50min: -2.9357866751639887e-07
    zones_z_total_jobs: 6.809926867652572e-07
fit_rsquared: 0.39926693275942593
fit_rsquared_adj: 0.39926693275942593
fitted: true
model_expression:
  left_side: np.log1p(sqft_price_nonres)
  right_side:
  - year_built
  - land_area
  - building_sqft
  - jobs_within_30_min
  - parcel_sqft
  - crime_ucr_rate
  - crime_other_rate
  - building_age
  - parcels_parcel_size
  - parcels_ave_unit_size
  - parcels_total_job_spaces
  - parcels_total_sqft
  - parcels_zones_jobs_within_30_min
  - zones_acres
  - zones_households
  - zones_population
  - zones_employment
  - zones_retail_jobs
  - zones_logsum_pop_high_income
  - zones_logsum_pop_mid_income
  - zones_logsum_pop_low_income
  - zones_logsum_job_high_income
  - zones_logsum_job_mid_income
  - zones_logsum_job_low_income
  - zones_z_total_jobs
  - zones_transit_jobs_50min
  - zones_transit_jobs_30min
  - nodes_walk_midinc_hhs
  - nodes_walk_highinc_hhs
  - nodes_walk_jobs
  - nodes_walk_retail_jobs
  - nodes_walk_node_r1500_sqft
  - nodes_walk_residential
  - nodes_walk_ave_nonres_sqft_price
  - nodes_walk_retail
  - nodes_walk_office
  - nodes_walk_industrial
  - nodes_walk_medical
  - nodes_walk_ave_unit_sqft
  - nodes_walk_housing_cost
sample_size: 1282
