fit_filters:
- non_residential_sqft > 0
- sqft_price_nonres > 1
- sqft_price_nonres < 650
- hedonic_id == 12551
model_type: regression
name: RegressionModel
predict_filters: hedonic_id == 12551
target_variable: np.log1p(sqft_price_nonres)
ytransform: np.exp
fit_parameters:
  Coefficient:
    Intercept: -2.6703408589639874
    building_sqft: 3.5890915467664684e-06
    crime_other_rate: -5.507603724099012e-05
    crime_ucr_rate: -5.818038895379504e-05
    jobs_within_30_min: -1.5026995034648614e-07
    land_area: -8.857246083370224e-06
    nodes_walk_ave_nonres_sqft_price: 0.0014802007284136583
    nodes_walk_hhs_with_children: -0.0005624562559671578
    nodes_walk_highinc_hhs: -0.0008150484173853122
    nodes_walk_housing_cost: 1.4163037048428831e-06
    nodes_walk_industrial: 0.000488729991218357
    nodes_walk_jobs: 8.647695754401561e-05
    nodes_walk_medical: 0.008233412378743655
    nodes_walk_node_r1500_sqft: 3.220884309362399e-08
    nodes_walk_office: -2.542761574945547e-05
    nodes_walk_population: 0.00017558476322585795
    nodes_walk_race_2_hhs: 0.0004896487357292863
    nodes_walk_race_3_hhs: -0.0036952970520424855
    parcel_sqft: 8.416737596735386e-07
    parcels_ave_unit_size: -0.00011784646498647117
    parcels_parcel_size: -7.814168545062418e-07
    parcels_total_job_spaces: 0.0011666825392803572
    parcels_total_sqft: -9.257704737963598e-06
    parcels_zones_jobs_within_30_min: 7.522083312164787e-08
    residential_sqft: 2.708014397637756e-07
    school_district_achievement: -0.00036037506219254676
    sqft_per_unit: 6.352500662404845e-06
    vacant_job_spaces: -0.00041087175335407307
    year_built: 0.003135085029633662
    zones_empden: -0.0006678445617807269
    zones_employment: 2.85355677447311e-06
    zones_households: -0.00012087618097797304
    zones_logsum_job_high_income: -1.3084887818728318e-07
    zones_logsum_job_low_income: 1.0001606119051105e-06
    zones_logsum_job_mid_income: -3.106884216804014e-08
    zones_logsum_pop_high_income: 1.7493328278554935e-07
    zones_logsum_pop_low_income: -1.0197880526060824e-06
    zones_logsum_pop_mid_income: 1.4750498158960649e-07
    zones_population: 8.218940642230778e-05
    zones_retail_jobs: 8.532371540373359e-05
    zones_transit_jobs_30min: -6.783881097677901e-06
    zones_transit_jobs_50min: -1.0262051257874034e-06
fit_rsquared: 0.6081479926328472
fitted: true
model_expression:
  left_side: np.log1p(sqft_price_nonres)
  right_side:
  - year_built
  - sqft_per_unit
  - land_area
  - residential_sqft
  - building_sqft
  - jobs_within_30_min
  - vacant_job_spaces
  - parcel_sqft
  - school_district_achievement
  - crime_ucr_rate
  - crime_other_rate
  - parcels_parcel_size
  - parcels_ave_unit_size
  - parcels_total_job_spaces
  - parcels_total_sqft
  - parcels_zones_jobs_within_30_min
  - zones_households
  - zones_population
  - zones_employment
  - zones_retail_jobs
  - zones_empden
  - zones_logsum_pop_high_income
  - zones_logsum_pop_mid_income
  - zones_logsum_pop_low_income
  - zones_logsum_job_high_income
  - zones_logsum_job_mid_income
  - zones_logsum_job_low_income
  - zones_transit_jobs_50min
  - zones_transit_jobs_30min
  - nodes_walk_population
  - nodes_walk_highinc_hhs
  - nodes_walk_race_2_hhs
  - nodes_walk_race_3_hhs
  - nodes_walk_hhs_with_children
  - nodes_walk_jobs
  - nodes_walk_node_r1500_sqft
  - nodes_walk_ave_nonres_sqft_price
  - nodes_walk_office
  - nodes_walk_industrial
  - nodes_walk_medical
  - nodes_walk_housing_cost
sample_size: 837
