fit_filters:
- non_residential_sqft > 0
- sqft_price_nonres > 1
- sqft_price_nonres < 650
- hedonic_id == 9921
model_expression:
  left_side: np.log1p(sqft_price_nonres)
model_type: Regression
name: RegressionModel
predict_filters: hedonic_id == 9921
ytransform: np.exp
coef:
  b_total_jobs: 0.00010593486295619823
  building_age: -0.0006494201325778422
  building_sqft: 4.567824242542348e-06
  crime_other_rate: 3.8666063825090834e-05
  crime_ucr_rate: 0.00017982921654326723
  jobs_non_home_based: 1.7667440600268728e-17
  jobs_within_30_min: 1.2848209491128606e-07
  land_area: -6.076142793644234e-06
  nodes_walk_ave_nonres_sqft_price: 0.0008518642228568063
  nodes_walk_ave_unit_sqft: -4.657489111309625e-05
  nodes_walk_housing_cost: 3.0213515970560495e-06
  nodes_walk_industrial: -8.212673572444914e-05
  nodes_walk_jobs: 0.0001021986195280261
  nodes_walk_node_r1500_sqft: -2.9235263183931825e-09
  nodes_walk_office: -4.7392017478509454e-05
  nodes_walk_population: 4.064640775556338e-05
  nodes_walk_race_1_hhs: 0.00010799313715739881
  nodes_walk_retail: 0.008032777638430962
  nodes_walk_retail_jobs: 0.0003193531233762746
  parcel_sqft: 1.5922877712613746e-07
  parcels_ave_unit_size: -5.071307872635525e-05
  parcels_parcel_size: -2.7409191238173714e-07
  parcels_total_job_spaces: 0.0006694040729972184
  parcels_total_sqft: -4.111871820111836e-06
  parcels_zones_employment: -4.263450150388868e-07
  parcels_zones_households: 6.265712503437673e-05
  parcels_zones_jobs_within_30_min: -1.7416816004329818e-07
  parcels_zones_logsum_job_high_income: 2.167462801505334e-07
  parcels_zones_logsum_job_low_income: -5.2146944544893674e-08
  parcels_zones_logsum_pop_high_income: -3.775880906422404e-07
  parcels_zones_logsum_pop_low_income: 3.416434489983386e-08
  parcels_zones_population: -3.7513739242968344e-05
  parcels_zones_transit_jobs_30min: -2.042629329162935e-06
  parcels_zones_transit_jobs_50min: 8.776365309640301e-07
  parcels_zones_z_total_jobs: -3.4017075267318677e-10
  residential_sqft: 9.568180522480974e-06
  sqft_per_unit: 0.0004090241424318857
  year_built: 0.00641631455841489
  zones_acres: -2.8065830050270023e-05
  zones_employment: -3.876941442834834e-07
  zones_households: 8.817610278498581e-05
  zones_logsum_job_high_income: 2.425126122723638e-07
  zones_logsum_job_low_income: -6.121593369658184e-08
  zones_logsum_pop_high_income: -2.3413211397549453e-07
  zones_logsum_pop_low_income: 1.5495974695531685e-08
  zones_population: -3.160993154604749e-05
  zones_transit_jobs_30min: -2.2067711211999607e-06
  zones_transit_jobs_50min: 6.936938022819018e-07
  zones_z_total_jobs: -3.177229771656455e-07
sample_size: 4192
score: 0.300269810615469
