fit_filters:
- non_residential_sqft > 0
- sqft_price_nonres > 1
- sqft_price_nonres < 650
- hedonic_id == 13
model_expression:
  left_side: np.log1p(sqft_price_nonres)
model_type: Regression
name: RegressionModel
predict_filters: hedonic_id == 13
ytransform: np.exp
coef:
  Intercept: -8.023027968029256
  b_total_jobs: 0.000613259209863563
  building_sqft: 4.625763185354434e-05
  crime_other_rate: 2.6752465331143698e-05
  crime_ucr_rate: -0.0002440503354877091
  jobs_non_home_based: 1.1055305844886312e-16
  jobs_within_30_min: -6.01499134767371e-07
  land_area: -4.006056032996155e-05
  nodes_walk_ave_nonres_sqft_price: 0.0002890534033906093
  nodes_walk_ave_unit_sqft: 2.5556600939676656e-05
  nodes_walk_hhs_with_children: 0.0040675863100627435
  nodes_walk_highinc_hhs: 0.0003391196024321343
  nodes_walk_housing_cost: 1.803438817387816e-06
  nodes_walk_industrial: 0.0016233583116197006
  nodes_walk_jobs: 8.266977650577769e-05
  nodes_walk_lowinc_hhs: -0.001125229104313792
  nodes_walk_medical: -0.00046679172463425314
  nodes_walk_midinc_hhs: 0.0003761875719229927
  nodes_walk_node_r1500_sqft: -4.503296064126439e-08
  nodes_walk_office: 0.0002373009681266627
  nodes_walk_population: -0.00026929667080550395
  nodes_walk_race_2_hhs: 0.00044420512317133894
  nodes_walk_race_3_hhs: 0.000729266264472951
  nodes_walk_race_4_hhs: -0.0009815984967513284
  nodes_walk_residential: 0.0025658258575836147
  nodes_walk_retail: 0.001008921270480609
  parcel_sqft: 4.664619665179697e-07
  parcels_pptytax: -0.0014263495722382595
  parcels_total_job_spaces: 0.007462833662889197
  parcels_total_sqft: -4.676173101806374e-05
  parcels_zones_employment: 5.2339452825604916e-05
  parcels_zones_households: -0.00015759765845764858
  parcels_zones_jobs_within_30_min: 2.9481735420166804e-07
  parcels_zones_logsum_job_high_income: -3.5884644488501796e-07
  parcels_zones_logsum_job_low_income: -7.893776227986557e-09
  parcels_zones_logsum_pop_high_income: 4.854719839678707e-07
  parcels_zones_logsum_pop_low_income: -1.2699055516529647e-08
  parcels_zones_population: 6.129607170524897e-05
  parcels_zones_transit_jobs_30min: 3.1665231864392905e-06
  parcels_zones_transit_jobs_50min: -5.851625265164225e-07
  parcels_zones_z_total_jobs: 2.209487238452038e-05
  residential_sqft: 1.865105906780321e-05
  sqft_per_unit: 9.891769989060457e-05
  year_built: 0.005683522037720344
  zones_acres: 3.8643274177611546e-05
  zones_employment: 8.520133523108177e-06
  zones_households: -0.00021033213669872756
  zones_logsum_job_high_income: -3.582267511530702e-07
  zones_logsum_job_low_income: -8.271834044392055e-09
  zones_logsum_pop_high_income: 4.712231215093614e-07
  zones_logsum_pop_low_income: -6.718779669159654e-09
  zones_population: 5.627556308023177e-05
  zones_transit_jobs_30min: 2.0446019486904023e-06
  zones_transit_jobs_50min: -6.080872402575157e-07
sample_size: 536
score: 0.44070265293595523
