fit_filters:
- non_residential_sqft > 0
- sqft_price_nonres > 1
- sqft_price_nonres < 650
- hedonic_id == 321
model_expression:
  left_side: np.log1p(sqft_price_nonres)
model_type: Regression
name: RegressionModel
predict_filters: hedonic_id == 321
ytransform: np.exp
coef:
  b_total_jobs: 0.0006629820914228491
  building_age: -0.0016517138775240887
  building_sqft: 4.1793606447049637e-07
  crime_other_rate: 1.689207718085965e-05
  crime_ucr_rate: -0.00011197352233018187
  jobs_non_home_based: 9.511789520436608e-17
  jobs_within_30_min: -9.849967439623345e-08
  land_area: -8.004112398676487e-06
  nodes_walk_ave_nonres_sqft_price: 0.0008256160927527262
  nodes_walk_ave_unit_sqft: -8.033998122105182e-06
  nodes_walk_highinc_hhs: 0.0004752697291883802
  nodes_walk_housing_cost: 1.0587765257144975e-06
  nodes_walk_jobs: 9.037650726870533e-05
  nodes_walk_lowinc_hhs: -7.47015601194083e-05
  nodes_walk_medical: 5.3797095104336915e-05
  nodes_walk_node_r1500_sqft: -5.941718518729056e-09
  nodes_walk_office: 0.0004883457583176769
  nodes_walk_population: 1.782333112203125e-05
  nodes_walk_race_1_hhs: 0.00019766603201179853
  nodes_walk_residential: 0.00015565733360054467
  nodes_walk_retail: 0.006057393633716362
  nodes_walk_retail_jobs: 0.0003384617093807428
  parcel_sqft: 2.140136255024388e-07
  parcels_ave_unit_size: -1.054215659626192e-05
  parcels_landvalue: 5.390213073276441e-08
  parcels_total_sqft: -1.1131519840648926e-06
  parcels_zones_employment: 2.1634236946049204e-05
  parcels_zones_households: -6.163161109075387e-05
  parcels_zones_jobs_within_30_min: 8.474703935981612e-08
  parcels_zones_logsum_job_high_income: 8.642649953744449e-08
  parcels_zones_logsum_job_low_income: -7.002941524371914e-08
  parcels_zones_logsum_pop_high_income: -6.632154624788901e-08
  parcels_zones_logsum_pop_low_income: 9.07212528764461e-09
  parcels_zones_population: 2.1289034060431415e-05
  parcels_zones_retail_jobs: 2.5829031660632896e-05
  parcels_zones_transit_jobs_30min: 5.072407692600768e-06
  parcels_zones_transit_jobs_50min: -4.078651691469692e-07
  parcels_zones_z_total_jobs: 6.574694851869514e-07
  residential_sqft: -1.1026435165379411e-05
  sqft_per_unit: 0.00025385860924391853
  vacant_job_spaces: -0.00017651884392204208
  year_built: 0.004685173016543287
  zones_acres: -2.2389344314423353e-05
  zones_employment: 3.747037842322827e-07
  zones_households: -4.660312986602229e-05
  zones_logsum_job_high_income: 7.281914872364811e-08
  zones_logsum_job_low_income: -5.4553198794237896e-08
  zones_logsum_pop_high_income: -5.2289138748564716e-08
  zones_logsum_pop_low_income: 4.139384515792339e-08
  zones_population: 2.06713809145772e-05
  zones_transit_jobs_30min: 2.259566800382405e-06
  zones_transit_jobs_50min: -4.2951638945274226e-07
sample_size: 5332
score: 0.37554862641147224
