fit_filters:
- non_residential_sqft > 0
- sqft_price_nonres > 1
- sqft_price_nonres < 650
- hedonic_id == 9331
model_expression:
  left_side: np.log1p(sqft_price_nonres)
model_type: Regression
name: RegressionModel
predict_filters: hedonic_id == 9331
ytransform: np.exp
coef:
  Intercept: 2.4023441208117555
  b_total_jobs: 0.0010738395228822412
  building_age: -4.467879018678042e-05
  building_sqft: -2.774026278498455e-06
  crime_other_rate: 2.7808496446492912e-05
  jobs_within_30_min: -3.6435049648493684e-06
  land_area: 1.7712716991274275e-06
  nodes_walk_ave_unit_sqft: -5.762866884215408e-05
  nodes_walk_housing_cost: 3.94044483514249e-06
  nodes_walk_industrial: 0.016630019239267553
  nodes_walk_jobs: -6.741907163447625e-05
  nodes_walk_medical: -0.0005094398435587839
  nodes_walk_node_r1500_sqft: 5.703328959776282e-09
  nodes_walk_office: 5.2254449457423805e-05
  nodes_walk_population: -0.00025834101578069266
  nodes_walk_residential: -0.0012798575144531857
  nodes_walk_retail: -0.00038555172450843364
  nodes_walk_retail_jobs: 0.00024401442010463042
  parcel_sqft: -1.1700176228232765e-08
  parcels_ave_unit_size: -3.4728067870665003e-06
  parcels_total_job_spaces: 0.0002193654619805775
  parcels_total_sqft: -2.3758246387549826e-07
  parcels_zones_jobs_within_30_min: -1.964074879368328e-09
  year_built: 0.00012231192385317246
  zones_acres: -4.2303262382931684e-05
  zones_employment: 1.6249947150906953e-05
  zones_households: -0.0007351151300634263
  zones_logsum_job_high_income: -7.654800569807722e-08
  zones_logsum_job_low_income: -3.2460461827691186e-07
  zones_logsum_pop_high_income: 9.959829339427512e-07
  zones_logsum_pop_low_income: 8.384616794141782e-07
  zones_population: 0.0003125085917704463
  zones_retail_jobs: 3.923702796422637e-05
  zones_z_total_jobs: 1.7798032848991383e-06
sample_size: 417
score: 0.6817293584493884
