fit_filters:
- non_residential_sqft > 0
- sqft_price_nonres > 1
- sqft_price_nonres < 650
- hedonic_id == 11551
model_expression:
  left_side: np.log1p(sqft_price_nonres)
model_type: Regression
name: RegressionModel
predict_filters: hedonic_id == 11551
ytransform: np.exp
coef:
  building_age: -0.0015574599829804563
  building_sqft: -5.4725849390884934e-05
  crime_other_rate: 1.457523303658723e-05
  crime_ucr_rate: -0.000503222875031817
  jobs_within_30_min: -4.0298058735114795e-06
  land_area: 5.6264042179272386e-05
  nodes_walk_ave_unit_sqft: -4.3215424912775035e-05
  nodes_walk_housing_cost: 1.3168807182049648e-05
  nodes_walk_jobs: 0.0006098491905434852
  nodes_walk_medical: 0.006531656963351436
  nodes_walk_node_r1500_sqft: 1.1265874324203114e-08
  nodes_walk_office: -0.0008636479668746032
  nodes_walk_population: 4.11774296983953e-05
  nodes_walk_retail: 8.716782965796636e-06
  nodes_walk_retail_jobs: -0.0003757339057099205
  parcel_sqft: 7.001214594644859e-07
  parcels_ave_unit_size: -0.00038081748134919497
  parcels_total_sqft: -1.0455612472937852e-06
  parcels_zones_employment: -0.00015604504910499012
  parcels_zones_households: -9.754114137087806e-05
  parcels_zones_jobs_within_30_min: -3.350450641004068e-08
  parcels_zones_logsum_job_high_income: 3.6499295401792284e-06
  parcels_zones_logsum_job_low_income: 2.0232074443964087e-05
  parcels_zones_logsum_pop_high_income: -1.6498896170254595e-06
  parcels_zones_logsum_pop_low_income: -8.053271288642096e-06
  parcels_zones_population: 2.2790941200823876e-05
  parcels_zones_transit_jobs_30min: -0.0001970866438136885
  parcels_zones_transit_jobs_50min: -1.953217811847093e-05
  parcels_zones_z_total_jobs: -2.9548982779587874e-06
  vacant_job_spaces: -0.003625423904373913
  year_built: 0.0017210165686945614
  zones_acres: -3.569619700023886e-05
  zones_employment: -3.2804497115116875e-06
  zones_households: -2.0574243223142032e-05
  zones_logsum_job_high_income: 3.131539122499336e-06
  zones_logsum_job_low_income: 2.115685569623831e-05
  zones_logsum_pop_high_income: -2.266037083697298e-06
  zones_logsum_pop_low_income: -7.128048601825806e-06
  zones_population: 7.683810229212446e-05
  zones_transit_jobs_30min: -0.00017225714957553307
  zones_transit_jobs_50min: -1.3745599068989771e-05
  zones_z_total_jobs: -2.2213801323438518e-05
sample_size: 94
score: 0.7903970097491653
