fit_filters:
- non_residential_sqft > 0
- sqft_price_nonres > 1
- sqft_price_nonres < 650
- hedonic_id == 16165
model_type: regression
name: RegressionModel
predict_filters: hedonic_id == 16165
target_variable: np.log1p(sqft_price_nonres)
ytransform: np.exp
fit_parameters:
  Coefficient:
    Intercept: 1.4777117319183342
    building_sqft: -1.4271369971844989e-05
    crime_other_rate: 3.964647416794726e-05
    crime_ucr_rate: 2.4702832848680197e-05
    jobs_within_30_min: 1.227793867282514e-06
    land_area: -9.883892426447186e-06
    nodes_walk_ave_nonres_sqft_price: 0.0050275979644885125
    nodes_walk_ave_unit_sqft: 2.4076666274723437e-05
    nodes_walk_hhs_with_children: -7.391035250600854e-05
    nodes_walk_housing_cost: -2.2449293062539507e-06
    nodes_walk_industrial: 0.0007537827059724174
    nodes_walk_jobs: -6.382210203982102e-06
    nodes_walk_medical: -0.0003260313748396077
    nodes_walk_node_r1500_sqft: -2.898623616234611e-08
    nodes_walk_office: 0.0005065825591755327
    nodes_walk_population: 0.0004564894328577647
    nodes_walk_race_1_hhs: -0.0013351310585333
    nodes_walk_race_3_hhs: 0.0008828551812947125
    nodes_walk_retail: 0.0007949784322783639
    nodes_walk_retail_jobs: -0.00010088758446816649
    parcel_sqft: 1.1020115080267834e-07
    parcels_ave_unit_size: 4.2834723317752966e-05
    parcels_parcel_size: 5.6199272415286854e-08
    parcels_total_job_spaces: 0.0018998009582469352
    parcels_total_sqft: -8.00212392098262e-06
    parcels_zones_jobs_within_30_min: 2.1156826877393316e-07
    residential_sqft: 5.9896210422547554e-05
    school_district_achievement: 0.001138131611594146
    sqft_per_unit: 0.00018574231974955878
    vacant_job_spaces: -0.0047320817546026624
    year_built: 0.0016883852306631693
    zones_acres: -3.810710552782516e-05
    zones_empden: -0.00018457044688773618
    zones_logsum_job_high_income: 1.5887471850268381e-06
    zones_logsum_job_low_income: -1.2117886850077663e-07
    zones_logsum_job_mid_income: 3.656272823310159e-08
    zones_logsum_pop_high_income: -1.8776683631803053e-06
    zones_logsum_pop_low_income: 1.1786713781549653e-07
    zones_logsum_pop_mid_income: -2.8872417930323877e-08
    zones_population: -3.3040996945095334e-05
    zones_retail_jobs: 0.0005820868832548643
    zones_transit_jobs_30min: -2.556339172347575e-06
    zones_transit_jobs_50min: 1.2276837794327553e-06
fit_rsquared: 0.6369098777333257
fitted: true
model_expression:
  left_side: np.log1p(sqft_price_nonres)
  right_side:
  - year_built
  - sqft_per_unit
  - land_area
  - residential_sqft
  - building_sqft
  - jobs_within_30_min
  - vacant_job_spaces
  - parcel_sqft
  - school_district_achievement
  - crime_ucr_rate
  - crime_other_rate
  - parcels_parcel_size
  - parcels_ave_unit_size
  - parcels_total_job_spaces
  - parcels_total_sqft
  - parcels_zones_jobs_within_30_min
  - zones_acres
  - zones_population
  - zones_retail_jobs
  - zones_empden
  - zones_logsum_pop_high_income
  - zones_logsum_pop_mid_income
  - zones_logsum_pop_low_income
  - zones_logsum_job_high_income
  - zones_logsum_job_mid_income
  - zones_logsum_job_low_income
  - zones_transit_jobs_50min
  - zones_transit_jobs_30min
  - nodes_walk_population
  - nodes_walk_race_1_hhs
  - nodes_walk_race_3_hhs
  - nodes_walk_hhs_with_children
  - nodes_walk_jobs
  - nodes_walk_retail_jobs
  - nodes_walk_node_r1500_sqft
  - nodes_walk_ave_nonres_sqft_price
  - nodes_walk_retail
  - nodes_walk_office
  - nodes_walk_industrial
  - nodes_walk_medical
  - nodes_walk_ave_unit_sqft
  - nodes_walk_housing_cost
sample_size: 366
