fit_filters:
- non_residential_sqft > 0
- sqft_price_nonres > 1
- sqft_price_nonres < 650
- hedonic_id == 71
model_expression:
  left_side: np.log1p(sqft_price_nonres)
model_type: Regression
name: RegressionModel
predict_filters: hedonic_id == 71
ytransform: np.exp
coef:
  Intercept: -0.1272622097782503
  b_total_jobs: 0.0014407843677517003
  building_age: -0.00033209518502399084
  building_sqft: 2.458527561878978e-06
  crime_other_rate: 3.341318517295874e-05
  crime_ucr_rate: -0.0001753248216583343
  jobs_non_home_based: 1.3223141991173576e-16
  jobs_within_30_min: -7.075239814436629e-07
  land_area: -4.4928156465365325e-06
  nodes_walk_ave_nonres_sqft_price: 0.01978324559510646
  nodes_walk_ave_unit_sqft: 3.477108327297603e-06
  nodes_walk_housing_cost: 1.175959539428533e-06
  nodes_walk_jobs: 0.00011367500434976473
  nodes_walk_medical: -0.0027461015500973985
  nodes_walk_node_r1500_sqft: -6.698328786553949e-09
  nodes_walk_office: -0.0016082498985240815
  nodes_walk_population: -1.3201466590562781e-05
  nodes_walk_retail: -0.00526721306128835
  nodes_walk_retail_jobs: 0.0009106558024154479
  parcel_sqft: 8.464792547090529e-09
  parcels_ave_unit_size: 1.549223101465198e-05
  parcels_total_sqft: -4.127103341025592e-06
  parcels_zones_employment: 1.5519776956270945e-05
  parcels_zones_households: -9.896081661261748e-05
  parcels_zones_jobs_within_30_min: -1.9008322599425878e-08
  parcels_zones_logsum_job_high_income: -2.3821635468580923e-07
  parcels_zones_logsum_job_low_income: 3.049223430158446e-07
  parcels_zones_logsum_pop_high_income: 3.4956740956364526e-07
  parcels_zones_logsum_pop_low_income: -1.5291193697287703e-08
  parcels_zones_population: 2.6399525606271596e-05
  parcels_zones_retail_jobs: 0.00015259870897083684
  parcels_zones_transit_jobs_30min: 3.3850824725423335e-06
  parcels_zones_transit_jobs_50min: 5.163969059916775e-11
  residential_sqft: 2.577520146533693e-05
  school_district_achievement: 0.0023440500715624568
  sqft_per_unit: 0.000372095709644988
  year_built: 0.0012243686799981422
  zones_acres: -9.153481893080023e-06
  zones_households: -4.108066355012368e-05
  zones_logsum_job_high_income: -2.1073521092634901e-07
  zones_logsum_job_low_income: 2.967502945465701e-07
  zones_logsum_pop_high_income: 2.646813367694815e-07
  zones_logsum_pop_low_income: -3.679420414693394e-07
  zones_population: 3.224171892314848e-05
  zones_transit_jobs_30min: 1.4720304696196421e-05
  zones_transit_jobs_50min: 5.343620176225094e-11
sample_size: 2065
score: 0.5883177241485611
