fit_filters:
- non_residential_sqft > 0
- sqft_price_nonres > 1
- sqft_price_nonres < 650
- hedonic_id == 531
model_expression:
  left_side: np.log1p(sqft_price_nonres)
model_type: Regression
name: RegressionModel
predict_filters: hedonic_id == 531
ytransform: np.exp
coef:
  building_age: -0.00010537553212709841
  building_sqft: 1.4250017337479353e-06
  crime_other_rate: 2.993511264014247e-08
  crime_ucr_rate: 5.356575200464404e-06
  jobs_within_30_min: -2.985898840919415e-07
  land_area: -2.2407758227130454e-06
  nodes_walk_ave_unit_sqft: 2.0119723066890303e-05
  nodes_walk_households: 0.00043324381647340813
  nodes_walk_housing_cost: 4.812145243792282e-06
  nodes_walk_industrial: 0.03711132265844785
  nodes_walk_jobs: -5.9535452416731064e-05
  nodes_walk_midinc_hhs: 0.00077011137378616
  nodes_walk_node_r1500_sqft: 2.0310046275037192e-08
  nodes_walk_office: 0.00022078193050784412
  nodes_walk_population: -0.0004237631600292282
  nodes_walk_race_4_hhs: 0.0006213235458053203
  nodes_walk_retail_jobs: 0.0016308491666058046
  parcel_sqft: 9.967082928033865e-07
  parcels_ave_unit_size: 1.4217086926121031e-06
  parcels_landvalue: 8.93221946761522e-07
  parcels_total_sqft: -3.151759097786163e-06
  parcels_zones_employment: 4.341757362866533e-05
  parcels_zones_households: -0.0002269595816615652
  parcels_zones_jobs_within_30_min: -2.4552420819023523e-13
  parcels_zones_logsum_job_high_income: 2.0566189997197656e-08
  parcels_zones_logsum_job_low_income: -2.2205427975727196e-08
  parcels_zones_logsum_pop_high_income: -1.2451332182731983e-10
  parcels_zones_logsum_pop_low_income: 3.878124413233446e-08
  parcels_zones_population: 3.988042087504513e-05
  parcels_zones_retail_jobs: 0.0003564672538699805
  parcels_zones_transit_jobs_30min: 3.769210684567456e-06
  parcels_zones_transit_jobs_50min: -1.5381295890983952e-06
  parcels_zones_z_total_jobs: 6.744952766478955e-06
  residential_sqft: 2.931396584195694e-08
  sqft_per_unit: 0.0008695614340073038
  vacant_job_spaces: 0.00020843042498169828
  year_built: 0.00943770191260723
  zones_acres: -0.00020356957631273377
  zones_employment: 6.071299225760033e-06
  zones_households: -9.50221440876792e-05
  zones_logsum_job_high_income: 1.88621222327388e-08
  zones_logsum_job_low_income: -2.1236749202749806e-08
  zones_logsum_pop_high_income: -1.692850360963888e-08
  zones_logsum_pop_low_income: 3.357717800431165e-08
  zones_population: 4.0840499406044244e-05
  zones_retail_jobs: 3.994601125998108e-05
  zones_transit_jobs_30min: 1.9981887749960205e-06
  zones_transit_jobs_50min: -1.1985976690600815e-06
  zones_z_total_jobs: 1.8387844138960902e-07
sample_size: 1225
score: 0.4153608822998007
