fit_filters:
- non_residential_sqft > 0
- sqft_price_nonres > 1
- sqft_price_nonres < 650
- hedonic_id == 14723
model_expression:
  left_side: np.log1p(sqft_price_nonres)
model_type: Regression
name: RegressionModel
predict_filters: hedonic_id == 14723
ytransform: np.exp
coef:
  b_total_jobs: 0.00852066861294074
  building_age: -9.05020458300785e-05
  building_sqft: -2.036683132768343e-05
  crime_other_rate: 6.796098771708888e-05
  jobs_non_home_based: 8.828790796628044e-19
  jobs_within_30_min: 8.559296752181304e-07
  land_area: 7.108793944836181e-06
  nodes_walk_ave_nonres_sqft_price: 0.0028022739100790335
  nodes_walk_ave_unit_sqft: 3.083723889152329e-06
  nodes_walk_housing_cost: -3.6447473467200424e-06
  nodes_walk_industrial: -0.0009035682706498148
  nodes_walk_jobs: -2.6959843780757142e-05
  nodes_walk_lowinc_hhs: -0.0010640885987361274
  nodes_walk_medical: 0.00035851072702989254
  nodes_walk_node_r1500_sqft: 4.678488828973236e-10
  nodes_walk_office: 0.008690860202729671
  nodes_walk_population: 0.00027775078578515055
  nodes_walk_residential: 0.0016463859275574013
  nodes_walk_retail_jobs: 4.093427812209029e-05
  parcel_sqft: 2.2417170209129798e-07
  parcels_ave_unit_size: 0.00015352791389185256
  parcels_parcel_size: -4.3907479307837516e-07
  parcels_total_sqft: -9.611123645259667e-06
  parcels_zones_employment: 6.421131730526056e-05
  parcels_zones_households: -5.183008583860412e-05
  parcels_zones_jobs_within_30_min: 1.0850057501272643e-09
  parcels_zones_logsum_job_high_income: 8.667037240701286e-06
  parcels_zones_logsum_job_low_income: -2.082728181670927e-06
  parcels_zones_logsum_pop_high_income: -4.395704259041001e-06
  parcels_zones_logsum_pop_low_income: 1.1901860877108424e-06
  parcels_zones_population: 6.021405842027728e-05
  parcels_zones_retail_jobs: 6.062760290561607e-05
  parcels_zones_transit_jobs_30min: 3.060033756474801e-05
  parcels_zones_transit_jobs_50min: -1.2430830558961006e-05
  parcels_zones_z_total_jobs: 1.4052172009440642e-05
  sqft_per_unit: 0.00018433596775955458
  year_built: 0.002554672447617339
  zones_acres: 6.920023642216922e-07
  zones_employment: 6.3678796042810106e-06
  zones_households: -4.611575615882316e-05
  zones_logsum_job_high_income: 8.557935195724888e-06
  zones_logsum_job_low_income: -2.0458321185073903e-06
  zones_logsum_pop_high_income: -4.861530821546096e-06
  zones_logsum_pop_low_income: 1.334852751820524e-06
  zones_population: 1.7454018419107866e-05
  zones_transit_jobs_30min: 2.1499466025304357e-05
  zones_transit_jobs_50min: -1.185457538350494e-05
  zones_z_total_jobs: 5.6181170327459e-07
sample_size: 493
score: 0.453189853888912
