fit_filters:
- non_residential_sqft > 0
- sqft_price_nonres > 1
- sqft_price_nonres < 650
- hedonic_id == 9963
model_expression:
  left_side: np.log1p(sqft_price_nonres)
model_type: Regression
name: RegressionModel
predict_filters: hedonic_id == 9963
ytransform: np.exp
coef:
  building_sqft: 2.51239990593722e-05
  crime_other_rate: 0.00013890204108509048
  crime_ucr_rate: -0.00017249603627527273
  jobs_within_30_min: -1.2962375858056247e-06
  land_area: -3.918178051217243e-05
  nodes_walk_ave_nonres_sqft_price: 0.0024113955484844
  nodes_walk_ave_unit_sqft: -1.669964927112693e-05
  nodes_walk_hhs_with_children: 0.001904282410866159
  nodes_walk_housing_cost: 4.594198772984791e-05
  nodes_walk_jobs: 0.0006248967762758869
  nodes_walk_medical: 0.0008835175499392146
  nodes_walk_node_r1500_sqft: -2.762688119797588e-07
  nodes_walk_office: -0.007191848935904668
  nodes_walk_race_1_hhs: -0.0024120406403529684
  nodes_walk_retail_jobs: 0.0005050274887146735
  parcel_sqft: -1.487739794824467e-07
  parcels_ave_unit_size: -0.0018962357323727408
  parcels_landvalue: 1.750219952954169e-06
  parcels_total_sqft: -7.516018323655896e-06
  parcels_zones_employment: -2.248859637609839e-06
  parcels_zones_households: -0.0016994210688018355
  parcels_zones_jobs_within_30_min: -3.777022165281055e-07
  parcels_zones_logsum_job_high_income: -2.4853954618715894e-07
  parcels_zones_logsum_job_low_income: -5.774316290263319e-07
  parcels_zones_logsum_pop_high_income: 2.5871342862473326e-08
  parcels_zones_logsum_pop_low_income: 6.790375263320792e-07
  parcels_zones_population: 0.0008064147577694942
  parcels_zones_retail_jobs: 0.00010774652427176983
  parcels_zones_transit_jobs_30min: -6.294354068836452e-05
  parcels_zones_transit_jobs_50min: 1.271730496996487e-05
  zones_acres: 8.05104909858234e-05
  zones_households: -0.002034808701251541
  zones_logsum_job_high_income: -1.0218052443571426e-07
  zones_logsum_job_low_income: -5.558497272400215e-07
  zones_logsum_pop_high_income: 6.034162385537567e-08
  zones_logsum_pop_low_income: -1.310313500293835e-07
  zones_population: 0.0007867907829428907
  zones_retail_jobs: 0.00019156530062623185
  zones_transit_jobs_30min: -6.088897632906211e-05
  zones_transit_jobs_50min: 9.75417099573683e-06
sample_size: 37
score: 0.9628499358790602
