fit_filters:
- non_residential_sqft > 0
- sqft_price_nonres > 1
- sqft_price_nonres < 650
- hedonic_id == 11531
model_expression:
  left_side: np.log1p(sqft_price_nonres)
model_type: Regression
name: RegressionModel
predict_filters: hedonic_id == 11531
ytransform: np.exp
coef:
  building_sqft: 1.1504117594333476e-06
  crime_other_rate: -0.0002291788056195953
  crime_ucr_rate: -1.3706692519735329e-05
  job_spaces: 0.0028055926561066234
  jobs_within_30_min: -1.6200706707544398e-06
  land_area: -3.4498277670056015e-06
  nodes_walk_ave_nonres_sqft_price: -0.006488969795783368
  nodes_walk_ave_unit_sqft: 4.558701100212112e-05
  nodes_walk_households: -0.0003448756116721447
  nodes_walk_housing_cost: -5.109227454647224e-06
  nodes_walk_industrial: 0.019403233758778463
  nodes_walk_jobs: 0.0007634946092179401
  nodes_walk_node_r1500_sqft: -3.623860394331275e-08
  nodes_walk_race_2_hhs: -0.00963485030953002
  nodes_walk_retail: 0.0001673819886945949
  non_residential_units: 2.698507763449774e-16
  parcel_sqft: 1.1799055207650301e-07
  parcels_ave_unit_size: 5.5336142018384574e-05
  parcels_landvalue: 3.796293441736497e-07
  parcels_total_sqft: -5.335823575835775e-06
  parcels_zones_employment: -1.5030308297642183e-05
  parcels_zones_households: -0.0003088964352563304
  parcels_zones_jobs_within_30_min: 2.382893932342499e-06
  parcels_zones_logsum_job_high_income: -6.5582803090654045e-06
  parcels_zones_logsum_job_low_income: 7.75862735613802e-06
  parcels_zones_logsum_pop_high_income: 4.190866892650499e-06
  parcels_zones_logsum_pop_low_income: -4.000910786588318e-06
  parcels_zones_population: 0.00016191677218351693
  parcels_zones_transit_jobs_30min: 5.7176235086814594e-05
  parcels_zones_transit_jobs_50min: 2.8061448472180627e-05
  parcels_zones_z_total_jobs: -6.707866357192265e-06
  vacant_job_spaces: 0.0010009033489251048
  zones_acres: 2.5461902254365153e-05
  zones_households: -0.0002087294435595934
  zones_logsum_job_high_income: -6.370980257737859e-06
  zones_logsum_job_low_income: 7.18987130774982e-06
  zones_logsum_pop_high_income: 3.6643639844375965e-06
  zones_logsum_pop_low_income: -4.428090110670359e-06
  zones_population: 0.00018759455244777337
  zones_transit_jobs_30min: 2.0870329345120642e-05
  zones_transit_jobs_50min: 1.8742820713761272e-05
  zones_z_total_jobs: -1.1255511882316568e-06
sample_size: 125
score: 0.4995811780768238
