fit_filters:
- non_residential_sqft > 0
- sqft_price_nonres > 1
- sqft_price_nonres < 650
- hedonic_id == 331
model_expression:
  left_side: np.log1p(sqft_price_nonres)
model_type: Regression
name: RegressionModel
predict_filters: hedonic_id == 331
ytransform: np.exp
coef:
  b_total_jobs: 0.0005011444414753237
  building_age: -0.00021599260672475838
  building_sqft: -7.611481885965368e-08
  crime_other_rate: -2.699446122144558e-05
  crime_ucr_rate: -0.0002546497967350393
  jobs_non_home_based: 1.462570029766722e-17
  jobs_within_30_min: -1.8791050721031966e-07
  land_area: -9.534654444749449e-07
  nodes_walk_ave_unit_sqft: 2.1325349640671906e-06
  nodes_walk_housing_cost: -9.577201656195467e-07
  nodes_walk_industrial: 0.008066036236550592
  nodes_walk_jobs: 0.00017415201867142092
  nodes_walk_medical: -2.4740207793373535e-05
  nodes_walk_node_r1500_sqft: 3.937579087901531e-09
  nodes_walk_population: -4.8070873870800557e-05
  nodes_walk_race_1_hhs: 0.0004286873660997899
  nodes_walk_residential: 0.0002409745040207874
  nodes_walk_retail: 0.0004124487111892116
  nodes_walk_retail_jobs: -7.917846464974477e-05
  parcel_sqft: 5.764668534605164e-07
  parcels_ave_unit_size: 7.861431507596502e-06
  parcels_landvalue: -1.579167499383997e-07
  parcels_total_sqft: -1.1994975170154807e-06
  parcels_zones_employment: 1.787108843487836e-05
  parcels_zones_households: -4.929767686653148e-05
  parcels_zones_jobs_within_30_min: 2.935512508896838e-07
  parcels_zones_logsum_job_high_income: -4.040768303143583e-07
  parcels_zones_logsum_job_low_income: 5.095483685991376e-08
  parcels_zones_logsum_pop_high_income: 2.908420946724948e-07
  parcels_zones_logsum_pop_low_income: -1.646535514979065e-07
  parcels_zones_population: 3.8487392244575436e-05
  parcels_zones_retail_jobs: -2.6261010391420294e-06
  parcels_zones_transit_jobs_30min: 1.266936258389874e-06
  parcels_zones_transit_jobs_50min: 2.6490590834776085e-07
  parcels_zones_z_total_jobs: 6.8617565795435345e-06
  vacant_job_spaces: -0.000429419334265954
  year_built: 0.004808460122395684
  zones_acres: -1.8179146986813864e-05
  zones_households: -6.703805576616921e-05
  zones_logsum_job_high_income: -4.191038907092948e-07
  zones_logsum_job_low_income: 7.004789798106672e-08
  zones_logsum_pop_high_income: 3.1672139307372264e-07
  zones_logsum_pop_low_income: -1.0943357448197162e-07
  zones_population: 3.5879050540995136e-05
  zones_retail_jobs: -3.961042278369172e-06
  zones_transit_jobs_30min: 1.3913011952951788e-06
  zones_transit_jobs_50min: 2.1653219411205487e-07
  zones_z_total_jobs: 4.5483319673372425e-06
sample_size: 1352
score: 0.4868857925225597
