fit_filters:
- non_residential_sqft > 0
- sqft_price_nonres > 1
- sqft_price_nonres < 650
- hedonic_id == 323
model_type: regression
name: RegressionModel
predict_filters: hedonic_id == 323
target_variable: np.log1p(sqft_price_nonres)
ytransform: np.exp
fit_parameters:
  Coefficient:
    Intercept: -5.585437373554721
    b_total_jobs: 0.0003390211368313427
    building_age: -2.034782747670765e-05
    building_sqft: -2.7409356106113057e-07
    crime_other_rate: 4.901202065666648e-05
    crime_ucr_rate: -0.0001977575678668899
    jobs_within_30_min: -1.5427038507045825e-07
    land_area: -1.6969809768799472e-06
    nodes_walk_ave_nonres_sqft_price: 0.0012529075498693507
    nodes_walk_ave_unit_sqft: 8.490225455326227e-06
    nodes_walk_households: 4.395222727444538e-05
    nodes_walk_housing_cost: 1.2533157322168405e-08
    nodes_walk_jobs: 8.112070368678073e-05
    nodes_walk_midinc_hhs: 0.00038271737847018664
    nodes_walk_node_r1500_sqft: -1.141188655977967e-09
    nodes_walk_office: 0.008699930843899507
    nodes_walk_race_1_hhs: 5.698771658332838e-05
    parcel_sqft: 1.4750296000827573e-07
    parcels_ave_unit_size: 1.4379026694743682e-06
    parcels_parcel_size: -3.885770064495146e-08
    parcels_pct_undev: 0.001242797606125503
    parcels_total_sqft: -1.1992016613972903e-06
    parcels_zones_jobs_within_30_min: 4.549894269056575e-09
    residential_sqft: -4.624684392485594e-06
    sqft_per_unit: 0.0001949686722648107
    vacant_job_spaces: -0.0003190040295124038
    year_built: 0.004564454076855088
    zones_acres: -7.466668860924484e-05
    zones_employment: -1.0185370960776227e-05
    zones_households: -4.433424228694108e-05
    zones_logsum_job_high_income: 3.8995535011187526e-07
    zones_logsum_job_low_income: -4.384303576940708e-07
    zones_logsum_job_mid_income: 1.244434792326942e-07
    zones_logsum_pop_high_income: -3.0168531120597955e-07
    zones_logsum_pop_low_income: 3.7008504668174524e-07
    zones_logsum_pop_mid_income: -1.1606424077613785e-07
    zones_population: 3.442032492633221e-05
    zones_retail_jobs: 1.6699747645372513e-05
    zones_transit_jobs_30min: 7.306402707735973e-07
    zones_transit_jobs_50min: 2.2615727479882295e-07
    zones_z_total_jobs: -2.796091762411069e-06
fit_rsquared: 0.4701101703805264
fit_rsquared_adj: 0.4701101703805264
fitted: true
model_expression:
  left_side: np.log1p(sqft_price_nonres)
  right_side:
  - year_built
  - sqft_per_unit
  - land_area
  - residential_sqft
  - building_sqft
  - jobs_within_30_min
  - vacant_job_spaces
  - parcel_sqft
  - crime_ucr_rate
  - crime_other_rate
  - building_age
  - b_total_jobs
  - parcels_pct_undev
  - parcels_parcel_size
  - parcels_ave_unit_size
  - parcels_total_sqft
  - parcels_zones_jobs_within_30_min
  - zones_acres
  - zones_households
  - zones_population
  - zones_employment
  - zones_retail_jobs
  - zones_logsum_pop_high_income
  - zones_logsum_pop_mid_income
  - zones_logsum_pop_low_income
  - zones_logsum_job_high_income
  - zones_logsum_job_mid_income
  - zones_logsum_job_low_income
  - zones_z_total_jobs
  - zones_transit_jobs_50min
  - zones_transit_jobs_30min
  - nodes_walk_households
  - nodes_walk_midinc_hhs
  - nodes_walk_race_1_hhs
  - nodes_walk_jobs
  - nodes_walk_node_r1500_sqft
  - nodes_walk_ave_nonres_sqft_price
  - nodes_walk_office
  - nodes_walk_ave_unit_sqft
  - nodes_walk_housing_cost
sample_size: 4303
