fit_filters:
- non_residential_sqft > 0
- sqft_price_nonres > 1
- sqft_price_nonres < 650
- hedonic_id == 14733
model_expression:
  left_side: np.log1p(sqft_price_nonres)
model_type: Regression
name: RegressionModel
predict_filters: hedonic_id == 14733
ytransform: np.exp
coef:
  building_age: -0.0007887185286926345
  building_sqft: -1.5929543524414397e-06
  crime_other_rate: 0.0001292796449838998
  crime_ucr_rate: -0.0010334786355286115
  job_spaces: 0.0035819605258867516
  jobs_within_30_min: 5.040799878889868e-06
  land_area: 1.4634912168525725e-06
  nodes_walk_ave_nonres_sqft_price: 0.011603377141750857
  nodes_walk_ave_unit_sqft: 6.44352513140738e-05
  nodes_walk_highinc_hhs: -0.0014792280541543361
  nodes_walk_housing_cost: -4.757285548371115e-06
  nodes_walk_industrial: 0.0012084954608511365
  nodes_walk_lowinc_hhs: 0.00451712330729754
  nodes_walk_node_r1500_sqft: -2.537493355609439e-08
  nodes_walk_population: -0.0005555468394543971
  nodes_walk_retail_jobs: -0.002309547913927684
  non_residential_units: 1.9778984730553163e-19
  parcel_sqft: -1.3126533743781813e-07
  parcels_ave_unit_size: 0.00028595757375853
  parcels_total_job_spaces: 0.00038013787617784204
  parcels_total_sqft: -2.065911402867357e-06
  parcels_zones_employment: -0.0002364097330597141
  parcels_zones_households: 0.00019150622158618295
  parcels_zones_jobs_within_30_min: 7.744059579985333e-06
  parcels_zones_logsum_job_high_income: 3.836149658258203e-06
  parcels_zones_logsum_job_low_income: 2.633308642581592e-06
  parcels_zones_logsum_pop_high_income: -2.139162151094077e-06
  parcels_zones_logsum_pop_low_income: -8.483583293507382e-07
  parcels_zones_retail_jobs: 0.0003164091446956692
  parcels_zones_transit_jobs_30min: -3.544904845418511e-05
  parcels_zones_transit_jobs_50min: -8.064226811975543e-07
  parcels_zones_z_total_jobs: -0.00010499140018974595
  year_built: 0.004799989255327923
  zones_acres: 3.624338740816349e-05
  zones_employment: -7.146620849237264e-06
  zones_logsum_job_high_income: 3.885732466973681e-06
  zones_logsum_job_low_income: 2.544274486103954e-06
  zones_logsum_pop_high_income: -1.924149945863553e-06
  zones_logsum_pop_low_income: -9.038456914477367e-07
  zones_retail_jobs: 0.00018871692416702875
  zones_transit_jobs_30min: -4.0230871839763685e-05
  zones_transit_jobs_50min: -1.0562927953203434e-06
  zones_z_total_jobs: -5.424852106725028e-06
sample_size: 91
score: 0.3903491760684449
