fit_filters:
- non_residential_sqft > 0
- sqft_price_nonres > 1
- sqft_price_nonres < 650
- hedonic_id == 95
model_expression:
  left_side: np.log1p(sqft_price_nonres)
model_type: Regression
name: RegressionModel
predict_filters: hedonic_id == 95
ytransform: np.exp
coef:
  building_sqft: -7.253953290467236e-06
  county_id: 0.012077772322107888
  crime_other_rate: 4.4674952677530186e-05
  crime_ucr_rate: 0.00033711335175084275
  jobs_within_30_min: 1.2036734431476276e-06
  land_area: 2.0190583462807262e-05
  large_area_id: 0.0029896655132945964
  nodes_walk_hhs_with_children: 0.007710634394158901
  nodes_walk_highinc_hhs: -0.008283067976060168
  nodes_walk_households: 0.008760945983333612
  nodes_walk_housing_cost: 2.445572975751211e-06
  nodes_walk_industrial: -0.0008349782727563308
  nodes_walk_jobs: -4.9628298957209946e-05
  nodes_walk_lowinc_hhs: 0.00045854888778593393
  nodes_walk_max_retail_far: 0.013130035879504636
  nodes_walk_medical: -0.0001779807686547946
  nodes_walk_midinc_hhs: 0.00074118587756612
  nodes_walk_node_r1500_sqft: 1.1999303923308392e-07
  nodes_walk_office: 0.00040287644190061976
  nodes_walk_population: -0.004539537652806521
  nodes_walk_race_1_hhs: 0.00042736256081925744
  nodes_walk_race_2_hhs: -0.004829974589678795
  nodes_walk_race_3_hhs: 0.008033770555750145
  nodes_walk_residential: -0.0020301367062928012
  nodes_walk_retail_jobs: 0.0003871777345346417
  parcel_sqft: 1.5926563495010841e-06
  parcels_ave_unit_size: 0.00021045834903182564
  parcels_total_sqft: 2.996719096075309e-06
  parcels_zones_empden: 0.0009023524164926371
  parcels_zones_households: -0.00047752302298751065
  parcels_zones_jobs_within_30_min: -1.5295760958148583e-06
  parcels_zones_logsum_job_high_income: 1.9692017411845583e-07
  parcels_zones_logsum_job_low_income: -2.8246278969914773e-08
  parcels_zones_logsum_pop_high_income: -1.531105899449126e-07
  parcels_zones_logsum_pop_low_income: -4.3071394197172656e-08
  parcels_zones_popden: 0.0013153588238356158
  parcels_zones_population: 0.0007211178527170486
  parcels_zones_retail_jobs: 0.0038171018955812765
  parcels_zones_transit_jobs_30min: -4.782078554394214e-06
  parcels_zones_transit_jobs_50min: -2.153011359962879e-06
  parcels_zones_z_total_jobs: -2.357946166612507e-05
  popden: 0.001499892415491766
  school_district_achievement: 0.011664426937177431
  year_built: -0.014420260527326898
  zones_acres: 5.009893402232586e-05
  zones_empden: 1.7276252879164283e-05
  zones_employment: -2.8257390793049895e-07
  zones_households: -0.0017993014733084527
  zones_logsum_job_high_income: 2.0351128876455988e-07
  zones_logsum_job_low_income: -2.6465113972629307e-08
  zones_logsum_pop_high_income: -2.7504217209220456e-07
  zones_logsum_pop_low_income: 7.73516673226255e-08
  zones_population: 0.00034927301870281625
  zones_retail_jobs: 7.923118558369282e-05
  zones_transit_jobs_30min: -5.2045412131289025e-06
  zones_transit_jobs_50min: -4.573405951164355e-07
sample_size: 63
score: 0.8732107073877494
