fit_filters:
- non_residential_sqft > 0
- sqft_price_nonres > 1
- sqft_price_nonres < 650
- hedonic_id == 9931
model_expression:
  left_side: np.log1p(sqft_price_nonres)
model_type: Regression
name: RegressionModel
predict_filters: hedonic_id == 9931
ytransform: np.exp
coef:
  Intercept: -2.39983399045052
  b_total_jobs: 0.0003622740366692147
  building_age: -8.545117906703905e-05
  building_sqft: -2.573836616784658e-09
  crime_other_rate: 1.861268689942318e-05
  crime_ucr_rate: 1.3836050244211335e-06
  jobs_within_30_min: -7.248843383617052e-08
  land_area: 2.738214875564749e-07
  nodes_walk_ave_unit_sqft: -0.00010298695766860202
  nodes_walk_housing_cost: 1.8743760708382687e-06
  nodes_walk_industrial: 0.020394789979555066
  nodes_walk_jobs: 0.0001152023643475385
  nodes_walk_node_r1500_sqft: -6.256348966535634e-10
  nodes_walk_office: -4.406801531712013e-06
  nodes_walk_retail_jobs: -0.00016739287250327727
  parcel_sqft: -2.9760795713410726e-09
  parcels_ave_unit_size: -2.097872887311033e-05
  parcels_total_job_spaces: -5.343870512505268e-05
  parcels_total_sqft: -1.8844026051835608e-07
  parcels_zones_jobs_within_30_min: -4.0311809184409236e-08
  vacant_job_spaces: -0.000644203881648808
  year_built: 0.0027589000394369362
  zones_acres: -4.7834952547883456e-05
  zones_employment: 3.270315230499618e-08
  zones_logsum_job_high_income: 1.24393635734965e-07
  zones_logsum_job_low_income: 2.110524209015067e-07
  zones_logsum_pop_high_income: -1.839949066497672e-07
  zones_logsum_pop_low_income: -1.5630077781781706e-07
  zones_population: 1.595026780616658e-05
  zones_retail_jobs: -8.601582077643981e-05
  zones_transit_jobs_30min: -2.3709374409964177e-06
  zones_transit_jobs_50min: 1.2286703735584194e-06
  zones_z_total_jobs: 1.809873665100757e-06
sample_size: 3237
score: 0.5014825533154346
