fit_filters:
- residential_units > 0
- sqft_price_res > 1
- sqft_price_res < 650
- hedonic_id == 14782
model_expression:
  left_side: np.log1p(sqft_price_res)
model_type: Regression
name: RegressionModel
predict_filters: hedonic_id == 14782
ytransform: np.exp
coef:
  Intercept: -10.682084061564607
  crime_other_rate: -5.431817922287386e-05
  crime_ucr_rate: -0.0014395613678123205
  jobs_within_30_min: 8.285079385517832e-06
  land_area: 6.539646459127786e-18
  nodes_walk_ave_nonres_sqft_price: -0.0016452434002658142
  nodes_walk_hhs_with_children: -0.003260789246681586
  nodes_walk_highinc_hhs: 0.002327822198508829
  nodes_walk_housing_cost: -7.298425878182099e-07
  nodes_walk_jobs: -4.063951782807463e-05
  nodes_walk_medical: -0.00010925657933698401
  nodes_walk_node_r1500_sqft: -1.0039065729772982e-08
  nodes_walk_race_1_hhs: 0.0005051525685857321
  parcel_sqft: -3.925427854139979e-06
  parcels_ave_unit_size: -5.384135670340913e-06
  parcels_total_sqft: 4.4522169077625015e-06
  parcels_zones_jobs_within_30_min: 1.4665321947646748e-06
  sqft_per_unit: 4.787646487019648e-05
  year_built: 0.008747054390251875
  zones_acres: -0.00012899186616914906
  zones_employment: 0.0001384777811060519
  zones_households: 0.00015371276960221366
  zones_logsum_job_high_income: -6.339823764159691e-06
  zones_logsum_job_low_income: -3.0495903003754604e-06
  zones_logsum_pop_high_income: -2.2139954475691732e-07
  zones_logsum_pop_low_income: 7.392009972096559e-07
  zones_transit_jobs_30min: 3.415331830208904e-05
  zones_transit_jobs_50min: 6.288597722977009e-05
  zones_z_total_jobs: 2.69740877647064e-05
sample_size: 595
score: 0.7768420483019751
