fit_filters:
- residential_units > 0
- sqft_price_res > 1
- sqft_price_res < 650
- hedonic_id == 14782
model_expression:
  left_side: np.log1p(sqft_price_res)
model_type: Regression
name: RegressionModel
predict_filters: hedonic_id == 14782
ytransform: np.exp
coef:
  building_sqft: 4.567988446085942e-21
  crime_other_rate: -0.00010133202865746872
  crime_ucr_rate: -0.001328890615683142
  jobs_within_30_min: 8.006366182756127e-06
  land_area: 6.974176360061711e-18
  nodes_walk_ave_nonres_sqft_price: -0.0016128278240314863
  nodes_walk_ave_unit_sqft: -3.433154836115605e-08
  nodes_walk_hhs_with_children: -0.003226090284575396
  nodes_walk_highinc_hhs: 0.0022337350749788588
  nodes_walk_housing_cost: -3.1238552232408386e-08
  nodes_walk_jobs: -8.984144367444565e-05
  nodes_walk_node_r1500_sqft: -1.1901761364032395e-08
  nodes_walk_office: -0.0002890858975516834
  nodes_walk_race_1_hhs: 0.0006478459698854433
  parcel_sqft: -3.874583893619715e-06
  parcels_ave_unit_size: -1.6631543674298127e-05
  parcels_total_sqft: 3.3967702209709065e-07
  parcels_zones_households: 1.3306550888907534e-05
  parcels_zones_jobs_within_30_min: 3.0286593219764944e-06
  parcels_zones_logsum_job_high_income: -7.151683105815575e-06
  parcels_zones_logsum_job_low_income: -1.1787417282581494e-06
  parcels_zones_logsum_pop_high_income: -1.6027068993195324e-07
  parcels_zones_logsum_pop_low_income: 2.1384024812436703e-06
  parcels_zones_transit_jobs_30min: 1.3743152131216564e-05
  parcels_zones_transit_jobs_50min: 3.44820944308291e-05
  residential_sqft: 1.1419971115214855e-20
  sqft_per_unit: 5.115444937963195e-05
  year_built: 0.008572999083683358
  zones_acres: -0.0001474581387122353
  zones_employment: 0.00016796718300588734
  zones_households: 9.946162327470235e-05
  zones_logsum_job_high_income: -1.9557401730481573e-06
  zones_logsum_job_low_income: -1.7325840772889946e-06
  zones_logsum_pop_high_income: 1.2043969413780989e-06
  zones_logsum_pop_low_income: -1.3505720974745952e-06
  zones_population: 8.206000211511925e-06
  zones_transit_jobs_30min: 2.1090804767372303e-05
  zones_transit_jobs_50min: 2.60530560565009e-05
sample_size: 595
score: 0.7738481026045434
