fit_filters:
- residential_units > 0
- sqft_price_res > 1
- sqft_price_res < 650
- hedonic_id == 12582
model_type: regression
name: RegressionModel
predict_filters: hedonic_id == 12582
target_variable: np.log1p(sqft_price_res)
ytransform: np.exp
fit_parameters:
  Coefficient:
    Intercept: 1.0115313768799652
    building_age: -0.0018777096560195527
    building_sqft: -5.5866627267960114e-18
    crime_other_rate: -6.073907721911274e-05
    crime_ucr_rate: -6.167526665258183e-05
    jobs_within_30_min: -2.3029107690030596e-07
    land_area: -4.302729892796261e-05
    nodes_walk_ave_unit_sqft: 1.901514853011487e-05
    nodes_walk_highinc_hhs: 3.7664129249331456e-05
    nodes_walk_households: 0.00012031729056537073
    nodes_walk_housing_cost: -2.4384670437158974e-06
    nodes_walk_jobs: 7.3650494628229e-05
    nodes_walk_lowinc_hhs: -2.706614119414208e-05
    nodes_walk_medical: -7.342416712491084e-05
    nodes_walk_midinc_hhs: 6.886225723215292e-05
    nodes_walk_node_r1500_sqft: -1.728995638760164e-08
    nodes_walk_race_2_hhs: -0.0003240197938123565
    nodes_walk_race_3_hhs: 0.00037529655582310185
    nodes_walk_residential: 0.0066065076183071895
    nodes_walk_retail_jobs: 0.00013272345768711256
    parcel_sqft: 3.488986697129011e-06
    parcels_ave_unit_size: 0.00012822368179814448
    parcels_parcel_size: -4.2663809274810733e-05
    parcels_total_sqft: -3.8010324762186765e-05
    parcels_zones_jobs_within_30_min: 1.0664684816224877e-07
    year_built: 0.001456683226372169
    zones_acres: -3.5770820867706975e-06
    zones_employment: 9.058150540626946e-06
    zones_households: 3.67227497914497e-05
    zones_logsum_job_high_income: 1.2196316234858975e-06
    zones_logsum_job_low_income: 1.369861458505265e-06
    zones_logsum_job_mid_income: -2.0921450735793195e-07
    zones_logsum_pop_high_income: -4.7225320177412525e-07
    zones_logsum_pop_low_income: -1.6213083974693726e-06
    zones_logsum_pop_mid_income: 2.5942655097667025e-07
    zones_population: -1.914028339907396e-06
    zones_retail_jobs: 5.348204862748185e-05
    zones_transit_jobs_30min: -7.237757945381778e-06
    zones_transit_jobs_50min: -1.1120324014342517e-07
  Std. Error: {}
  T-Score: {}
fit_rsquared: 0.7886512651546007
fit_rsquared_adj: 0.7886512651546007
fitted: true
model_expression:
  left_side: np.log1p(sqft_price_res)
  right_side:
  - year_built
  - land_area
  - building_sqft
  - jobs_within_30_min
  - parcel_sqft
  - crime_ucr_rate
  - crime_other_rate
  - building_age
  - parcels_parcel_size
  - parcels_ave_unit_size
  - parcels_total_sqft
  - parcels_zones_jobs_within_30_min
  - zones_acres
  - zones_households
  - zones_population
  - zones_employment
  - zones_retail_jobs
  - zones_logsum_pop_high_income
  - zones_logsum_pop_mid_income
  - zones_logsum_pop_low_income
  - zones_logsum_job_high_income
  - zones_logsum_job_mid_income
  - zones_logsum_job_low_income
  - zones_transit_jobs_50min
  - zones_transit_jobs_30min
  - nodes_walk_households
  - nodes_walk_midinc_hhs
  - nodes_walk_lowinc_hhs
  - nodes_walk_highinc_hhs
  - nodes_walk_race_2_hhs
  - nodes_walk_race_3_hhs
  - nodes_walk_jobs
  - nodes_walk_retail_jobs
  - nodes_walk_node_r1500_sqft
  - nodes_walk_residential
  - nodes_walk_medical
  - nodes_walk_ave_unit_sqft
  - nodes_walk_housing_cost
sample_size: 47589
