fit_filters:
- residential_units > 0
- sqft_price_res > 1
- sqft_price_res < 650
- hedonic_id == 9383
model_expression:
  left_side: np.log1p(sqft_price_res)
model_type: Regression
name: RegressionModel
predict_filters: hedonic_id == 9383
ytransform: np.exp
coef:
  Intercept: 6.222080957526092
  building_sqft: 0.0001232314865628772
  crime_other_rate: -6.75787862944586e-05
  jobs_within_30_min: -2.5405819115090236e-06
  land_area: 6.768145625351123e-06
  nodes_walk_ave_nonres_sqft_price: -0.0023642317580674665
  nodes_walk_highinc_hhs: 0.001545190928177217
  nodes_walk_housing_cost: 1.8476605591556718e-06
  nodes_walk_industrial: 0.0024060780782886046
  nodes_walk_jobs: 0.00016431394319189118
  nodes_walk_lowinc_hhs: -0.003808324169707663
  nodes_walk_medical: 0.0017827384410347483
  nodes_walk_node_r1500_sqft: -6.860736337406355e-08
  nodes_walk_office: 0.0005565782899307542
  nodes_walk_population: 0.00035152951263578235
  nodes_walk_retail: -0.001178361029126779
  parcel_sqft: -6.160146754437823e-08
  parcels_ave_unit_size: 9.746556232027162e-05
  parcels_total_sqft: 1.167508223225366e-06
  parcels_total_units: 0.0002623925316902732
  parcels_zones_employment: -1.336471263574946e-06
  parcels_zones_households: 0.00030262915882558447
  parcels_zones_jobs_within_30_min: 7.140718423720385e-08
  parcels_zones_logsum_job_high_income: -5.034561723011038e-06
  parcels_zones_logsum_job_low_income: 7.297835888865545e-07
  parcels_zones_logsum_pop_high_income: 1.4506907866822933e-06
  parcels_zones_logsum_pop_low_income: 1.1111376021414085e-05
  parcels_zones_population: -0.00013392299625467706
  parcels_zones_retail_jobs: -2.136634929889979e-06
  residential_sqft: -0.00012413209616444178
  school_district_achievement: -0.014314858414603691
  sqft_per_unit: -0.00020995902553162414
  zones_acres: -2.1463665383544334e-07
  zones_households: 0.0002996227128264134
  zones_logsum_job_high_income: -4.697489678662936e-06
  zones_logsum_job_low_income: -2.6896332801215905e-07
  zones_logsum_pop_high_income: -2.9025634534521456e-07
  zones_logsum_pop_low_income: 1.0295251482278584e-05
  zones_population: -0.00010605774351843183
sample_size: 477
score: 0.6667995890425015
