fit_filters:
- residential_units > 0
- sqft_price_res > 1
- sqft_price_res < 650
- hedonic_id == 84
model_expression:
  left_side: np.log1p(sqft_price_res)
model_type: Regression
name: RegressionModel
predict_filters: hedonic_id == 84
ytransform: np.exp
coef:
  Intercept: 2.8733453033253595
  crime_other_rate: 0.00022729996371974114
  jobs_within_30_min: -8.764953582468739e-07
  land_area: 3.866611867338719e-05
  nodes_walk_ave_nonres_sqft_price: 0.00012488475474764597
  nodes_walk_ave_unit_sqft: -6.700890679468097e-07
  nodes_walk_hhs_with_children: -0.0021540072101825154
  nodes_walk_housing_cost: 9.664266451156092e-05
  nodes_walk_jobs: -0.0005455400680538399
  nodes_walk_lowinc_hhs: 0.0014922716690881873
  nodes_walk_node_r1500_sqft: -3.02748683416135e-09
  nodes_walk_office: -0.000233484406999691
  nodes_walk_population: 0.00019880140793840733
  nodes_walk_race_1_hhs: -0.0007660471928150682
  nodes_walk_race_4_hhs: -0.0004312018101250146
  nodes_walk_retail_jobs: 0.0001514598949709428
  parcel_sqft: 6.719341067976916e-08
  parcels_ave_unit_size: -0.0024376684883782975
  parcels_pptytax: -0.009845358076120587
  parcels_total_sqft: -7.475999837126034e-07
  parcels_total_units: 0.0013177913839439493
  parcels_zones_employment: 5.063484518100761e-05
  parcels_zones_households: -0.00018954047477648503
  parcels_zones_jobs_within_30_min: -6.457655643977168e-07
  parcels_zones_logsum_job_high_income: 4.750648198572497e-06
  parcels_zones_logsum_job_low_income: -9.464376365695528e-08
  parcels_zones_logsum_pop_high_income: -2.069347823106766e-06
  parcels_zones_logsum_pop_low_income: -1.6192121556290217e-07
  parcels_zones_population: 5.688275548513798e-05
  parcels_zones_transit_jobs_30min: 1.7342421953665094e-05
  parcels_zones_transit_jobs_50min: -4.378411732365874e-06
  school_district_achievement: 0.0003024426758582726
  sqft_per_unit: 0.0017459464975175623
  zones_acres: -1.9078478981733335e-06
  zones_households: -0.00021319561231995785
  zones_logsum_job_high_income: 4.51335046315152e-06
  zones_logsum_job_low_income: 3.5364626892539044e-08
  zones_logsum_pop_high_income: -2.5877363021335047e-06
  zones_logsum_pop_low_income: 6.455011229087354e-09
  zones_population: 5.861189294579422e-05
  zones_retail_jobs: -1.521296893553483e-05
  zones_transit_jobs_30min: 1.178548393673422e-05
  zones_transit_jobs_50min: -2.947215075807858e-06
  zones_z_total_jobs: 3.186096937339724e-08
sample_size: 60148
score: 0.6463070065159202
