fit_filters:
- residential_units > 0
- sqft_price_res > 1
- sqft_price_res < 650
- hedonic_id == 16181
model_expression:
  left_side: np.log1p(sqft_price_res)
model_type: Regression
name: RegressionModel
predict_filters: hedonic_id == 16181
ytransform: np.exp
coef:
  building_age: -0.00020981674261046966
  jobs_within_30_min: -1.9044229433641109e-07
  land_area: 4.360122345412513e-05
  nodes_walk_ave_unit_sqft: 4.166431831436358e-06
  nodes_walk_housing_cost: 4.121760872273809e-07
  nodes_walk_jobs: -7.619839427282015e-06
  nodes_walk_node_r1500_sqft: 3.857057591373268e-10
  nodes_walk_population: -3.9408686754183794e-05
  nodes_walk_race_1_hhs: 0.0002996021222012425
  nodes_walk_race_2_hhs: -7.190144584149754e-05
  nodes_walk_residential: 0.004012933065818513
  nodes_walk_retail: 1.0367876414400716e-05
  parcel_sqft: 8.474630747265085e-09
  parcels_ave_unit_size: 1.054623477924063e-05
  parcels_parcel_size: -2.0255478052757307e-08
  parcels_total_sqft: -6.463640195465696e-05
  parcels_zones_employment: 1.00110364748799e-05
  parcels_zones_households: 1.4310606840631519e-05
  parcels_zones_jobs_within_30_min: -7.42368353146226e-08
  parcels_zones_logsum_job_high_income: 1.0765172731669763e-06
  parcels_zones_logsum_job_low_income: 4.354038444401682e-08
  parcels_zones_logsum_pop_high_income: -5.73660734993635e-07
  parcels_zones_logsum_pop_low_income: -2.4242684930490987e-08
  parcels_zones_population: -1.3674027082942932e-05
  parcels_zones_transit_jobs_30min: 9.410625972394298e-08
  parcels_zones_transit_jobs_50min: 5.848162830638783e-07
  parcels_zones_z_total_jobs: 3.1272260557547814e-07
  residential_sqft: -8.239714821260985e-05
  sqft_per_unit: 8.646013355390125e-05
  year_built: 0.002350091534789086
  zones_acres: -3.230306621120139e-06
  zones_employment: 1.0128223301514783e-06
  zones_households: 3.322991488821522e-05
  zones_logsum_job_high_income: 1.1602332625528157e-06
  zones_logsum_job_low_income: 3.165540567489182e-08
  zones_logsum_pop_high_income: -7.037219634695804e-07
  zones_logsum_pop_low_income: -7.470693965695088e-08
  zones_population: -2.7615659458813145e-06
  zones_transit_jobs_30min: 3.203296087375007e-07
  zones_transit_jobs_50min: 3.207893378009882e-08
sample_size: 86491
score: 0.5899968268517468
