fit_filters:
- residential_units > 0
- sqft_price_res > 1
- sqft_price_res < 650
- hedonic_id == 9382
model_expression:
  left_side: np.log1p(sqft_price_res)
model_type: Regression
name: RegressionModel
predict_filters: hedonic_id == 9382
ytransform: np.exp
coef:
  Intercept: 4.057863738842759
  crime_other_rate: -8.858289947357721e-06
  jobs_within_30_min: 1.592762643666486e-06
  nodes_walk_ave_nonres_sqft_price: 2.281774185595169e-06
  nodes_walk_households: -0.00010535052793047734
  nodes_walk_housing_cost: -2.674797027728198e-06
  nodes_walk_node_r1500_sqft: -1.7320044741590557e-09
  nodes_walk_residential: 0.006255274041894892
  parcel_sqft: -1.893261586996436e-05
  parcels_ave_unit_size: 0.0003136940388776426
  parcels_total_sqft: -9.858197098094052e-05
  parcels_zones_jobs_within_30_min: 1.3084719517833058e-07
  sqft_per_unit: -6.815576632167459e-05
  zones_acres: -1.5094566170285845e-05
  zones_employment: 2.105469397537166e-06
  zones_households: -7.599466075761569e-05
  zones_logsum_job_high_income: 7.043621005845093e-07
  zones_logsum_job_low_income: 1.0040301510413954e-06
  zones_logsum_pop_high_income: -3.4654222262841135e-07
  zones_logsum_pop_low_income: -2.547399858059887e-06
  zones_population: 3.778711128308553e-05
  zones_z_total_jobs: 6.847601250916931e-07
sample_size: 4422
score: 0.47912243793005327
