fit_filters:
- residential_units > 0
- sqft_price_res > 1
- sqft_price_res < 650
- hedonic_id == 9981
model_expression:
  left_side: np.log1p(sqft_price_res)
model_type: Regression
name: RegressionModel
predict_filters: hedonic_id == 9981
ytransform: np.exp
coef:
  building_age: -0.0019141410136517716
  crime_other_rate: -1.0029617674495227e-05
  crime_ucr_rate: 0.0001599351642781781
  jobs_within_30_min: 8.178212209054675e-08
  land_area: 2.9137980268740796e-05
  nodes_walk_ave_nonres_sqft_price: 3.753127550910713e-05
  nodes_walk_housing_cost: 2.198878052989881e-07
  nodes_walk_jobs: 4.740157197017283e-06
  nodes_walk_medical: 6.505391290484973e-05
  nodes_walk_node_r1500_sqft: -3.344974641651531e-09
  nodes_walk_population: -6.944497688495641e-05
  nodes_walk_race_1_hhs: 0.0003451753774808973
  nodes_walk_residential: 0.0060247300998941
  parcel_sqft: 5.628599005763082e-08
  parcels_parcel_size: -2.5902857864181104e-08
  parcels_pct_undev: 0.00012107730659434897
  parcels_total_sqft: -4.63102656994994e-05
  parcels_zones_employment: -1.917286019140565e-07
  parcels_zones_households: 4.9540682087838844e-05
  parcels_zones_jobs_within_30_min: -3.24849927769819e-08
  parcels_zones_logsum_job_high_income: -3.202743543859704e-07
  parcels_zones_logsum_job_low_income: 7.05580274958987e-08
  parcels_zones_logsum_pop_high_income: 1.8492499826235074e-07
  parcels_zones_logsum_pop_low_income: -1.0413714190609688e-07
  parcels_zones_population: -2.0465353260899426e-05
  parcels_zones_retail_jobs: -1.243408024091016e-05
  parcels_zones_transit_jobs_30min: 2.0439704354943687e-07
  parcels_zones_transit_jobs_50min: -3.153930257672264e-07
  residential_sqft: -1.1432354525730608e-05
  year_built: 0.0018959316319593828
  zones_acres: -3.725014981358596e-06
  zones_households: 5.0853073169442065e-05
  zones_logsum_job_high_income: -3.702791233490514e-07
  zones_logsum_job_low_income: 8.677221501084323e-08
  zones_logsum_pop_high_income: 2.642067688881559e-07
  zones_logsum_pop_low_income: -7.783168351483391e-08
  zones_population: -2.002364655962204e-05
  zones_transit_jobs_50min: -1.9540461947959915e-07
sample_size: 247463
score: 0.6417508550663943
