fit_filters:
- residential_units > 0
- sqft_price_res > 1
- sqft_price_res < 650
- hedonic_id == 582
model_type: regression
name: RegressionModel
predict_filters: hedonic_id == 582
target_variable: np.log1p(sqft_price_res)
ytransform: np.exp
fit_parameters:
  Coefficient:
    Intercept: -4.68712353866824
    building_age: -0.0016774098874509464
    building_sqft: -5.166303887160473e-21
    crime_other_rate: 8.884653101340996e-05
    crime_ucr_rate: -0.00017046855654538333
    jobs_within_30_min: -1.7176982221359187e-06
    land_area: -0.00035424172019546125
    nodes_walk_ave_nonres_sqft_price: 0.00014653277488996738
    nodes_walk_ave_unit_sqft: -0.00019014827112984585
    nodes_walk_hhs_with_children: 0.0002620951979024128
    nodes_walk_highinc_hhs: 0.0013433855739365282
    nodes_walk_households: -0.00015592659575003662
    nodes_walk_housing_cost: 1.4874533243258567e-05
    nodes_walk_jobs: 3.6101276023888914e-06
    nodes_walk_max_retail_far: -7.387849785755989e-05
    nodes_walk_medical: 0.0009077531471318471
    nodes_walk_midinc_hhs: -0.0001890840011824437
    nodes_walk_node_r1500_sqft: -1.8832650498233187e-07
    nodes_walk_office: 0.0007720357223230428
    nodes_walk_population: 0.00038746074937996033
    nodes_walk_race_1_hhs: 2.7032491968908025e-06
    nodes_walk_race_3_hhs: -0.0011450453543231476
    nodes_walk_race_4_hhs: -0.0007377746079343886
    nodes_walk_residential: 0.002927571418621719
    nodes_walk_retail: -0.00013534891998264267
    nodes_walk_retail_jobs: 0.0008152094819313528
    parcel_sqft: 4.6310005946799025e-05
    parcels_total_sqft: -4.531900410769316e-05
    parcels_zones_jobs_within_30_min: -2.8192023745888428e-08
    residential_sqft: -4.877225214312781e-07
    sqft_per_unit: 5.3980218259602674e-05
    year_built: 0.00417217253813528
    zones_acres: 0.001211610206247907
    zones_employment: -2.6341487787515355e-06
    zones_households: 2.924535316045363e-05
    zones_logsum_job_high_income: 1.9557612174067195e-05
    zones_logsum_job_low_income: -1.636933732752207e-08
    zones_logsum_job_mid_income: 1.547811016372448e-08
    zones_logsum_pop_high_income: -1.0317616407057034e-05
    zones_logsum_pop_low_income: 3.9198131669892196e-08
    zones_logsum_pop_mid_income: -8.216466907657999e-09
    zones_population: -7.893675369767143e-05
    zones_retail_jobs: 4.0677093450839024e-05
    zones_transit_jobs_30min: 2.785139904367675e-06
    zones_transit_jobs_50min: 3.3934251366662825e-07
    zones_z_total_jobs: -3.860296938285856e-05
fit_rsquared: 0.673110082220163
fitted: true
sample_size: 5386
