fit_filters:
- residential_units > 0
- sqft_price_res > 1
- sqft_price_res < 650
- hedonic_id == 583
model_expression:
  left_side: np.log1p(sqft_price_res)
model_type: Regression
name: RegressionModel
predict_filters: hedonic_id == 583
ytransform: np.exp
coef:
  building_age: -0.0014138529969341031
  building_sqft: 8.982021875322606e-06
  crime_other_rate: -6.372703258610099e-06
  crime_ucr_rate: -5.8115254951778285e-05
  jobs_within_30_min: 7.388778447931907e-07
  land_area: -3.213397263654657e-05
  nodes_walk_ave_nonres_sqft_price: 0.00015545556163594948
  nodes_walk_ave_unit_sqft: 1.02099231762896e-05
  nodes_walk_hhs_with_children: -0.0002007613161676251
  nodes_walk_housing_cost: 6.571556000458863e-06
  nodes_walk_jobs: -1.7715650122953375e-05
  nodes_walk_lowinc_hhs: -0.00017406759213688464
  nodes_walk_midinc_hhs: 0.0003478708434912644
  nodes_walk_node_r1500_sqft: -3.820203318066519e-08
  nodes_walk_office: 0.0002706245846358767
  nodes_walk_population: 8.884834364306982e-05
  nodes_walk_race_3_hhs: 0.000138901747141012
  nodes_walk_race_4_hhs: -0.000287428798058439
  parcel_sqft: 9.450715752595697e-06
  parcels_total_sqft: 1.3761575443257297e-06
  parcels_total_units: -0.0017096379024736346
  parcels_zones_employment: -1.3201321026977484e-05
  parcels_zones_households: -0.00021455270676414503
  parcels_zones_logsum_job_high_income: -1.2125060624649362e-06
  parcels_zones_logsum_job_low_income: -1.057209105968557e-09
  parcels_zones_logsum_pop_high_income: -1.2478055107739906e-06
  parcels_zones_logsum_pop_low_income: 1.4255658966672808e-08
  parcels_zones_population: 0.00010396675321086163
  parcels_zones_retail_jobs: -0.00018982901271448057
  parcels_zones_transit_jobs_30min: 9.600865445798123e-07
  parcels_zones_transit_jobs_50min: -7.9579855287576e-08
  parcels_zones_z_total_jobs: -2.5964788235627584e-07
  residential_sqft: -1.31878369344513e-05
  sqft_per_unit: -7.48603266056154e-05
  year_built: 0.005118773246106073
  zones_acres: -0.00023315176898694212
  zones_employment: -1.3016350540441705e-07
  zones_households: -0.0001530779352392772
  zones_logsum_job_high_income: -1.0589829150659541e-06
  zones_logsum_job_low_income: -2.5716989749881926e-09
  zones_logsum_pop_high_income: 7.405211433247791e-07
  zones_logsum_pop_low_income: 1.189570642113436e-08
  zones_population: 8.074209233490054e-05
  zones_retail_jobs: -1.4441289507864414e-05
  zones_transit_jobs_30min: 6.744542389217444e-07
  zones_transit_jobs_50min: -1.5070568054531767e-07
sample_size: 2512
score: 0.22945062498836066
