fit_filters:
- residential_units > 0
- sqft_price_res > 1
- sqft_price_res < 650
- hedonic_id == 383
model_expression:
  left_side: np.log1p(sqft_price_res)
model_type: Regression
name: RegressionModel
predict_filters: hedonic_id == 383
ytransform: np.exp
coef:
  building_age: -1.644202265038961e-05
  building_sqft: 1.0412851542126676e-05
  crime_other_rate: 4.71577090528469e-05
  crime_ucr_rate: -0.000236296911798613
  jobs_within_30_min: -1.2365140801579297e-06
  land_area: -5.241285397008705e-06
  nodes_walk_ave_unit_sqft: -8.19012350797266e-06
  nodes_walk_housing_cost: 4.474924657932212e-06
  nodes_walk_industrial: 0.0004322271067327998
  nodes_walk_jobs: 7.182115573758663e-05
  nodes_walk_lowinc_hhs: -0.0002544637921160649
  nodes_walk_max_retail_far: -0.0040005783256898166
  nodes_walk_medical: 0.0006906677669910252
  nodes_walk_midinc_hhs: 0.00015267402599899524
  nodes_walk_node_r1500_sqft: -2.031891879245046e-08
  nodes_walk_office: -0.0006340983102202551
  nodes_walk_population: 8.56526085970339e-05
  nodes_walk_race_3_hhs: 0.0020510782116418165
  nodes_walk_residential: 0.0032243160360111724
  nodes_walk_retail: 0.0002572168371449619
  parcel_sqft: 1.1149856983822451e-06
  parcels_ave_unit_size: -4.81069069781075e-05
  parcels_total_sqft: 2.2668384084106158e-08
  parcels_zones_employment: 2.888415128942896e-06
  parcels_zones_households: -0.00015099236744765165
  parcels_zones_jobs_within_30_min: 1.3128638532067576e-07
  parcels_zones_logsum_job_high_income: 1.104633484717362e-06
  parcels_zones_logsum_job_low_income: 1.4912100563961736e-07
  parcels_zones_logsum_pop_high_income: 5.296174515806078e-07
  parcels_zones_logsum_pop_low_income: 3.2911059834957445e-08
  parcels_zones_population: 8.343072510919183e-05
  parcels_zones_retail_jobs: 0.00012894606614697704
  parcels_zones_transit_jobs_30min: -1.5547992620084796e-06
  parcels_zones_transit_jobs_50min: -1.3175241103019152e-06
  parcels_zones_z_total_jobs: 3.5433696160122344e-05
  residential_sqft: -2.142933567508455e-05
  sqft_per_unit: -0.0002752491618516032
  year_built: 0.003011108834422271
  zones_acres: -9.266155940441018e-05
  zones_employment: 3.0404873668205385e-07
  zones_households: -0.00022336933617062712
  zones_logsum_job_high_income: 1.255639784342365e-06
  zones_logsum_job_low_income: 1.2432696060639717e-07
  zones_logsum_pop_high_income: -1.0029516678317197e-06
  zones_logsum_pop_low_income: -1.972264113630096e-08
  zones_population: 2.8766547902045652e-05
  zones_retail_jobs: 3.577729498179324e-06
  zones_transit_jobs_30min: -3.893510056818668e-06
  zones_transit_jobs_50min: -1.180893585168895e-06
  zones_z_total_jobs: 1.3249656455464928e-06
sample_size: 1064
score: 0.49882556585662796
