fit_filters:
- residential_units > 0
- sqft_price_res > 1
- sqft_price_res < 650
- hedonic_id == 11583
model_expression:
  left_side: np.log1p(sqft_price_res)
model_type: Regression
name: RegressionModel
predict_filters: hedonic_id == 11583
ytransform: np.exp
coef:
  building_age: -0.000847241705869981
  building_sqft: 3.72427558524881e-05
  crime_other_rate: -0.00018217578093268822
  crime_ucr_rate: 0.00030501883321865623
  jobs_within_30_min: 4.197219431381605e-08
  land_area: 7.603787340341585e-06
  nodes_walk_ave_nonres_sqft_price: 0.0002851919582446525
  nodes_walk_ave_unit_sqft: -0.00013260300342106927
  nodes_walk_hhs_with_children: 0.00043248222557641295
  nodes_walk_highinc_hhs: 0.004207576993218383
  nodes_walk_households: 0.0006428685739235664
  nodes_walk_housing_cost: 1.6853310132351704e-05
  nodes_walk_jobs: 6.268458205793595e-05
  nodes_walk_lowinc_hhs: -0.0008947614275039961
  nodes_walk_medical: 0.0002707962416310154
  nodes_walk_midinc_hhs: 0.00013865503818237044
  nodes_walk_node_r1500_sqft: -1.7421604173463158e-08
  nodes_walk_office: -0.001500517250055992
  nodes_walk_population: -0.0005601459840467389
  nodes_walk_retail: -0.0003199419964676132
  nodes_walk_retail_jobs: -0.0012335669967067243
  parcel_sqft: -1.7077321277798416e-06
  parcels_ave_unit_size: -0.00028654900001339134
  parcels_total_sqft: 2.793565770079548e-07
  parcels_zones_employment: 1.0889007469757269e-05
  parcels_zones_households: 6.103857104127714e-05
  parcels_zones_jobs_within_30_min: -1.2417178737548108e-07
  parcels_zones_logsum_job_high_income: 3.4754346660111655e-07
  parcels_zones_logsum_job_low_income: 1.182600588930109e-05
  parcels_zones_logsum_pop_high_income: -6.065530135343174e-07
  parcels_zones_logsum_pop_low_income: -3.4485629640783876e-06
  parcels_zones_population: -5.7524433632216384e-05
  parcels_zones_transit_jobs_30min: 9.994590867005815e-06
  parcels_zones_transit_jobs_50min: 6.880155190291234e-06
  residential_sqft: -4.369963996724922e-05
  sqft_per_unit: -0.0002884625483540532
  year_built: 2.551213247795577e-05
  zones_acres: 6.73564357998506e-06
  zones_employment: 4.252462717090737e-07
  zones_households: 0.00010379904120508783
  zones_logsum_job_high_income: 1.1413528811596166e-06
  zones_logsum_job_low_income: 1.0375707551753193e-05
  zones_logsum_pop_high_income: -1.1532371648167678e-06
  zones_logsum_pop_low_income: -4.857036733679665e-06
  zones_population: -5.597882721237249e-05
  zones_retail_jobs: -0.00027078738109883417
  zones_transit_jobs_30min: 9.873759196886393e-06
  zones_transit_jobs_50min: 9.92778778592149e-07
sample_size: 161
score: 0.3695849935506149
