fit_filters:
- residential_units > 0
- sqft_price_res > 1
- sqft_price_res < 650
- hedonic_id == 582
model_expression:
  left_side: np.log1p(sqft_price_res)
model_type: Regression
name: RegressionModel
predict_filters: hedonic_id == 582
ytransform: np.exp
coef:
  Intercept: -4.059855597803365
  building_age: -0.0017892150951609052
  crime_other_rate: 8.94737390603282e-05
  crime_ucr_rate: -0.00016432123096574305
  jobs_within_30_min: -1.640756427138062e-06
  land_area: -0.0003544284294355912
  nodes_walk_ave_nonres_sqft_price: 8.27989724437078e-05
  nodes_walk_ave_unit_sqft: -0.00019414185436122456
  nodes_walk_hhs_with_children: 0.00018918245446914277
  nodes_walk_highinc_hhs: 0.0013530631398378035
  nodes_walk_households: -0.00018029577822764944
  nodes_walk_housing_cost: 1.5088909147221345e-05
  nodes_walk_jobs: 5.160865635427588e-06
  nodes_walk_medical: 0.0008751979042089978
  nodes_walk_midinc_hhs: -0.00019468299041457978
  nodes_walk_node_r1500_sqft: -1.8737575868031875e-07
  nodes_walk_office: 0.0007437250620801097
  nodes_walk_population: 0.00039932212432920684
  nodes_walk_race_1_hhs: 8.93094431820977e-05
  nodes_walk_race_3_hhs: -0.0012167926464066586
  nodes_walk_race_4_hhs: -0.0007967325116903922
  nodes_walk_residential: 0.0028322313398161463
  nodes_walk_retail: -8.646023252341424e-05
  nodes_walk_retail_jobs: 0.0007776335343963296
  parcel_sqft: 4.6699246533922096e-05
  parcels_total_sqft: -4.616130229561908e-05
  parcels_zones_employment: -3.1674615265339884e-06
  parcels_zones_households: 8.575036531286358e-06
  parcels_zones_jobs_within_30_min: -2.1104381565824154e-08
  parcels_zones_logsum_job_high_income: 1.005506373071518e-05
  parcels_zones_logsum_job_low_income: 3.412841721403649e-08
  parcels_zones_logsum_pop_high_income: -3.6091307422080154e-06
  parcels_zones_logsum_pop_low_income: 9.630908411151024e-08
  parcels_zones_population: -8.338973237143266e-05
  parcels_zones_transit_jobs_30min: 1.9040524398126325e-06
  parcels_zones_transit_jobs_50min: 5.668651183577117e-07
  residential_sqft: -4.668681717575579e-07
  sqft_per_unit: 5.4385477890158146e-05
  year_built: 0.00399941576849312
  zones_acres: 0.0012201253026923149
  zones_employment: -1.1965426502758603e-05
  zones_households: 3.730245671872863e-05
  zones_logsum_job_high_income: 1.0213582463396088e-05
  zones_logsum_job_low_income: -3.5446401295560074e-08
  zones_logsum_pop_high_income: -7.359138864094159e-06
  zones_logsum_pop_low_income: -6.565982652401696e-08
  zones_population: -4.371609088703919e-09
  zones_retail_jobs: 3.384782650375535e-05
  zones_transit_jobs_30min: 1.0295219251843974e-06
  zones_transit_jobs_50min: -2.241490346879847e-07
  zones_z_total_jobs: -2.6323220307126666e-05
sample_size: 5386
score: 0.6727292665263455
