fit_filters:
- residential_units > 0
- sqft_price_res > 1
- sqft_price_res < 650
- hedonic_id == 16183
model_expression:
  left_side: np.log1p(sqft_price_res)
model_type: Regression
name: RegressionModel
predict_filters: hedonic_id == 16183
ytransform: np.exp
coef:
  building_sqft: -2.2277542745951878e-07
  crime_other_rate: 2.4150095394727058e-05
  crime_ucr_rate: -3.1896142033253507e-05
  jobs_within_30_min: -1.0272890300097706e-06
  land_area: -1.3365513694214597e-05
  nodes_walk_hhs_with_children: -0.00040066403393662197
  nodes_walk_highinc_hhs: 0.00047245730359194636
  nodes_walk_housing_cost: 1.081485923597145e-06
  nodes_walk_jobs: 6.259128614041884e-05
  nodes_walk_lowinc_hhs: -0.00042122449630291596
  nodes_walk_medical: 0.00040376714350161405
  nodes_walk_node_r1500_sqft: -1.3089976387166674e-08
  nodes_walk_office: -0.0011491187723157794
  nodes_walk_retail: 0.0014545033963700566
  nodes_walk_retail_jobs: -0.0007468148602329274
  parcel_sqft: 1.1540131553981845e-06
  parcels_ave_unit_size: 2.054561731811104e-06
  parcels_total_sqft: -4.632268361287589e-07
  parcels_total_units: 0.0005569437348015559
  parcels_zones_households: -8.365085477611256e-05
  parcels_zones_jobs_within_30_min: -2.753291422250668e-08
  parcels_zones_logsum_job_high_income: 1.1405124368895338e-06
  parcels_zones_logsum_job_low_income: 3.044700861584422e-08
  parcels_zones_logsum_pop_high_income: -1.0600765782704504e-06
  parcels_zones_logsum_pop_low_income: 1.5603006695234263e-08
  parcels_zones_percent_vacant_job_spaces: -0.0006108976347805003
  parcels_zones_retail_jobs: 0.0001663743149157223
  parcels_zones_transit_jobs_30min: -1.370148347805206e-06
  parcels_zones_transit_jobs_50min: 6.496455012350049e-06
  residential_sqft: -8.883254349741447e-06
  sqft_per_unit: -0.00011335816045686467
  zones_acres: -4.446600766255466e-05
  zones_employment: -1.708435468281035e-05
  zones_households: -2.62078172287453e-06
  zones_logsum_job_high_income: 6.884696233575015e-07
  zones_logsum_job_low_income: 2.388551910499722e-08
  zones_logsum_pop_high_income: 3.971729816273491e-07
  zones_logsum_pop_low_income: -9.866220419738526e-08
  zones_percent_vacant_job_spaces: -0.00019714448995554826
  zones_retail_jobs: 4.8160846196083756e-09
  zones_transit_jobs_30min: -8.512096608125598e-07
  zones_transit_jobs_50min: 2.144128851599221e-06
  zones_z_total_jobs: -9.571754727254023e-07
sample_size: 921
score: 0.6570148483792958
