fit_filters:
- residential_units > 0
- sqft_price_res > 1
- sqft_price_res < 650
- hedonic_id == 9983
model_expression:
  left_side: np.log1p(sqft_price_res)
model_type: Regression
name: RegressionModel
predict_filters: hedonic_id == 9983
ytransform: np.exp
coef:
  b_total_households: -0.0027212193948223285
  building_age: -0.0004562282371281472
  building_sqft: -0.00011137415461523435
  crime_other_rate: -2.0977814231519742e-05
  crime_ucr_rate: 0.0005488453398864841
  jobs_within_30_min: -3.2843659178227205e-07
  land_area: -3.5373656548162534e-06
  nodes_walk_ave_nonres_sqft_price: -0.001086606025496215
  nodes_walk_ave_unit_sqft: -9.052394862464093e-05
  nodes_walk_hhs_with_children: -0.001068421937144475
  nodes_walk_housing_cost: 1.179863881464005e-05
  nodes_walk_industrial: -0.0001552899596543393
  nodes_walk_jobs: 7.406220166295875e-05
  nodes_walk_lowinc_hhs: -0.00039051582975802674
  nodes_walk_medical: 0.0004381997145705334
  nodes_walk_node_r1500_sqft: -4.711470889342779e-08
  nodes_walk_office: -0.000814542882164092
  nodes_walk_population: -7.732900726330151e-05
  nodes_walk_race_1_hhs: 0.0008626713622628581
  nodes_walk_race_2_hhs: -0.000868789234523178
  nodes_walk_retail_jobs: 0.00023971776345694956
  parcel_sqft: 2.701606851471898e-06
  parcels_ave_unit_size: -0.00012785447219959952
  parcels_total_sqft: 0.00012146799215886813
  parcels_zones_employment: 4.012205050021416e-05
  parcels_zones_households: 9.752657501261588e-05
  parcels_zones_jobs_within_30_min: -4.1429869920155354e-07
  parcels_zones_logsum_job_high_income: 7.720530506322539e-07
  parcels_zones_logsum_job_low_income: -3.277592517655718e-07
  parcels_zones_logsum_pop_high_income: -3.44606428544252e-08
  parcels_zones_logsum_pop_low_income: 4.3673672804593494e-07
  parcels_zones_population: 8.434669478658436e-06
  parcels_zones_transit_jobs_30min: -1.25488487045238e-06
  parcels_zones_transit_jobs_50min: 1.4048774353452607e-07
  parcels_zones_z_total_jobs: 8.217149784110465e-06
  residential_sqft: -1.4117406181100685e-05
  sqft_per_unit: -0.00039425683473184154
  zones_acres: -0.0001190358923164246
  zones_employment: 8.68146192493499e-06
  zones_households: 4.443822391956169e-06
  zones_logsum_job_high_income: 9.043522137168175e-07
  zones_logsum_job_low_income: -3.6256342499200864e-07
  zones_logsum_pop_high_income: -7.90455821722827e-07
  zones_logsum_pop_low_income: 3.631282988782288e-07
  zones_population: 6.670019842640354e-06
  zones_transit_jobs_30min: -1.965253155349611e-06
  zones_transit_jobs_50min: 1.894595908415282e-07
  zones_z_total_jobs: 2.2951298606317346e-07
sample_size: 514
score: 0.372232650542078
