fit_filters:
- residential_units > 0
- sqft_price_res > 1
- sqft_price_res < 650
- hedonic_id == 12583
model_expression:
  left_side: np.log1p(sqft_price_res)
model_type: Regression
name: RegressionModel
predict_filters: hedonic_id == 12583
ytransform: np.exp
coef:
  building_sqft: 1.670873509054671e-07
  crime_other_rate: 0.00020963071797318493
  crime_ucr_rate: -0.0006376856961425706
  jobs_within_30_min: -2.2143209164802227e-07
  land_area: -1.8730516537743291e-06
  nodes_walk_ave_nonres_sqft_price: 0.0006926624421355767
  nodes_walk_highinc_hhs: 0.0005414186292444662
  nodes_walk_households: 0.0005239955925900718
  nodes_walk_housing_cost: 5.667687727923946e-06
  nodes_walk_jobs: 2.7114245170403522e-05
  nodes_walk_lowinc_hhs: 0.0002996142504133728
  nodes_walk_medical: 7.13983442235408e-05
  nodes_walk_midinc_hhs: -0.000144514323942047
  nodes_walk_node_r1500_sqft: 2.770359942569226e-09
  nodes_walk_office: -0.0009660360132755954
  nodes_walk_population: -0.0002609833000396456
  nodes_walk_race_2_hhs: -0.0006029053356602584
  nodes_walk_race_3_hhs: 2.6698529310683324e-05
  nodes_walk_race_4_hhs: 0.0005229567708899192
  nodes_walk_retail_jobs: 7.13271040211817e-05
  parcel_sqft: 2.6768135779433794e-07
  parcels_ave_unit_size: -8.92193079537988e-05
  parcels_parcel_size: -4.768571975021937e-07
  parcels_total_job_spaces: -0.0005940222127366541
  parcels_total_sqft: 2.199100933479535e-07
  parcels_total_units: -0.0005235352906356523
  parcels_zones_employment: -3.1991737587569126e-06
  parcels_zones_households: 0.00010277001219151185
  parcels_zones_jobs_within_30_min: -1.6358740714300456e-07
  parcels_zones_logsum_job_high_income: -1.9933659792933857e-06
  parcels_zones_logsum_job_low_income: 5.251598587959015e-07
  parcels_zones_logsum_pop_high_income: 1.934740354561843e-06
  parcels_zones_logsum_pop_low_income: -7.682225205029824e-07
  parcels_zones_population: -6.707931577391521e-05
  parcels_zones_retail_jobs: -0.00014375907933745496
  parcels_zones_transit_jobs_30min: -8.21688509350639e-06
  parcels_zones_transit_jobs_50min: 1.7402780170614515e-06
  parcels_zones_z_total_jobs: -8.957549148035139e-07
  residential_sqft: -2.423020002821442e-06
  sqft_per_unit: -0.00017902503309473732
  year_built: 0.00024228061555169197
  zones_acres: -7.950558327972262e-05
  zones_employment: -5.6443412167794845e-06
  zones_households: 0.00015341612722737558
  zones_logsum_job_high_income: -2.0977806433037094e-06
  zones_logsum_job_low_income: 5.437849456645683e-07
  zones_logsum_pop_high_income: 1.4327640159858207e-06
  zones_logsum_pop_low_income: -7.158234406590837e-07
  zones_population: -5.317884796641778e-05
  zones_retail_jobs: -3.0569472145188064e-05
  zones_transit_jobs_30min: -4.8119538416005764e-06
  zones_transit_jobs_50min: 1.5828358505888102e-06
  zones_z_total_jobs: -8.21331146762391e-07
sample_size: 6215
score: 0.36422337218314627
