fit_filters:
- residential_units > 0
- sqft_price_res > 1
- sqft_price_res < 650
- hedonic_id == 12583
model_expression:
  left_side: np.log1p(sqft_price_res)
model_type: Regression
name: RegressionModel
predict_filters: hedonic_id == 12583
ytransform: np.exp
coef:
  Intercept: 3.5815590254679184
  building_sqft: 1.1529755921393287e-06
  crime_other_rate: 0.00021673830160800114
  crime_ucr_rate: -0.00067888489296387
  jobs_within_30_min: -2.5234527803231534e-07
  land_area: -1.611775106192437e-06
  nodes_walk_ave_nonres_sqft_price: 0.0007909239352562597
  nodes_walk_hhs_with_children: -0.00018851423617429136
  nodes_walk_highinc_hhs: 0.000509191184666093
  nodes_walk_households: 0.00037656258070371026
  nodes_walk_housing_cost: 4.807952227516761e-06
  nodes_walk_jobs: 4.321171043742112e-05
  nodes_walk_lowinc_hhs: 0.00022680259952123448
  nodes_walk_midinc_hhs: -0.00011571919778835187
  nodes_walk_node_r1500_sqft: 1.3447897965680225e-09
  nodes_walk_office: -0.0010925347239852253
  nodes_walk_population: -0.00016078536778517426
  nodes_walk_race_2_hhs: -0.0005956137595871475
  nodes_walk_race_4_hhs: 0.0007595690481583895
  nodes_walk_retail_jobs: 3.321417570152573e-05
  parcel_sqft: 3.303946798537566e-08
  parcels_ave_unit_size: -5.746598541401045e-05
  parcels_total_job_spaces: -0.0006059437153528535
  parcels_total_sqft: 2.610947051914192e-07
  parcels_total_units: -0.0004570805575489829
  parcels_zones_employment: -2.8775494409712535e-06
  parcels_zones_households: 8.790533926969562e-05
  parcels_zones_jobs_within_30_min: -1.3605035648889505e-07
  parcels_zones_logsum_job_high_income: -1.7558757976610014e-06
  parcels_zones_logsum_job_low_income: 5.258960377938018e-07
  parcels_zones_logsum_pop_high_income: 1.8052711282636733e-06
  parcels_zones_logsum_pop_low_income: -7.634497848128612e-07
  parcels_zones_population: -5.9937057984052854e-05
  parcels_zones_retail_jobs: -0.00015931855770591255
  parcels_zones_transit_jobs_30min: -8.445152254655414e-06
  parcels_zones_transit_jobs_50min: 1.7537296617195983e-06
  parcels_zones_z_total_jobs: -7.198789233426205e-07
  residential_sqft: -3.64018034971692e-06
  sqft_per_unit: -0.0001831852552751927
  zones_acres: -8.058471281193553e-05
  zones_employment: -5.879448846546539e-06
  zones_households: 0.00014029367521031617
  zones_logsum_job_high_income: -1.8602969620289192e-06
  zones_logsum_job_low_income: 5.437296663812359e-07
  zones_logsum_pop_high_income: 1.2803569298955683e-06
  zones_logsum_pop_low_income: -7.115876134186984e-07
  zones_population: -4.6371994599974476e-05
  zones_retail_jobs: -3.330486221813577e-05
  zones_transit_jobs_30min: -4.9983722443111635e-06
  zones_transit_jobs_50min: 1.5946744640478608e-06
  zones_z_total_jobs: -7.903313759630427e-07
sample_size: 6215
score: 0.34973893256281163
