fit_filters:
- residential_units > 0
- sqft_price_res > 1
- sqft_price_res < 650
- hedonic_id == 14781
model_expression:
  left_side: np.log1p(sqft_price_res)
model_type: Regression
name: RegressionModel
predict_filters: hedonic_id == 14781
ytransform: np.exp
coef:
  Intercept: -2.1008694734143942
  building_age: -0.00035769659376194083
  building_sqft: -9.494843133124554e-22
  crime_other_rate: -6.50559912185616e-05
  crime_ucr_rate: 0.000119290320249432
  jobs_within_30_min: 1.7457006841329765e-07
  land_area: -5.323494318469589e-06
  nodes_walk_housing_cost: 9.621874661271648e-06
  nodes_walk_node_r1500_sqft: -2.7505514415783487e-09
  nodes_walk_residential: 0.0021996971547494073
  parcel_sqft: -4.073532799092659e-08
  parcels_ave_unit_size: -0.00021883919757995286
  parcels_total_sqft: -2.6443115800780793e-05
  parcels_zones_employment: -1.1695399740375758e-05
  parcels_zones_households: 5.895930464183708e-06
  parcels_zones_jobs_within_30_min: 1.3967452990829197e-09
  parcels_zones_logsum_job_high_income: -1.3073692734696006e-06
  parcels_zones_logsum_job_low_income: -3.460121760291586e-07
  parcels_zones_logsum_pop_high_income: 8.848219221428885e-07
  parcels_zones_logsum_pop_low_income: 1.7036829954538904e-07
  parcels_zones_retail_jobs: -4.5364304316267696e-05
  parcels_zones_transit_jobs_30min: -1.7764953178775023e-05
  parcels_zones_transit_jobs_50min: 4.689964497383302e-06
  residential_sqft: -6.206024577228632e-05
  sqft_per_unit: 3.31627552964448e-05
  year_built: 0.003389194897095756
  zones_acres: -9.846601426438883e-07
  zones_employment: -9.44090688496321e-08
  zones_households: 2.1226587296761984e-06
  zones_logsum_job_high_income: -1.267129759557567e-06
  zones_logsum_job_low_income: -3.558870935501164e-07
  zones_logsum_pop_high_income: 6.680127124864053e-07
  zones_logsum_pop_low_income: 8.514869936003355e-08
  zones_retail_jobs: -1.4681788859782393e-05
  zones_transit_jobs_30min: -6.211666091076871e-06
  zones_transit_jobs_50min: 3.628977246278237e-06
sample_size: 56604
score: 0.3485875286875836
