fit_filters:
- residential_units > 0
- sqft_price_res > 1
- sqft_price_res < 650
- hedonic_id == 9982
model_expression:
  left_side: np.log1p(sqft_price_res)
model_type: Regression
name: RegressionModel
predict_filters: hedonic_id == 9982
ytransform: np.exp
coef:
  Intercept: 1.769177605916068
  building_age: -0.0021057139531749083
  building_sqft: -2.063565286444593e-22
  crime_other_rate: -4.2988445707611093e-05
  crime_ucr_rate: -1.3569485482716032e-05
  jobs_within_30_min: -6.075427655911225e-07
  land_area: -1.9455912590185555e-17
  nodes_walk_ave_nonres_sqft_price: 1.9109289645616644e-05
  nodes_walk_ave_unit_sqft: 4.723430676107465e-05
  nodes_walk_hhs_with_children: -0.00025004928048201664
  nodes_walk_households: 0.00066027580681137
  nodes_walk_housing_cost: -1.5984153231136397e-08
  nodes_walk_industrial: -0.00040588889495956346
  nodes_walk_jobs: -0.00016890038430285146
  nodes_walk_node_r1500_sqft: 7.908964267665968e-09
  nodes_walk_population: -0.00035475601345799174
  nodes_walk_race_2_hhs: 0.0006235982377153822
  nodes_walk_residential: 0.007063585901324497
  nodes_walk_retail: 4.520359023693086e-05
  parcel_sqft: 5.04314413020966e-06
  parcels_ave_unit_size: 0.00012475800773020804
  parcels_total_sqft: -2.6902237082062425e-05
  parcels_zones_employment: 8.53020416594141e-06
  parcels_zones_households: 1.8590438581070397e-05
  parcels_zones_jobs_within_30_min: 1.7960160340515543e-07
  parcels_zones_logsum_job_high_income: 2.06866043943953e-06
  parcels_zones_logsum_job_low_income: -3.2258319241770754e-08
  parcels_zones_logsum_pop_high_income: -7.026075324419911e-07
  parcels_zones_logsum_pop_low_income: -9.244290219779093e-08
  parcels_zones_population: -1.9873516753695777e-05
  parcels_zones_retail_jobs: 0.00010406427686137859
  parcels_zones_transit_jobs_30min: 1.5197938660939339e-06
  parcels_zones_transit_jobs_50min: -3.2504863212641094e-06
  sqft_per_unit: -0.00020161235560199627
  year_built: 0.0010174855233781826
  zones_acres: -8.270274196515015e-06
  zones_households: 1.3287919406892524e-05
  zones_logsum_job_high_income: 1.8331252002507281e-06
  zones_logsum_job_low_income: 5.208963879385607e-08
  zones_logsum_pop_high_income: -1.0840675569758471e-06
  zones_logsum_pop_low_income: 2.4447281002255904e-08
  zones_population: -1.6565124201658532e-05
  zones_transit_jobs_30min: 4.247456791716707e-06
  zones_transit_jobs_50min: -1.5977433413863503e-06
sample_size: 41597
score: 0.6447260572131253
