fit_filters:
- residential_units > 0
- sqft_price_res > 1
- sqft_price_res < 650
- hedonic_id == 12581
model_expression:
  left_side: np.log1p(sqft_price_res)
model_type: Regression
name: RegressionModel
predict_filters: hedonic_id == 12581
ytransform: np.exp
coef:
  building_age: -0.001535456390591524
  crime_other_rate: -1.0595663220397542e-05
  crime_ucr_rate: -0.00025548464536246144
  jobs_within_30_min: 5.076915725253969e-08
  land_area: 3.0507644987978226e-05
  nodes_walk_ave_unit_sqft: 2.541335479365282e-07
  nodes_walk_housing_cost: -7.066366405524544e-07
  nodes_walk_jobs: -2.1311839563981305e-07
  nodes_walk_node_r1500_sqft: -2.9079829809858688e-09
  nodes_walk_race_1_hhs: 0.00012882299377349268
  nodes_walk_residential: 0.005312280043000805
  parcel_sqft: 1.1617248646686554e-08
  parcels_ave_unit_size: 2.930505168426029e-06
  parcels_zones_employment: -2.696817523384085e-06
  parcels_zones_households: 4.679052358532773e-05
  parcels_zones_jobs_within_30_min: 7.0748084412035e-08
  parcels_zones_logsum_job_high_income: 5.092038582814659e-09
  parcels_zones_logsum_job_low_income: 9.378994070902121e-08
  parcels_zones_logsum_pop_high_income: -2.8329207151648992e-08
  parcels_zones_logsum_pop_low_income: -1.629112712457061e-07
  parcels_zones_population: -2.0569738842796984e-05
  parcels_zones_transit_jobs_30min: 2.7087230031599037e-08
  parcels_zones_transit_jobs_50min: 3.842249155833083e-07
  parcels_zones_z_total_jobs: -2.980739363854769e-06
  sqft_per_unit: 6.549804755111523e-06
  year_built: 0.0021408622033141666
  zones_acres: -3.466267965960606e-06
  zones_employment: -5.1673885292243436e-08
  zones_households: 5.140558568934151e-05
  zones_logsum_job_high_income: -8.545386343637113e-09
  zones_logsum_job_low_income: 9.308335200488196e-08
  zones_logsum_pop_high_income: 2.5296928159707842e-08
  zones_logsum_pop_low_income: -1.453251270112249e-07
  zones_population: -1.9434827199555053e-05
  zones_transit_jobs_30min: 1.1564102702386171e-08
  zones_transit_jobs_50min: 2.8366508840065433e-07
  zones_z_total_jobs: -5.472812031496401e-07
sample_size: 365119
score: 0.6767556229982654
