fit_filters:
- residential_units > 0
- sqft_price_res > 1
- sqft_price_res < 650
- hedonic_id == 12582
model_type: regression
name: RegressionModel
predict_filters: hedonic_id == 12582
target_variable: np.log1p(sqft_price_res)
ytransform: np.exp
fit_parameters:
  Coefficient:
    Intercept: 1.0133145920581121
    building_age: -0.0018783776285047657
    building_sqft: -5.037717020891672e-18
    crime_other_rate: -6.08466974089599e-05
    crime_ucr_rate: -6.171133713253438e-05
    jobs_within_30_min: -2.3020912666371223e-07
    land_area: -4.303266227988174e-05
    nodes_walk_ave_unit_sqft: 1.9043684852007834e-05
    nodes_walk_highinc_hhs: 3.9422831973321314e-05
    nodes_walk_households: 0.00011528554708352821
    nodes_walk_housing_cost: -2.443001064674803e-06
    nodes_walk_jobs: 7.374634525615687e-05
    nodes_walk_lowinc_hhs: -2.8447528088469008e-05
    nodes_walk_medical: -7.367086565114924e-05
    nodes_walk_midinc_hhs: 7.808743604133429e-05
    nodes_walk_node_r1500_sqft: -1.731593917679242e-08
    nodes_walk_race_2_hhs: -0.00032286125359363304
    nodes_walk_race_3_hhs: 0.0003745841834494333
    nodes_walk_residential: 0.006607669426635886
    nodes_walk_retail_jobs: 0.0001320034750034209
    parcel_sqft: 3.484893112335658e-06
    parcels_ave_unit_size: 0.00012838003937719477
    parcels_parcel_size: -4.2663622918883475e-05
    parcels_total_sqft: -3.8008242829329045e-05
    parcels_zones_jobs_within_30_min: 1.0675026201375275e-07
    year_built: 0.0014559452612606357
    zones_acres: -3.666794596551261e-06
    zones_employment: 9.074630420416699e-06
    zones_households: 3.5753512336991254e-05
    zones_logsum_job_high_income: 1.2291550942096222e-06
    zones_logsum_job_low_income: 1.371100233331223e-06
    zones_logsum_job_mid_income: -2.0942751121160536e-07
    zones_logsum_pop_high_income: -4.783951333178475e-07
    zones_logsum_pop_low_income: -1.6225043191971093e-06
    zones_logsum_pop_mid_income: 2.597472342232482e-07
    zones_population: -1.4437084595972752e-06
    zones_retail_jobs: 5.358439192426705e-05
    zones_transit_jobs_30min: -7.235192068187286e-06
    zones_transit_jobs_50min: -1.1328811389218502e-07
fit_rsquared: 0.7886652436301331
fit_rsquared_adj: 0.7886652436301331
fitted: true
model_expression:
  left_side: np.log1p(sqft_price_res)
  right_side:
  - year_built
  - land_area
  - building_sqft
  - jobs_within_30_min
  - parcel_sqft
  - crime_ucr_rate
  - crime_other_rate
  - building_age
  - parcels_parcel_size
  - parcels_ave_unit_size
  - parcels_total_sqft
  - parcels_zones_jobs_within_30_min
  - zones_acres
  - zones_households
  - zones_population
  - zones_employment
  - zones_retail_jobs
  - zones_logsum_pop_high_income
  - zones_logsum_pop_mid_income
  - zones_logsum_pop_low_income
  - zones_logsum_job_high_income
  - zones_logsum_job_mid_income
  - zones_logsum_job_low_income
  - zones_transit_jobs_50min
  - zones_transit_jobs_30min
  - nodes_walk_households
  - nodes_walk_midinc_hhs
  - nodes_walk_lowinc_hhs
  - nodes_walk_highinc_hhs
  - nodes_walk_race_2_hhs
  - nodes_walk_race_3_hhs
  - nodes_walk_jobs
  - nodes_walk_retail_jobs
  - nodes_walk_node_r1500_sqft
  - nodes_walk_residential
  - nodes_walk_medical
  - nodes_walk_ave_unit_sqft
  - nodes_walk_housing_cost
sample_size: 47589
