fit_filters:
- residential_units > 0
- sqft_price_res > 1
- sqft_price_res < 650
- hedonic_id == 9982
model_expression:
  left_side: np.log1p(sqft_price_res)
model_type: Regression
name: RegressionModel
predict_filters: hedonic_id == 9982
ytransform: np.exp
coef:
  building_age: -0.0018736287271473187
  building_sqft: -3.546081969905513e-21
  crime_other_rate: -4.831015181890764e-05
  jobs_within_30_min: -7.443628644395228e-07
  land_area: -7.092163939811025e-21
  nodes_walk_ave_unit_sqft: 4.612670956345599e-05
  nodes_walk_households: 0.0007485543595190997
  nodes_walk_housing_cost: -2.6347394113746934e-06
  nodes_walk_industrial: -2.2080707265349506e-05
  nodes_walk_jobs: -0.00011099058289079332
  nodes_walk_medical: -8.677634581455037e-05
  nodes_walk_node_r1500_sqft: 5.885162947776587e-10
  nodes_walk_office: 1.0716157912419664e-06
  nodes_walk_population: -0.00038756107039856753
  nodes_walk_race_2_hhs: 0.00019251568694497902
  nodes_walk_residential: 0.007674032894568784
  nodes_walk_retail: 4.5132129407497766e-05
  parcel_sqft: 2.8310523761181258e-05
  parcels_ave_unit_size: 0.00020830027192698
  parcels_zones_employment: 1.8228919078652928e-05
  parcels_zones_jobs_within_30_min: 3.411085544586397e-07
  parcels_zones_logsum_job_high_income: 1.623773949048993e-06
  parcels_zones_logsum_job_low_income: 6.104207608740654e-08
  parcels_zones_logsum_pop_high_income: -3.969988856161064e-07
  parcels_zones_logsum_pop_low_income: -1.1010685593720013e-07
  parcels_zones_population: -1.889832824713798e-05
  parcels_zones_retail_jobs: 4.863079207693973e-05
  parcels_zones_transit_jobs_30min: 4.4935316159333296e-08
  parcels_zones_transit_jobs_50min: -2.8142863046040274e-06
  residential_sqft: -3.546081969905513e-21
  sqft_per_unit: -0.0002660065305434715
  year_built: 0.000784234034148499
  zones_acres: -2.8485414928429122e-05
  zones_employment: 9.7704854287536e-07
  zones_logsum_job_high_income: 1.4490910616437246e-06
  zones_logsum_job_low_income: 1.2293942907434152e-07
  zones_logsum_pop_high_income: -8.920826737676079e-07
  zones_logsum_pop_low_income: -2.583928989571224e-08
  zones_population: -6.229471207588288e-06
  zones_transit_jobs_30min: 2.771185495710525e-06
  zones_transit_jobs_50min: -1.423476336854802e-06
sample_size: 41053
score: 0.6734571456691076
