fit_filters:
- residential_units > 0
- sqft_price_res > 1
- sqft_price_res < 650
- hedonic_id == 12581
model_expression:
  left_side: np.log1p(sqft_price_res)
model_type: Regression
name: RegressionModel
predict_filters: hedonic_id == 12581
ytransform: np.exp
coef:
  Intercept: -0.2068797175881576
  building_age: -0.0014462333418713874
  building_sqft: -1.0548825363710324e-06
  crime_other_rate: -8.970059861403956e-06
  crime_ucr_rate: -0.00027199201813426864
  jobs_within_30_min: 4.38766393927861e-08
  land_area: 3.03857810719498e-05
  nodes_walk_ave_nonres_sqft_price: 2.1643960671111928e-05
  nodes_walk_ave_unit_sqft: 2.8546054955152322e-06
  nodes_walk_housing_cost: -5.76281646630239e-07
  nodes_walk_jobs: -2.3295133566170208e-06
  nodes_walk_midinc_hhs: 2.883693088170996e-05
  nodes_walk_node_r1500_sqft: -2.6185238525848982e-09
  nodes_walk_race_1_hhs: 0.0001483022029364438
  nodes_walk_residential: 0.005101761491706418
  parcel_sqft: -3.9957990918469664e-08
  parcels_total_sqft: -5.86906414344361e-06
  parcels_zones_jobs_within_30_min: 6.147540316764575e-08
  residential_sqft: -4.199768554151507e-05
  sqft_per_unit: 5.4708152438685344e-05
  year_built: 0.0023042410237595944
  zones_acres: -1.7346212693634174e-06
  zones_employment: -1.730189546858195e-06
  zones_households: 0.00010809483439236236
  zones_logsum_job_high_income: -3.539437770966819e-08
  zones_logsum_job_low_income: 2.1188885407749258e-07
  zones_logsum_pop_high_income: 3.8957849195711395e-08
  zones_logsum_pop_low_income: -3.345030325203351e-07
  zones_population: -4.473629152152715e-05
  zones_transit_jobs_30min: 3.8586779789397065e-07
  zones_transit_jobs_50min: 5.919511095618762e-07
  zones_z_total_jobs: -4.9945078563338105e-06
sample_size: 366413
score: 0.6634680365686303
