fit_filters:
- residential_units > 0
- sqft_price_res > 1
- sqft_price_res < 650
- hedonic_id == 12582
model_expression:
  left_side: np.log1p(sqft_price_res)
model_type: Regression
name: RegressionModel
predict_filters: hedonic_id == 12582
ytransform: np.exp
coef:
  Intercept: 1.7571597447934435
  building_age: -0.0022876402810610885
  building_sqft: -5.789562913423479e-18
  crime_other_rate: -4.911498237745205e-05
  crime_ucr_rate: -6.236145549962674e-05
  jobs_within_30_min: -1.9313730281926414e-07
  land_area: -4.045303860134845e-05
  nodes_walk_ave_unit_sqft: 1.4468423030751292e-05
  nodes_walk_highinc_hhs: 1.9177243582292956e-05
  nodes_walk_households: 4.634404546122279e-05
  nodes_walk_housing_cost: -2.5278400668509027e-06
  nodes_walk_jobs: 7.533769025152709e-05
  nodes_walk_lowinc_hhs: -3.6013934942338652e-06
  nodes_walk_medical: -8.398945234955306e-05
  nodes_walk_midinc_hhs: 8.15813307512781e-05
  nodes_walk_node_r1500_sqft: -1.684415400027538e-08
  nodes_walk_office: -8.004292119095313e-06
  nodes_walk_race_1_hhs: 6.508328615750572e-05
  nodes_walk_race_2_hhs: -0.00023259858302078997
  nodes_walk_race_3_hhs: 0.00046499716527122865
  nodes_walk_residential: 0.006657857826449797
  nodes_walk_retail_jobs: 0.00010482747303046708
  parcel_sqft: 3.670355127721746e-06
  parcels_ave_unit_size: 0.0001318098116249094
  parcels_total_sqft: -3.802805290126232e-05
  parcels_zones_employment: 8.894994492820024e-07
  parcels_zones_households: 3.589821275326865e-05
  parcels_zones_jobs_within_30_min: 1.0433864014825081e-07
  parcels_zones_logsum_job_high_income: 7.615130321411527e-07
  parcels_zones_logsum_job_low_income: 2.7191415375474313e-07
  parcels_zones_logsum_pop_high_income: -3.5115799214914207e-07
  parcels_zones_logsum_pop_low_income: -4.840337186055936e-07
  parcels_zones_population: -4.6775991094211286e-07
  parcels_zones_retail_jobs: 3.8567334609293315e-05
  parcels_zones_transit_jobs_30min: -5.874353940990064e-06
  parcels_zones_transit_jobs_50min: 1.5971504574303971e-09
  parcels_zones_z_total_jobs: 8.769616632086057e-06
  year_built: 0.0010963029028599964
  zones_acres: -2.3905639066529643e-06
  zones_employment: 2.402609747673131e-06
  zones_households: 1.3390008147053756e-06
  zones_logsum_job_high_income: 5.984079566727425e-07
  zones_logsum_job_low_income: 3.369602616011745e-07
  zones_logsum_pop_high_income: -2.321597237204837e-07
  zones_logsum_pop_low_income: -3.8198002487356707e-07
  zones_population: -3.4068364648183662e-06
  zones_retail_jobs: 8.989793190839046e-07
  zones_transit_jobs_30min: -1.8455553537080068e-06
  zones_transit_jobs_50min: 7.855334708011337e-08
  zones_z_total_jobs: 2.9647237897255083e-06
sample_size: 47589
score: 0.7869126913240807
