fit_filters:
- residential_units > 0
- sqft_price_res > 1
- sqft_price_res < 650
- hedonic_id == 11583
model_type: regression
name: RegressionModel
predict_filters: hedonic_id == 11583
target_variable: np.log1p(sqft_price_res)
ytransform: np.exp
fit_parameters:
  Coefficient:
    Intercept: 5.102034947792429
    crime_other_rate: 0.00016779957865330157
    crime_ucr_rate: -0.0005282772402542953
    jobs_within_30_min: -1.4585416003991056e-06
    land_area: -1.316288364102545e-05
    nodes_walk_ave_unit_sqft: -4.0576945986123486e-05
    nodes_walk_highinc_hhs: 0.0021408850386254604
    nodes_walk_households: 0.0014411909641784291
    nodes_walk_housing_cost: 4.105749298683523e-06
    nodes_walk_jobs: 0.00017291010829239225
    nodes_walk_lowinc_hhs: -0.00016830410025212212
    nodes_walk_medical: 0.0002483353846512126
    nodes_walk_node_r1500_sqft: 2.957299314366218e-09
    nodes_walk_population: -0.00077848640787425
    nodes_walk_race_2_hhs: -0.000705406736726329
    nodes_walk_retail: -0.0005775540920308512
    nodes_walk_retail_jobs: -0.0013706102172777214
    parcel_sqft: -8.616252954509442e-07
    parcels_ave_unit_size: -0.00011166678186250066
    parcels_parcel_size: 1.3594125373587874e-06
    parcels_pct_undev: 0.002553754272047439
    parcels_total_job_spaces: -0.006787030255109788
    parcels_total_sqft: 1.0300727294744964e-06
    parcels_zones_jobs_within_30_min: 5.632482085050406e-07
    residential_sqft: -1.2771447073198061e-05
    sqft_per_unit: -0.00023633163588977597
    zones_acres: -6.527054354254369e-06
    zones_employment: 0.0001409668075248084
    zones_logsum_job_high_income: -1.0952505008040736e-05
    zones_logsum_job_low_income: 7.541635570384665e-06
    zones_logsum_job_mid_income: 3.3152114681027478e-06
    zones_logsum_pop_high_income: 1.6438747081860146e-06
    zones_logsum_pop_low_income: -3.6831985159136376e-06
    zones_logsum_pop_mid_income: 4.3447107653811895e-06
    zones_population: -2.8310209923279516e-05
    zones_retail_jobs: -0.0003077804091461393
    zones_transit_jobs_30min: 6.428788352932376e-05
    zones_transit_jobs_50min: -1.952891947190046e-05
    zones_z_total_jobs: 4.060580698925752e-05
fit_rsquared: 0.44033056446339547
fit_rsquared_adj: 0.44033056446339547
fitted: true
model_expression:
  left_side: np.log1p(sqft_price_res)
  right_side:
  - sqft_per_unit
  - land_area
  - residential_sqft
  - jobs_within_30_min
  - parcel_sqft
  - crime_ucr_rate
  - crime_other_rate
  - parcels_pct_undev
  - parcels_parcel_size
  - parcels_ave_unit_size
  - parcels_total_job_spaces
  - parcels_total_sqft
  - parcels_zones_jobs_within_30_min
  - zones_acres
  - zones_population
  - zones_employment
  - zones_retail_jobs
  - zones_logsum_pop_high_income
  - zones_logsum_pop_mid_income
  - zones_logsum_pop_low_income
  - zones_logsum_job_high_income
  - zones_logsum_job_mid_income
  - zones_logsum_job_low_income
  - zones_z_total_jobs
  - zones_transit_jobs_50min
  - zones_transit_jobs_30min
  - nodes_walk_population
  - nodes_walk_households
  - nodes_walk_lowinc_hhs
  - nodes_walk_highinc_hhs
  - nodes_walk_race_2_hhs
  - nodes_walk_jobs
  - nodes_walk_retail_jobs
  - nodes_walk_node_r1500_sqft
  - nodes_walk_retail
  - nodes_walk_medical
  - nodes_walk_ave_unit_sqft
  - nodes_walk_housing_cost
sample_size: 523
