fit_filters:
- residential_units > 0
- sqft_price_res > 1
- sqft_price_res < 650
- hedonic_id == 582
model_expression:
  left_side: np.log1p(sqft_price_res)
model_type: Regression
name: RegressionModel
predict_filters: hedonic_id == 582
ytransform: np.exp
coef:
  Intercept: -4.066388848153638
  building_age: -0.0017879278189298425
  building_sqft: -7.003211935928641e-21
  crime_other_rate: 8.93445621116416e-05
  crime_ucr_rate: -0.00016462808897481506
  jobs_within_30_min: -1.6419059578236358e-06
  land_area: -0.00035469124908454425
  nodes_walk_ave_nonres_sqft_price: 8.346653234084288e-05
  nodes_walk_ave_unit_sqft: -0.00019371857190487207
  nodes_walk_hhs_with_children: 0.00019968380569454372
  nodes_walk_highinc_hhs: 0.0013597495356059298
  nodes_walk_households: -0.00017737382351872255
  nodes_walk_housing_cost: 1.5050478812565592e-05
  nodes_walk_jobs: 5.403148330010544e-06
  nodes_walk_medical: 0.0008800226431477438
  nodes_walk_midinc_hhs: -0.00019104478517678838
  nodes_walk_node_r1500_sqft: -1.873507338784729e-07
  nodes_walk_office: 0.0007438713040241004
  nodes_walk_population: 0.000396352427906878
  nodes_walk_race_1_hhs: 8.592917306038473e-05
  nodes_walk_race_3_hhs: -0.0012051344804064731
  nodes_walk_race_4_hhs: -0.0007949304843517279
  nodes_walk_residential: 0.0028468253256568026
  nodes_walk_retail: -8.975533776571917e-05
  nodes_walk_retail_jobs: 0.0007709643021989646
  parcel_sqft: 4.6762178926355446e-05
  parcels_total_sqft: -4.617537525486351e-05
  parcels_zones_employment: -3.1290623586973206e-06
  parcels_zones_households: 8.365003767459428e-06
  parcels_zones_jobs_within_30_min: -2.1631938651329775e-08
  parcels_zones_logsum_job_high_income: 1.0039747967499864e-05
  parcels_zones_logsum_job_low_income: 3.417838792074839e-08
  parcels_zones_logsum_pop_high_income: -3.5957384819357417e-06
  parcels_zones_logsum_pop_low_income: 9.627670299668951e-08
  parcels_zones_population: -8.320321822036814e-05
  parcels_zones_transit_jobs_30min: 1.8978109892659105e-06
  parcels_zones_transit_jobs_50min: 5.67049177448944e-07
  residential_sqft: -4.6632704350538685e-07
  sqft_per_unit: 5.472186762351117e-05
  year_built: 0.0039977854266480956
  zones_acres: 0.0012174729960480488
  zones_employment: -1.223643198308411e-05
  zones_households: 3.691654742005847e-05
  zones_logsum_job_high_income: 1.0199180981880465e-05
  zones_logsum_job_low_income: -3.5334772205553904e-08
  zones_logsum_pop_high_income: -7.347607169015463e-06
  zones_logsum_pop_low_income: -6.571514965068223e-08
  zones_population: -4.23025567235742e-09
  zones_retail_jobs: 3.260333694543335e-05
  zones_transit_jobs_30min: 1.0249663490726315e-06
  zones_transit_jobs_50min: -2.233999049816804e-07
  zones_z_total_jobs: -2.628785958390689e-05
sample_size: 5386
score: 0.6727234968550191
