fit_filters:
- residential_units > 0
- sqft_price_res > 1
- sqft_price_res < 650
- hedonic_id == 12583
model_expression:
  left_side: np.log1p(sqft_price_res)
model_type: Regression
name: RegressionModel
predict_filters: hedonic_id == 12583
ytransform: np.exp
coef:
  b_total_jobs: 0.0011264714893385278
  building_age: -0.0001504186432912595
  building_sqft: -8.111378809301006e-06
  crime_other_rate: 7.73445759614656e-05
  crime_ucr_rate: -0.00047628412693970804
  jobs_home_based: 2.0386171726330697e-18
  jobs_within_30_min: 8.128976651988098e-08
  land_area: -1.0816951641627902e-05
  nodes_walk_households: 0.0004338286770456533
  nodes_walk_housing_cost: 4.649679591253615e-06
  nodes_walk_jobs: 6.928728159987904e-05
  nodes_walk_midinc_hhs: 0.000259879146032367
  nodes_walk_node_r1500_sqft: -1.339078108500642e-08
  nodes_walk_office: -5.75255031788757e-05
  nodes_walk_population: -2.7413871345000584e-05
  nodes_walk_race_2_hhs: -0.0010390942902077111
  nodes_walk_race_3_hhs: 1.991597664195204e-05
  nodes_walk_retail_jobs: -0.000690447630864242
  parcel_sqft: 8.362865557198156e-07
  parcels_ave_unit_size: -0.00013089490636281604
  parcels_landvalue: 2.6318879455622344e-08
  parcels_total_sqft: 2.3712516352503035e-05
  parcels_total_units: -1.627402313035506e-05
  parcels_zones_employment: 6.75720780764571e-07
  parcels_zones_households: 8.92571459785754e-05
  parcels_zones_jobs_within_30_min: -1.8801392607190773e-07
  parcels_zones_logsum_job_high_income: -2.4399826784957087e-06
  parcels_zones_logsum_job_low_income: 3.7787179582244833e-07
  parcels_zones_logsum_pop_high_income: 1.809141418037664e-06
  parcels_zones_logsum_pop_low_income: -5.073272209118218e-07
  parcels_zones_population: -2.6081040450023458e-05
  parcels_zones_retail_jobs: -0.00020801452114878826
  parcels_zones_transit_jobs_30min: 4.133256547534271e-06
  parcels_zones_transit_jobs_50min: 3.62502315193061e-07
  residential_sqft: -1.9782720269454907e-05
  sqft_per_unit: -0.00016152992066905403
  vacant_job_spaces: -0.0013396819827966246
  zones_acres: 6.677827301344967e-05
  zones_households: 4.5564316061014755e-05
  zones_logsum_job_high_income: -2.4354034544707102e-06
  zones_logsum_job_low_income: 3.5694583210316295e-07
  zones_logsum_pop_high_income: 1.7087728329784465e-06
  zones_logsum_pop_low_income: -5.101518162375379e-07
  zones_population: -2.212784086950585e-05
  zones_retail_jobs: -0.00010707856670989537
  zones_transit_jobs_30min: 1.927053448228565e-06
  zones_transit_jobs_50min: 1.804754389155232e-07
sample_size: 904
score: 0.5264742226469042
