fit_filters:
- residential_units > 0
- sqft_price_res > 1
- sqft_price_res < 650
- hedonic_id == 9981
model_expression:
  left_side: np.log1p(sqft_price_res)
model_type: Regression
name: RegressionModel
predict_filters: hedonic_id == 9981
ytransform: np.exp
coef:
  Intercept: 0.3668647367562494
  building_age: -0.0019056827270320681
  crime_other_rate: -9.85182221609795e-06
  crime_ucr_rate: 0.00015907307273846453
  jobs_within_30_min: 8.156930033933404e-08
  land_area: 2.9290907684105882e-05
  nodes_walk_ave_nonres_sqft_price: 3.838800798667095e-05
  nodes_walk_housing_cost: 2.2406411410488563e-07
  nodes_walk_jobs: 4.977980583750902e-06
  nodes_walk_medical: 6.42862580741602e-05
  nodes_walk_node_r1500_sqft: -3.40607463656728e-09
  nodes_walk_population: -6.846275198022654e-05
  nodes_walk_race_1_hhs: 0.00034515976684022765
  nodes_walk_residential: 0.006028868954107789
  parcel_sqft: 3.4020081728984936e-08
  parcels_total_sqft: -4.6345725408256254e-05
  parcels_zones_employment: -1.4624562673328766e-07
  parcels_zones_households: 4.988669167244742e-05
  parcels_zones_jobs_within_30_min: -3.2333725587089195e-08
  parcels_zones_logsum_job_high_income: -3.2604509762847943e-07
  parcels_zones_logsum_job_low_income: 7.12274738890285e-08
  parcels_zones_logsum_pop_high_income: 1.8961910194604633e-07
  parcels_zones_logsum_pop_low_income: -1.04337129354661e-07
  parcels_zones_population: -2.0564271866105174e-05
  parcels_zones_retail_jobs: -1.2895098785486223e-05
  parcels_zones_transit_jobs_30min: 2.3230890727830474e-07
  parcels_zones_transit_jobs_50min: -3.1440138419533003e-07
  residential_sqft: -1.1263389427095616e-05
  year_built: 0.0019110656162782955
  zones_acres: -3.879005684329619e-06
  zones_households: 5.11248328630375e-05
  zones_logsum_job_high_income: -3.755809741513501e-07
  zones_logsum_job_low_income: 8.72600398285561e-08
  zones_logsum_pop_high_income: 2.6678639710452405e-07
  zones_logsum_pop_low_income: -7.83002156086456e-08
  zones_population: -2.0088905837478087e-05
  zones_transit_jobs_50min: -1.9604585271291735e-07
sample_size: 247463
score: 0.6412285208098758
