fit_filters:
- residential_units > 0
- sqft_price_res > 1
- sqft_price_res < 650
- hedonic_id == 16183
model_type: regression
name: RegressionModel
predict_filters: hedonic_id == 16183
target_variable: np.log1p(sqft_price_res)
ytransform: np.exp
fit_parameters:
  Coefficient:
    Intercept: 2.732213254821082
    b_total_households: 0.0005783539101966895
    building_age: 0.0007852805567251161
    building_sqft: 5.738334896617424e-06
    crime_other_rate: 0.0003212008899755886
    crime_ucr_rate: -0.0010354806926126735
    jobs_within_30_min: -6.247974439731215e-06
    land_area: -2.4205055574516753e-06
    nodes_walk_ave_unit_sqft: -7.393224722053424e-06
    nodes_walk_highinc_hhs: 0.0009437026681740473
    nodes_walk_housing_cost: 7.796658951672971e-06
    nodes_walk_industrial: -4.3443652540687985e-05
    nodes_walk_jobs: -1.838007281668459e-05
    nodes_walk_medical: 0.00042815418293750665
    nodes_walk_node_r1500_sqft: -2.3836538617265228e-09
    nodes_walk_office: 2.0032906170003835e-05
    nodes_walk_population: -7.949252675299355e-05
    nodes_walk_race_1_hhs: 0.0002891283777202524
    nodes_walk_race_3_hhs: -0.0005951943357038328
    nodes_walk_residential: 0.001161342163385124
    parcel_sqft: 1.016105585134727e-06
    parcels_ave_unit_size: -0.0003684589162604619
    parcels_parcel_size: -2.0410421619137215e-06
    parcels_pct_undev: -0.0033130349781964894
    parcels_total_sqft: 4.498252325650561e-07
    parcels_total_units: -0.0006714236855050906
    parcels_zones_jobs_within_30_min: -1.832963959179761e-07
    residential_sqft: -7.39576602496562e-06
    sqft_per_unit: -3.67474573948431e-05
    year_built: -1.0314982756481304e-05
    zones_acres: -0.00015266608940022708
    zones_employment: -8.477645642352195e-05
    zones_households: 0.0006269180934197361
    zones_logsum_job_high_income: -3.98059622633224e-06
    zones_logsum_job_low_income: 1.1364934614464812e-07
    zones_logsum_job_mid_income: -9.850058325022677e-08
    zones_logsum_pop_high_income: 6.000297527319378e-06
    zones_logsum_pop_low_income: -1.346819050544076e-07
    zones_logsum_pop_mid_income: 1.225959882796286e-07
    zones_population: -0.00031746086372600363
    zones_retail_jobs: 0.0015456215249888274
    zones_transit_jobs_30min: 1.5478902314333294e-05
    zones_transit_jobs_50min: -3.338732720502787e-06
    zones_z_total_jobs: -2.1384683623615596e-06
fit_rsquared: 0.6738452707987521
fit_rsquared_adj: 0.6738452707987521
fitted: true
model_expression:
  left_side: np.log1p(sqft_price_res)
  right_side:
  - year_built
  - sqft_per_unit
  - land_area
  - residential_sqft
  - building_sqft
  - jobs_within_30_min
  - parcel_sqft
  - crime_ucr_rate
  - crime_other_rate
  - building_age
  - b_total_households
  - parcels_pct_undev
  - parcels_parcel_size
  - parcels_ave_unit_size
  - parcels_total_units
  - parcels_total_sqft
  - parcels_zones_jobs_within_30_min
  - zones_acres
  - zones_households
  - zones_population
  - zones_employment
  - zones_retail_jobs
  - zones_logsum_pop_high_income
  - zones_logsum_pop_mid_income
  - zones_logsum_pop_low_income
  - zones_logsum_job_high_income
  - zones_logsum_job_mid_income
  - zones_logsum_job_low_income
  - zones_z_total_jobs
  - zones_transit_jobs_50min
  - zones_transit_jobs_30min
  - nodes_walk_population
  - nodes_walk_highinc_hhs
  - nodes_walk_race_1_hhs
  - nodes_walk_race_3_hhs
  - nodes_walk_jobs
  - nodes_walk_node_r1500_sqft
  - nodes_walk_residential
  - nodes_walk_office
  - nodes_walk_industrial
  - nodes_walk_medical
  - nodes_walk_ave_unit_sqft
  - nodes_walk_housing_cost
sample_size: 3023
