fit_filters:
- residential_units > 0
- sqft_price_res > 1
- sqft_price_res < 650
- hedonic_id == 16182
model_expression:
  left_side: np.log1p(sqft_price_res)
model_type: Regression
name: RegressionModel
predict_filters: hedonic_id == 16182
ytransform: np.exp
coef:
  building_age: -0.0009108724982522363
  crime_other_rate: -1.229527886286984e-05
  crime_ucr_rate: -0.0001367764465950218
  jobs_within_30_min: -7.996931885542947e-07
  land_area: 1.640729560470735e-07
  nodes_walk_ave_unit_sqft: -1.1840293873680492e-05
  nodes_walk_housing_cost: 4.5062897849110785e-06
  nodes_walk_jobs: 8.598463091909808e-05
  nodes_walk_lowinc_hhs: -0.00047409429508147774
  nodes_walk_midinc_hhs: 0.0001932772641250402
  nodes_walk_node_r1500_sqft: 7.107279054851956e-10
  nodes_walk_population: -4.9390199404163516e-05
  nodes_walk_race_2_hhs: -0.0009481367892076266
  nodes_walk_race_3_hhs: 0.0004900593512318524
  nodes_walk_residential: 0.0027702736072439996
  nodes_walk_retail: -7.18560697522537e-05
  parcel_sqft: 6.767117397240871e-06
  parcels_ave_unit_size: -0.0001351667137288496
  parcels_zones_jobs_within_30_min: 9.252070787330548e-08
  parcels_zones_logsum_job_high_income: 4.139900942993579e-06
  parcels_zones_logsum_job_low_income: -2.0304124141697714e-08
  parcels_zones_logsum_pop_high_income: -2.1421079805484788e-06
  parcels_zones_logsum_pop_low_income: 4.927084538959356e-08
  parcels_zones_population: 2.2488445887466823e-05
  parcels_zones_retail_jobs: 4.207854107754189e-05
  parcels_zones_transit_jobs_30min: -1.5692114011208566e-07
  parcels_zones_transit_jobs_50min: -7.001770423494326e-07
  parcels_zones_z_total_jobs: -3.113080944559322e-06
  residential_sqft: 1.5324676947297468e-07
  sqft_per_unit: -0.00010191642239799609
  year_built: 0.0005272122431872313
  zones_acres: 9.689367942765306e-06
  zones_logsum_job_high_income: 4.148188079560775e-06
  zones_logsum_job_low_income: -2.4557706381659122e-08
  zones_logsum_pop_high_income: -2.345616147856371e-06
  zones_logsum_pop_low_income: 3.2403523979930716e-08
  zones_population: 8.726728106041588e-06
  zones_transit_jobs_30min: -9.601331971789068e-08
  zones_transit_jobs_50min: -6.75281986708876e-07
  zones_z_total_jobs: -4.013553786713936e-06
sample_size: 11789
score: 0.6417835381611932
