fit_filters:
- residential_units > 0
- sqft_price_res > 1
- sqft_price_res < 650
- hedonic_id == 9981
model_type: regression
name: RegressionModel
predict_filters: hedonic_id == 9981
target_variable: np.log1p(sqft_price_res)
ytransform: np.exp
fit_parameters:
  Coefficient:
    Intercept: 0.36584284660980515
    building_age: -0.0019231210975240798
    building_sqft: -3.390051830911275e-18
    crime_other_rate: -1.1018380618644445e-05
    crime_ucr_rate: 0.00016498726230328097
    jobs_within_30_min: 8.109620965947482e-08
    land_area: 2.7884430093900045e-05
    nodes_walk_ave_nonres_sqft_price: 4.040196423447512e-05
    nodes_walk_housing_cost: 2.407641460272689e-07
    nodes_walk_jobs: 4.0940752443347846e-06
    nodes_walk_medical: 5.84972247843244e-05
    nodes_walk_node_r1500_sqft: -3.2808692663544855e-09
    nodes_walk_population: -6.29140043382648e-05
    nodes_walk_race_1_hhs: 0.00031834350500683524
    nodes_walk_residential: 0.006003944289350241
    parcel_sqft: 5.728179743092808e-08
    parcels_parcel_size: -2.7258037413910263e-08
    parcels_pct_undev: 0.00011168043361532584
    parcels_total_sqft: -4.6330672281028303e-05
    parcels_zones_jobs_within_30_min: -3.2320908093791e-08
    residential_sqft: -1.1166484316444882e-05
    year_built: 0.001918036246800829
    zones_acres: -3.911458918052719e-06
    zones_employment: -2.445074763576326e-07
    zones_households: 9.389676766683731e-05
    zones_logsum_job_high_income: -4.889440646884663e-07
    zones_logsum_job_low_income: 5.358393282161228e-08
    zones_logsum_job_mid_income: 4.060874719075388e-08
    zones_logsum_pop_high_income: 3.1162396340951106e-07
    zones_logsum_pop_low_income: -1.644587364309157e-07
    zones_logsum_pop_mid_income: 1.2034570834083253e-08
    zones_population: -3.793140426800692e-05
    zones_retail_jobs: -9.150923059685044e-06
    zones_transit_jobs_30min: -5.5356734675673965e-08
    zones_transit_jobs_50min: -5.460040318292141e-07
fit_rsquared: 0.6421403947809545
fitted: true
sample_size: 247463
