fit_filters:
- residential_units > 0
- sqft_price_res > 1
- sqft_price_res < 650
- hedonic_id == 12581
model_type: regression
name: RegressionModel
predict_filters: hedonic_id == 12581
target_variable: np.log1p(sqft_price_res)
ytransform: np.exp
fit_parameters:
  Coefficient:
    Intercept: 0.00552880703249059
    building_age: -0.0015305617091452893
    building_sqft: -1.047580101743209e-06
    crime_other_rate: -6.23868105072056e-06
    crime_ucr_rate: -0.00026471816984108883
    jobs_within_30_min: 6.770427584011102e-08
    land_area: 3.0931142280972525e-05
    nodes_walk_ave_nonres_sqft_price: 1.638825235807867e-05
    nodes_walk_ave_unit_sqft: 3.100272057358949e-06
    nodes_walk_housing_cost: -5.651657041337537e-07
    nodes_walk_jobs: -3.5205099144403396e-06
    nodes_walk_midinc_hhs: 6.606444108002619e-05
    nodes_walk_node_r1500_sqft: -2.3201459077478406e-09
    nodes_walk_race_1_hhs: 0.00011406883931734495
    nodes_walk_residential: 0.005091898925663742
    parcel_sqft: 3.4193848015683496e-08
    parcels_parcel_size: -1.3940468501364403e-07
    parcels_total_sqft: -5.87033464533515e-06
    parcels_zones_jobs_within_30_min: 5.923238278000699e-08
    residential_sqft: -3.967070654904776e-05
    sqft_per_unit: 5.240798817810964e-05
    year_built: 0.0022034439971553308
    zones_acres: -1.333664777983546e-06
    zones_employment: -2.216173603077306e-06
    zones_households: 0.00011261076223203966
    zones_logsum_job_high_income: -9.437677823738709e-09
    zones_logsum_job_low_income: -1.0080807700347731e-07
    zones_logsum_job_mid_income: 1.02257511606331e-07
    zones_logsum_pop_high_income: 8.307099288001032e-09
    zones_logsum_pop_low_income: -1.1644818900499922e-07
    zones_logsum_pop_mid_income: -7.302467036602193e-08
    zones_population: -4.670418345447768e-05
    zones_transit_jobs_30min: 4.34587352990737e-07
    zones_transit_jobs_50min: 4.4933634625874687e-07
    zones_z_total_jobs: -4.309224622951044e-06
fit_rsquared: 0.6640598580272894
fitted: true
sample_size: 366413
