fit_filters:
- residential_units > 0
- sqft_price_res > 1
- sqft_price_res < 650
- hedonic_id == 12582
model_expression:
  left_side: np.log1p(sqft_price_res)
model_type: Regression
name: RegressionModel
predict_filters: hedonic_id == 12582
ytransform: np.exp
coef:
  building_age: -0.002292448370523401
  building_sqft: -5.62045168322372e-18
  crime_other_rate: -4.920231899017358e-05
  crime_ucr_rate: -6.235003598053463e-05
  jobs_within_30_min: -1.9255067639743768e-07
  land_area: -4.106814597108733e-05
  nodes_walk_ave_unit_sqft: 1.4513649795260838e-05
  nodes_walk_highinc_hhs: 2.01597621962318e-05
  nodes_walk_households: 5.46308598470111e-05
  nodes_walk_housing_cost: -2.491254678829541e-06
  nodes_walk_jobs: 7.52646566714751e-05
  nodes_walk_lowinc_hhs: -1.1305816102322774e-05
  nodes_walk_medical: -8.420152435755231e-05
  nodes_walk_midinc_hhs: 7.716395619172945e-05
  nodes_walk_node_r1500_sqft: -1.6904847835886274e-08
  nodes_walk_office: -6.370482077582231e-06
  nodes_walk_race_1_hhs: 6.185699406354296e-05
  nodes_walk_race_2_hhs: -0.00023767419253202318
  nodes_walk_race_3_hhs: 0.0004590938665630537
  nodes_walk_residential: 0.006641656204109005
  nodes_walk_retail_jobs: 0.00010351981585339928
  parcel_sqft: 3.7024386674709504e-06
  parcels_ave_unit_size: 0.00013131814152942683
  parcels_parcel_size: -4.3440957409187694e-05
  parcels_total_sqft: -3.801284350315834e-05
  parcels_zones_employment: 9.392702002052455e-07
  parcels_zones_households: 3.612937437260595e-05
  parcels_zones_jobs_within_30_min: 1.0450363146632783e-07
  parcels_zones_logsum_job_high_income: 7.650783373048153e-07
  parcels_zones_logsum_job_low_income: 2.7222838863750037e-07
  parcels_zones_logsum_pop_high_income: -3.541431560727756e-07
  parcels_zones_logsum_pop_low_income: -4.838678596746192e-07
  parcels_zones_population: -4.651788512335819e-07
  parcels_zones_retail_jobs: 3.8588441677504416e-05
  parcels_zones_transit_jobs_30min: -5.863892983543929e-06
  parcels_zones_transit_jobs_50min: 1.553168158569579e-09
  parcels_zones_z_total_jobs: 8.769955705220392e-06
  year_built: 0.0011045474972476248
  zones_acres: -2.5441490175273777e-06
  zones_employment: 2.3885495608941173e-06
  zones_households: 1.3295169500919903e-06
  zones_logsum_job_high_income: 6.022845884507322e-07
  zones_logsum_job_low_income: 3.370923047980946e-07
  zones_logsum_pop_high_income: -2.3520815064642753e-07
  zones_logsum_pop_low_income: -3.820422688210271e-07
  zones_population: -3.4593332802448295e-06
  zones_retail_jobs: 8.476990938701584e-07
  zones_transit_jobs_30min: -1.8392259417254611e-06
  zones_transit_jobs_50min: 7.765016539459813e-08
  zones_z_total_jobs: 2.9745322493351553e-06
sample_size: 47589
score: 0.7871536482657141
