fit_filters:
- residential_units > 0
- sqft_price_res > 1
- sqft_price_res < 650
- hedonic_id == 581
model_expression:
  left_side: np.log1p(sqft_price_res)
model_type: Regression
name: RegressionModel
predict_filters: hedonic_id == 581
ytransform: np.exp
coef:
  Intercept: -7.222265555249313
  building_age: -0.0008161867282299791
  crime_other_rate: 2.000200270070689e-05
  crime_ucr_rate: -4.6681110607941225e-05
  jobs_within_30_min: -1.5625722366322149e-07
  land_area: 3.535946560449954e-05
  nodes_walk_ave_unit_sqft: 6.130771121090323e-06
  nodes_walk_housing_cost: 2.069950256237812e-05
  nodes_walk_jobs: 2.5782242784069726e-05
  nodes_walk_lowinc_hhs: -0.0005297316462940137
  nodes_walk_midinc_hhs: 7.111298205047205e-05
  nodes_walk_node_r1500_sqft: -1.0740593840711878e-09
  nodes_walk_population: 7.003558089158859e-05
  nodes_walk_race_2_hhs: 0.00028547926344739595
  nodes_walk_race_4_hhs: 7.011235745015195e-05
  nodes_walk_residential: 0.00396384604352149
  parcel_sqft: 1.9992522315287512e-05
  parcels_ave_unit_size: 5.46531689080518e-06
  parcels_total_sqft: -0.0001392432951731583
  parcels_zones_jobs_within_30_min: 4.0167630047239576e-09
  residential_sqft: -7.917719215015595e-05
  sqft_per_unit: 1.7031058865008164e-05
  year_built: 0.005227403968767755
  zones_acres: -8.710372232558225e-05
  zones_employment: 2.493848055095974e-05
  zones_households: -4.024539216785386e-05
  zones_logsum_job_high_income: -1.0246605991977202e-06
  zones_logsum_job_low_income: -1.737098430003626e-08
  zones_logsum_pop_high_income: 8.805537100910468e-07
  zones_logsum_pop_low_income: -1.778207640195864e-08
  zones_population: 6.904102119110667e-05
  zones_retail_jobs: 0.00018515457090364414
  zones_transit_jobs_30min: 8.238532617942933e-08
  zones_transit_jobs_50min: 8.149789688789174e-07
sample_size: 187885
score: 0.4798282279699979
