fit_filters:
- residential_units > 0
- sqft_price_res > 1
- sqft_price_res < 650
- hedonic_id == 9381
model_expression:
  left_side: np.log1p(sqft_price_res)
model_type: Regression
name: RegressionModel
predict_filters: hedonic_id == 9381
ytransform: np.exp
coef:
  building_age: -0.0005235468314426152
  building_sqft: -1.1061114958243188e-22
  crime_other_rate: 1.9381879684297942e-05
  crime_ucr_rate: 2.9314334511290667e-05
  jobs_within_30_min: 1.437135497875302e-07
  land_area: 2.8262617016911473e-05
  nodes_walk_ave_unit_sqft: -5.91531277780501e-06
  nodes_walk_housing_cost: 3.1542631316132165e-06
  nodes_walk_jobs: 0.00012420087682853787
  nodes_walk_node_r1500_sqft: -1.1763657302273172e-09
  nodes_walk_population: -8.260789226781079e-05
  nodes_walk_residential: 0.003358948813201327
  parcel_sqft: -1.1083938180634207e-08
  parcels_ave_unit_size: -9.472057219977876e-05
  parcels_zones_employment: 5.7754585015527366e-06
  parcels_zones_jobs_within_30_min: 1.145628985503265e-07
  parcels_zones_logsum_job_high_income: -9.686921899038063e-07
  parcels_zones_logsum_job_low_income: -2.4393574803635057e-06
  parcels_zones_logsum_pop_high_income: 5.183327281216545e-07
  parcels_zones_logsum_pop_low_income: 1.767840695393525e-06
  parcels_zones_population: 5.242044194143983e-06
  parcels_zones_retail_jobs: -1.1890819194028545e-05
  parcels_zones_z_total_jobs: 7.868108807355226e-06
  residential_sqft: -5.187276724180395e-05
  year_built: 0.002774247628965254
  zones_acres: -8.522790263712754e-06
  zones_employment: 8.224081468115835e-07
  zones_logsum_job_high_income: -9.686198052610453e-07
  zones_logsum_job_low_income: -2.423658656312025e-06
  zones_logsum_pop_high_income: 4.397499043677856e-07
  zones_logsum_pop_low_income: 1.7681674097951402e-06
  zones_population: 1.7671258243452088e-07
  zones_retail_jobs: -2.3844020928466067e-05
  zones_z_total_jobs: 3.159175637677009e-06
sample_size: 60677
score: 0.28692084767120163
