fit_filters:
- residential_units > 0
- sqft_price_res > 1
- sqft_price_res < 650
- hedonic_id == 582
model_expression:
  left_side: np.log1p(sqft_price_res)
model_type: Regression
name: RegressionModel
predict_filters: hedonic_id == 582
ytransform: np.exp
coef:
  building_age: -0.0013204779701006572
  crime_other_rate: 9.137896648192736e-05
  crime_ucr_rate: -0.00017130425305645892
  jobs_within_30_min: -1.6618284261930086e-06
  land_area: -0.00029158202857372414
  nodes_walk_ave_unit_sqft: -0.00020226934482617134
  nodes_walk_hhs_with_children: 0.0001895730062820275
  nodes_walk_highinc_hhs: 0.0013579382828486184
  nodes_walk_households: -0.0001869724041577475
  nodes_walk_housing_cost: 1.5147106224800383e-05
  nodes_walk_jobs: 9.253358792959938e-06
  nodes_walk_medical: 0.0006841424691660232
  nodes_walk_midinc_hhs: -0.00028960998070950175
  nodes_walk_node_r1500_sqft: -1.8457935639493864e-07
  nodes_walk_office: 0.0007821336062609452
  nodes_walk_population: 0.00041643041558051864
  nodes_walk_race_1_hhs: 4.1047209878465324e-05
  nodes_walk_race_3_hhs: -0.0009320310124513864
  nodes_walk_race_4_hhs: -0.0008210101180595117
  nodes_walk_residential: 0.0029024134030754
  nodes_walk_retail: -1.0466562928330065e-05
  nodes_walk_retail_jobs: 0.0008963534837170499
  parcel_sqft: 4.306635890176273e-05
  parcels_total_sqft: -0.00011039801545809931
  parcels_zones_employment: -2.5892082186687076e-06
  parcels_zones_households: 1.0699673406530756e-05
  parcels_zones_jobs_within_30_min: 3.5074416482815485e-10
  parcels_zones_logsum_job_high_income: 1.0123908176904915e-05
  parcels_zones_logsum_job_low_income: 3.405765316245368e-08
  parcels_zones_logsum_pop_high_income: -3.7034283723108365e-06
  parcels_zones_logsum_pop_low_income: 1.0181449049814358e-07
  parcels_zones_population: -7.432250551316422e-05
  parcels_zones_transit_jobs_30min: 1.7370211914196527e-06
  parcels_zones_transit_jobs_50min: 5.731075168601907e-07
  residential_sqft: -4.872228017855142e-07
  sqft_per_unit: 5.768393063874732e-05
  year_built: 0.004478602269464153
  zones_acres: 0.001215607093180287
  zones_employment: -5.364259470539843e-06
  zones_households: 2.454384731427339e-05
  zones_logsum_job_high_income: 1.0318350139481431e-05
  zones_logsum_job_low_income: -3.5477521655404016e-08
  zones_logsum_pop_high_income: -7.431816714747803e-06
  zones_logsum_pop_low_income: -6.540806869276452e-08
  zones_population: -5.277945203418935e-09
  zones_transit_jobs_30min: 8.502189803623822e-07
  zones_transit_jobs_50min: -1.9222880271005903e-07
  zones_z_total_jobs: -2.7515193380775236e-05
sample_size: 5357
score: 0.669744552653962
