fit_filters:
- residential_units > 0
- sqft_price_res > 1
- sqft_price_res < 650
- hedonic_id == 382
model_expression:
  left_side: np.log1p(sqft_price_res)
model_type: Regression
name: RegressionModel
predict_filters: hedonic_id == 382
ytransform: np.exp
coef:
  building_age: -0.002474364784632224
  crime_other_rate: -5.592458073428524e-05
  jobs_within_30_min: -3.061048166636584e-07
  land_area: -2.4531972676578942e-05
  nodes_walk_ave_unit_sqft: 5.019539647872255e-06
  nodes_walk_highinc_hhs: -2.5370509015416808e-05
  nodes_walk_housing_cost: -6.310475590291084e-06
  nodes_walk_jobs: 9.933524763944094e-06
  nodes_walk_lowinc_hhs: 0.0002916524160213852
  nodes_walk_node_r1500_sqft: 6.0149186916390546e-09
  nodes_walk_race_1_hhs: -0.00020779671456080116
  nodes_walk_race_2_hhs: 0.00024263769865406256
  nodes_walk_residential: 0.007925256142794265
  nodes_walk_retail_jobs: -0.00021689537543870973
  parcel_sqft: 3.2528918076047094e-06
  parcels_ave_unit_size: 0.00027375253949049605
  parcels_landvalue: 3.765662738615581e-06
  parcels_total_sqft: -6.662758377083823e-05
  parcels_zones_employment: 6.138489547825128e-06
  parcels_zones_jobs_within_30_min: 1.3504426860135654e-07
  parcels_zones_logsum_job_high_income: 1.1435402002945617e-06
  parcels_zones_logsum_job_low_income: 9.206399885997686e-08
  parcels_zones_logsum_pop_high_income: -5.658027166284325e-07
  parcels_zones_logsum_pop_low_income: -8.47746304514685e-08
  parcels_zones_population: -2.9682842977182715e-05
  parcels_zones_retail_jobs: 2.4009512812106486e-05
  parcels_zones_transit_jobs_30min: 1.3229661820193308e-07
  parcels_zones_transit_jobs_50min: 9.391724245766094e-07
  parcels_zones_z_total_jobs: 1.4693563592996394e-06
  sqft_per_unit: -0.00015319621954992723
  year_built: 0.003016892759707195
  zones_employment: 7.995732788766656e-07
  zones_logsum_job_high_income: 1.2093767224490467e-06
  zones_logsum_job_low_income: 6.973375628341145e-08
  zones_logsum_pop_high_income: -7.492635137171027e-07
  zones_logsum_pop_low_income: -1.1632416938912066e-07
  zones_population: -8.355745293561246e-08
  zones_retail_jobs: 1.3783830158400974e-06
  zones_transit_jobs_30min: 1.3406014017796784e-07
  zones_transit_jobs_50min: 8.095116274727609e-07
  zones_z_total_jobs: 1.8027423705544416e-07
sample_size: 19019
score: 0.7832306852608857
