fit_filters:
- residential_units > 0
- sqft_price_res > 1
- sqft_price_res < 650
- hedonic_id == 12583
model_type: regression
name: RegressionModel
predict_filters: hedonic_id == 12583
target_variable: np.log1p(sqft_price_res)
ytransform: np.exp
fit_parameters:
  Coefficient:
    Intercept: 3.3564074275637106
    building_age: -4.843402218912525e-05
    building_sqft: 1.1079019702874848e-07
    crime_other_rate: 0.0002116429438125022
    crime_ucr_rate: -0.0006486000342321222
    jobs_within_30_min: -2.1241599317243994e-07
    land_area: -1.7930986802722443e-06
    nodes_walk_ave_nonres_sqft_price: 0.0006859255476282358
    nodes_walk_ave_unit_sqft: -5.106631979162518e-07
    nodes_walk_highinc_hhs: 0.000546306051071239
    nodes_walk_households: 0.0005169904370642712
    nodes_walk_housing_cost: 5.6614513941125135e-06
    nodes_walk_jobs: 2.3506435576463005e-05
    nodes_walk_lowinc_hhs: 0.00030683350162827294
    nodes_walk_medical: 5.253015020189752e-05
    nodes_walk_midinc_hhs: -0.0001480255918204856
    nodes_walk_node_r1500_sqft: 2.480354898807342e-09
    nodes_walk_office: -0.0009527592698064352
    nodes_walk_population: -0.00026690178157666173
    nodes_walk_race_2_hhs: -0.0006002501438315889
    nodes_walk_race_3_hhs: 3.88487294789481e-05
    nodes_walk_race_4_hhs: 0.000569637489267391
    nodes_walk_retail_jobs: 6.811855910329857e-05
    parcel_sqft: 2.6328880637980733e-07
    parcels_ave_unit_size: -8.908065022104764e-05
    parcels_parcel_size: -4.7541233622086754e-07
    parcels_total_job_spaces: -0.0005944458228520108
    parcels_total_sqft: 2.459343844839124e-07
    parcels_total_units: -0.0005229492746134431
    parcels_zones_jobs_within_30_min: -1.6255277410724537e-07
    residential_sqft: -2.463242950359815e-06
    sqft_per_unit: -0.00017957481208035175
    year_built: 0.0001403120111973989
    zones_acres: -7.872405158986887e-05
    zones_employment: -1.220798544738493e-06
    zones_households: 0.0002609680174231726
    zones_logsum_job_high_income: -2.9772223858620706e-06
    zones_logsum_job_low_income: 1.3926799134420763e-06
    zones_logsum_job_mid_income: -1.792146298799298e-07
    zones_logsum_pop_high_income: 2.613153324647554e-06
    zones_logsum_pop_low_income: -1.94849340175598e-06
    zones_logsum_pop_mid_income: 3.0437941854921207e-07
    zones_population: -0.00012051350830286588
    zones_retail_jobs: -0.00016869544211826944
    zones_transit_jobs_30min: -1.3303471215170166e-05
    zones_transit_jobs_50min: 2.9642942549185702e-06
    zones_z_total_jobs: -1.308657580395219e-05
fit_rsquared: 0.3652995294052688
fitted: true
model_expression:
  left_side: np.log1p(sqft_price_res)
  right_side:
  - year_built
  - sqft_per_unit
  - land_area
  - residential_sqft
  - building_sqft
  - jobs_within_30_min
  - parcel_sqft
  - crime_ucr_rate
  - crime_other_rate
  - building_age
  - parcels_parcel_size
  - parcels_ave_unit_size
  - parcels_total_units
  - parcels_total_job_spaces
  - parcels_total_sqft
  - parcels_zones_jobs_within_30_min
  - zones_acres
  - zones_households
  - zones_population
  - zones_employment
  - zones_retail_jobs
  - zones_logsum_pop_high_income
  - zones_logsum_pop_mid_income
  - zones_logsum_pop_low_income
  - zones_logsum_job_high_income
  - zones_logsum_job_mid_income
  - zones_logsum_job_low_income
  - zones_z_total_jobs
  - zones_transit_jobs_50min
  - zones_transit_jobs_30min
  - nodes_walk_population
  - nodes_walk_households
  - nodes_walk_midinc_hhs
  - nodes_walk_lowinc_hhs
  - nodes_walk_highinc_hhs
  - nodes_walk_race_2_hhs
  - nodes_walk_race_3_hhs
  - nodes_walk_race_4_hhs
  - nodes_walk_jobs
  - nodes_walk_retail_jobs
  - nodes_walk_node_r1500_sqft
  - nodes_walk_ave_nonres_sqft_price
  - nodes_walk_office
  - nodes_walk_medical
  - nodes_walk_ave_unit_sqft
  - nodes_walk_housing_cost
sample_size: 6215
