fit_filters:
- residential_units > 0
- sqft_price_res > 1
- sqft_price_res < 650
- hedonic_id == 12581
model_expression:
  left_side: np.log1p(sqft_price_res)
model_type: Regression
name: RegressionModel
predict_filters: hedonic_id == 12581
ytransform: np.exp
coef:
  building_age: -0.0013499297149671702
  building_sqft: -1.0559766309844463e-06
  crime_other_rate: -9.132241409619274e-06
  crime_ucr_rate: -0.00027192750187265903
  jobs_within_30_min: 4.8799878340452864e-08
  land_area: 3.067399320654758e-05
  nodes_walk_ave_nonres_sqft_price: 2.0277693729913703e-05
  nodes_walk_ave_unit_sqft: 3.1198264537637593e-06
  nodes_walk_housing_cost: -5.856632612349849e-07
  nodes_walk_jobs: -2.585196688021901e-06
  nodes_walk_midinc_hhs: 2.9041437843895497e-05
  nodes_walk_node_r1500_sqft: -2.4774408706371826e-09
  nodes_walk_race_1_hhs: 0.00014572495180822245
  nodes_walk_residential: 0.005106754290920575
  parcel_sqft: 3.4738632395521e-08
  parcels_parcel_size: -1.3864386181735334e-07
  parcels_total_sqft: -5.82703641169312e-06
  parcels_zones_employment: -1.8578730414720142e-06
  parcels_zones_households: 5.0233316775577894e-05
  parcels_zones_jobs_within_30_min: 5.775941244155539e-08
  parcels_zones_logsum_job_high_income: -8.203475456625329e-09
  parcels_zones_logsum_job_low_income: 1.0561476857641934e-07
  parcels_zones_logsum_pop_high_income: -6.269792699156106e-09
  parcels_zones_logsum_pop_low_income: -1.7743770678055737e-07
  parcels_zones_population: -2.291225629425769e-05
  parcels_zones_transit_jobs_30min: 3.040105456994947e-07
  parcels_zones_transit_jobs_50min: 3.4976105540814107e-07
  parcels_zones_z_total_jobs: -4.117478172694929e-06
  residential_sqft: -4.184871736794351e-05
  sqft_per_unit: 5.463635050353157e-05
  year_built: 0.0023868750509252563
  zones_acres: -1.1062716512827484e-06
  zones_employment: -1.2166685267126733e-07
  zones_households: 5.850324701161794e-05
  zones_logsum_job_high_income: -2.493216889902809e-08
  zones_logsum_job_low_income: 1.0585137196005612e-07
  zones_logsum_pop_high_income: 4.217358646058333e-08
  zones_logsum_pop_low_income: -1.5650799992092806e-07
  zones_population: -2.2283334991387304e-05
  zones_transit_jobs_30min: 7.66978253542108e-08
  zones_transit_jobs_50min: 2.4296381128147747e-07
  zones_z_total_jobs: -6.841081749202921e-07
sample_size: 366413
score: 0.6636422291063728
