fit_filters:
- residential_units > 0
- sqft_price_res > 1
- sqft_price_res < 650
- hedonic_id == 582
model_expression:
  left_side: np.log1p(sqft_price_res)
model_type: Regression
name: RegressionModel
predict_filters: hedonic_id == 582
ytransform: np.exp
coef:
  building_age: -0.00131111748487568
  building_sqft: -8.598967653553231e-21
  crime_other_rate: 9.154964491986765e-05
  crime_ucr_rate: -0.00017210568828581878
  jobs_within_30_min: -1.6654508159389616e-06
  land_area: -0.0002908190951047186
  nodes_walk_ave_unit_sqft: -0.00020252084126979174
  nodes_walk_hhs_with_children: 0.00018005159943805337
  nodes_walk_highinc_hhs: 0.001341704494428935
  nodes_walk_households: -0.0001835511880583797
  nodes_walk_housing_cost: 1.5173648065645436e-05
  nodes_walk_jobs: 8.982219545280013e-06
  nodes_walk_medical: 0.0006790624264515614
  nodes_walk_midinc_hhs: -0.00028752114471069324
  nodes_walk_node_r1500_sqft: -1.847224005969119e-07
  nodes_walk_office: 0.0007844718406116502
  nodes_walk_population: 0.00041653428449028754
  nodes_walk_race_1_hhs: 3.521923777888878e-05
  nodes_walk_race_3_hhs: -0.000932522384454303
  nodes_walk_race_4_hhs: -0.0008206527323904295
  nodes_walk_residential: 0.0028872005054446353
  nodes_walk_retail: -7.583262264705576e-06
  nodes_walk_retail_jobs: 0.0008993570902847654
  parcel_sqft: 4.302761297779697e-05
  parcels_total_sqft: -0.00011064692092402573
  parcels_zones_employment: -2.572385173018228e-06
  parcels_zones_households: 9.692307546270795e-06
  parcels_zones_logsum_job_high_income: 1.0136708620943793e-05
  parcels_zones_logsum_job_low_income: 3.3998562797800386e-08
  parcels_zones_logsum_pop_high_income: -3.7082394285309196e-06
  parcels_zones_logsum_pop_low_income: 1.0192663002241239e-07
  parcels_zones_population: -7.426517748076132e-05
  parcels_zones_transit_jobs_30min: 1.74900257119674e-06
  parcels_zones_transit_jobs_50min: 5.67892982693666e-07
  residential_sqft: -4.893144226813214e-07
  sqft_per_unit: 5.701446472307991e-05
  year_built: 0.004488983974296056
  zones_acres: 0.0012153700697274787
  zones_employment: -5.405308802267619e-06
  zones_households: 2.4627151993433667e-05
  zones_logsum_job_high_income: 1.0330807187799363e-05
  zones_logsum_job_low_income: -3.56060407340582e-08
  zones_logsum_pop_high_income: -7.440609636868867e-06
  zones_logsum_pop_low_income: -6.540081161997885e-08
  zones_population: -3.935564868871772e-09
  zones_transit_jobs_30min: 8.580590163762088e-07
  zones_transit_jobs_50min: -1.9761161526863832e-07
  zones_z_total_jobs: -2.7526262534220055e-05
sample_size: 5357
score: 0.6696260989774309
