fit_filters:
- residential_units > 0
- sqft_price_res > 1
- sqft_price_res < 650
- hedonic_id == 11583
model_type: regression
name: RegressionModel
predict_filters: hedonic_id == 11583
target_variable: np.log1p(sqft_price_res)
ytransform: np.exp
fit_parameters:
  Coefficient:
    Intercept: 5.102824166774331
    crime_other_rate: 0.00016820523648411982
    crime_ucr_rate: -0.0005290732472514344
    jobs_within_30_min: -1.4626733129858144e-06
    land_area: -1.3163703441089999e-05
    nodes_walk_ave_unit_sqft: -4.073609471243092e-05
    nodes_walk_highinc_hhs: 0.002096943365331928
    nodes_walk_households: 0.0014384058106052258
    nodes_walk_housing_cost: 4.095481180182339e-06
    nodes_walk_jobs: 0.00017310366368413133
    nodes_walk_lowinc_hhs: -0.0001919167891589386
    nodes_walk_medical: 0.00024857661274067805
    nodes_walk_midinc_hhs: 9.400802127202219e-07
    nodes_walk_node_r1500_sqft: 2.8510991138962306e-09
    nodes_walk_population: -0.000770410515469903
    nodes_walk_race_2_hhs: -0.00070732114902427
    nodes_walk_retail: -0.0005768655188350492
    nodes_walk_retail_jobs: -0.0013729526060502414
    parcel_sqft: -8.622043071316049e-07
    parcels_ave_unit_size: -0.00011145883977117992
    parcels_parcel_size: 1.3601247878356737e-06
    parcels_pct_undev: 0.002551031695317191
    parcels_total_job_spaces: -0.006788512560052576
    parcels_total_sqft: 1.0310855876610396e-06
    parcels_zones_jobs_within_30_min: 5.648523041359933e-07
    residential_sqft: -1.2778368739180703e-05
    sqft_per_unit: -0.00023621845691428707
    zones_acres: -6.441607097692757e-06
    zones_employment: 0.0001407388205116287
    zones_logsum_job_high_income: -1.0994095220462603e-05
    zones_logsum_job_low_income: 7.587129940586398e-06
    zones_logsum_job_mid_income: 3.317701277865695e-06
    zones_logsum_pop_high_income: 1.6604899993831548e-06
    zones_logsum_pop_low_income: -3.7113408802841973e-06
    zones_logsum_pop_mid_income: 4.355297857396576e-06
    zones_population: -2.8341796861506232e-05
    zones_retail_jobs: -0.00030909328712833427
    zones_transit_jobs_30min: 6.480456767861441e-05
    zones_transit_jobs_50min: -1.9638682178656155e-05
    zones_z_total_jobs: 4.0908569843321864e-05
  Std. Error: {}
  T-Score: {}
fit_rsquared: 0.44017943546456206
fit_rsquared_adj: 0.44017943546456206
fitted: true
model_expression:
  left_side: np.log1p(sqft_price_res)
  right_side:
  - sqft_per_unit
  - land_area
  - residential_sqft
  - jobs_within_30_min
  - parcel_sqft
  - crime_ucr_rate
  - crime_other_rate
  - parcels_pct_undev
  - parcels_parcel_size
  - parcels_ave_unit_size
  - parcels_total_job_spaces
  - parcels_total_sqft
  - parcels_zones_jobs_within_30_min
  - zones_acres
  - zones_population
  - zones_employment
  - zones_retail_jobs
  - zones_logsum_pop_high_income
  - zones_logsum_pop_mid_income
  - zones_logsum_pop_low_income
  - zones_logsum_job_high_income
  - zones_logsum_job_mid_income
  - zones_logsum_job_low_income
  - zones_z_total_jobs
  - zones_transit_jobs_50min
  - zones_transit_jobs_30min
  - nodes_walk_population
  - nodes_walk_households
  - nodes_walk_midinc_hhs
  - nodes_walk_lowinc_hhs
  - nodes_walk_highinc_hhs
  - nodes_walk_race_2_hhs
  - nodes_walk_jobs
  - nodes_walk_retail_jobs
  - nodes_walk_node_r1500_sqft
  - nodes_walk_retail
  - nodes_walk_medical
  - nodes_walk_ave_unit_sqft
  - nodes_walk_housing_cost
sample_size: 523
