fit_filters:
- residential_units > 0
- sqft_price_res > 1
- sqft_price_res < 650
- hedonic_id == 11583
model_expression:
  left_side: np.log1p(sqft_price_res)
model_type: Regression
name: RegressionModel
predict_filters: hedonic_id == 11583
ytransform: np.exp
coef:
  building_age: -0.0008259566235717955
  building_sqft: 3.7160851920092674e-05
  crime_other_rate: -0.00018253098640988433
  crime_ucr_rate: 0.0003079460017754621
  jobs_within_30_min: 6.351829266423016e-08
  land_area: 7.534519467350001e-06
  nodes_walk_ave_nonres_sqft_price: 0.0002666410179073392
  nodes_walk_ave_unit_sqft: -0.00013209272328206116
  nodes_walk_hhs_with_children: 0.00029006148766355904
  nodes_walk_highinc_hhs: 0.004032330558281872
  nodes_walk_households: 0.0006049731299878493
  nodes_walk_housing_cost: 1.6892555730824626e-05
  nodes_walk_jobs: 6.404737439582591e-05
  nodes_walk_lowinc_hhs: -0.0009924220849625907
  nodes_walk_medical: 0.0002633636845981803
  nodes_walk_midinc_hhs: 0.00018726888519038956
  nodes_walk_node_r1500_sqft: -1.7586475242410545e-08
  nodes_walk_office: -0.0014877647699439451
  nodes_walk_population: -0.0005074593267444176
  nodes_walk_retail: -0.0003044263702233941
  nodes_walk_retail_jobs: -0.001238956975807248
  parcel_sqft: -1.6862403398626172e-06
  parcels_ave_unit_size: -0.00028776309764430217
  parcels_total_sqft: 2.6880358314866873e-07
  parcels_zones_employment: 1.057634446526763e-05
  parcels_zones_households: 6.401238984950062e-05
  parcels_zones_jobs_within_30_min: -9.88175723885405e-08
  parcels_zones_logsum_job_high_income: 2.2732226197323005e-07
  parcels_zones_logsum_job_low_income: 1.1867288696848754e-05
  parcels_zones_logsum_pop_high_income: -5.49539542603592e-07
  parcels_zones_logsum_pop_low_income: -3.4872724097521587e-06
  parcels_zones_population: -5.905495789656022e-05
  parcels_zones_retail_jobs: -5.418167351757951e-11
  parcels_zones_transit_jobs_30min: 1.1339423742979906e-05
  parcels_zones_transit_jobs_50min: 6.610369162706727e-06
  residential_sqft: -4.356637922705223e-05
  sqft_per_unit: -0.0002887397470676845
  year_built: 2.61595571331997e-05
  zones_acres: 7.005919179767192e-06
  zones_employment: 4.3454083098927473e-07
  zones_households: 0.00010573807041345755
  zones_logsum_job_high_income: 1.016664679885889e-06
  zones_logsum_job_low_income: 1.042575586314223e-05
  zones_logsum_pop_high_income: -1.0799440363257783e-06
  zones_logsum_pop_low_income: -4.887588075891442e-06
  zones_population: -5.73452195760126e-05
  zones_retail_jobs: -0.0002700912141094424
  zones_transit_jobs_30min: 1.1200667485815216e-05
  zones_transit_jobs_50min: 7.715542383348046e-07
sample_size: 161
score: 0.36802707834865456
