name: RegressionModel
model_type: regression
fit_filters:
- residential_units > 0
- sqft_price_res > 1
- sqft_price_res < 650
- hedonic_id == 16181
predict_filters: hedonic_id == 16181
ytransform: np.exp
target_variable: np.log1p(sqft_price_res)
fitted: true
fit_parameters:
  Coefficient:
    Intercept: 3.2357795513539687
    year_built: 0.0008464145261876966
    sqft_per_unit: 4.5646876401209074e-05
    land_area: -8.86015818129929e-06
    residential_sqft: -8.253739546582984e-05
    jobs_within_30_min: -4.3630442652906247e-07
    parcel_sqft: 1.533199375390556e-07
    crime_ucr_rate: -3.2064156330746095e-05
    crime_other_rate: -4.591481947772462e-06
    building_age: -0.00044541124063415035
    parcels_pct_undev: -0.00025401162468417684
    parcels_parcel_size: 1.640482071378316e-08
    parcels_total_sqft: -7.389110816704185e-05
    parcels_zones_jobs_within_30_min: 9.23073482436021e-08
    zones_acres: -5.033527166803674e-06
    zones_households: 4.581478589814459e-05
    zones_population: -1.885069691996208e-05
    zones_logsum_pop_high_income: -1.7632097780036427e-06
    zones_logsum_pop_mid_income: 2.723879752876165e-07
    zones_logsum_pop_low_income: -3.4246145780441883e-07
    zones_logsum_job_high_income: 3.082620043595048e-06
    zones_logsum_job_mid_income: -2.1337521751090927e-07
    zones_logsum_job_low_income: 2.693113730829284e-07
    zones_z_total_jobs: -2.0225437469930836e-06
    zones_transit_jobs_60min: 1.0314698889485077e-06
    zones_transit_jobs_50min: -7.528910593338991e-07
    zones_transit_jobs_30min: 5.697888548555179e-07
    nodes_walk_population: -2.627901965452493e-05
    nodes_walk_highinc_hhs: 0.0002286040352466448
    nodes_walk_race_1_hhs: 0.00011522083367957334
    nodes_walk_race_2_hhs: -0.0003465732724164362
    nodes_walk_jobs: -5.26055904277131e-07
    nodes_walk_sector6_jobs: -0.00016626656829179365
    nodes_walk_sector14_jobs: 3.29084243349309e-05
    nodes_walk_sector16_jobs: -2.144347523621501e-05
    nodes_walk_node_r1500_sqft: -1.520742631908316e-09
    nodes_walk_residential: 0.0024305002314750756
    nodes_walk_ave_nonres_sqft_price: 6.617517139844369e-05
    nodes_walk_housing_cost: 2.2950774497813236e-06
  Std. Error: {}
  T-Score: {}
fit_rsquared: 0.5863867794784361
fit_rsquared_adj: 0.5863867794784361
sample_size: 87151
model_expression:
  left_side: np.log1p(sqft_price_res)
  right_side:
  - year_built
  - sqft_per_unit
  - land_area
  - residential_sqft
  - jobs_within_30_min
  - parcel_sqft
  - crime_ucr_rate
  - crime_other_rate
  - building_age
  - parcels_pct_undev
  - parcels_parcel_size
  - parcels_total_sqft
  - parcels_zones_jobs_within_30_min
  - zones_acres
  - zones_households
  - zones_population
  - zones_logsum_pop_high_income
  - zones_logsum_pop_mid_income
  - zones_logsum_pop_low_income
  - zones_logsum_job_high_income
  - zones_logsum_job_mid_income
  - zones_logsum_job_low_income
  - zones_z_total_jobs
  - zones_transit_jobs_60min
  - zones_transit_jobs_50min
  - zones_transit_jobs_30min
  - nodes_walk_population
  - nodes_walk_highinc_hhs
  - nodes_walk_race_1_hhs
  - nodes_walk_race_2_hhs
  - nodes_walk_jobs
  - nodes_walk_sector6_jobs
  - nodes_walk_sector14_jobs
  - nodes_walk_sector16_jobs
  - nodes_walk_node_r1500_sqft
  - nodes_walk_residential
  - nodes_walk_ave_nonres_sqft_price
  - nodes_walk_housing_cost
