fit_filters:
- residential_units > 0
- sqft_price_res > 1
- sqft_price_res < 650
- hedonic_id == 11581
model_expression:
  left_side: np.log1p(sqft_price_res)
model_type: Regression
name: RegressionModel
predict_filters: hedonic_id == 11581
ytransform: np.exp
coef:
  Intercept: -2.6504275640425545
  building_age: -4.154237680098473e-06
  crime_other_rate: -4.4253010141004374e-05
  crime_ucr_rate: 4.707457964297107e-05
  jobs_within_30_min: 8.932636399013187e-08
  land_area: 1.9519843556211364e-05
  nodes_walk_ave_unit_sqft: -1.5810370546930408e-08
  nodes_walk_housing_cost: 3.1524786437598957e-06
  nodes_walk_jobs: 4.253034437142142e-05
  nodes_walk_node_r1500_sqft: 2.9326124398533636e-10
  nodes_walk_population: 1.1800045889759658e-05
  nodes_walk_residential: 0.00358706908415337
  parcel_sqft: -5.569755579235046e-09
  parcels_ave_unit_size: -4.0502299373361116e-05
  parcels_total_sqft: -5.773654964777649e-05
  sqft_per_unit: 4.543202004688508e-06
  year_built: 0.0035795295749766845
  zones_acres: 6.381097972908506e-07
  zones_employment: 2.1006545598449557e-07
  zones_logsum_job_high_income: 1.2622891401115362e-06
  zones_logsum_job_low_income: -6.441153436994962e-07
  zones_logsum_pop_high_income: -6.526529419101998e-07
  zones_logsum_pop_low_income: 2.0921001270602827e-07
  zones_population: 3.2149849720110168e-06
  zones_transit_jobs_30min: -8.498322485232156e-05
  zones_transit_jobs_50min: 2.1014224088933826e-05
  zones_z_total_jobs: 1.9130141590350804e-05
sample_size: 49021
score: 0.3871427323956663
