fit_filters:
- residential_units > 0
- sqft_price_res > 1
- sqft_price_res < 650
- hedonic_id == 11582
model_expression:
  left_side: np.log1p(sqft_price_res)
model_type: Regression
name: RegressionModel
predict_filters: hedonic_id == 11582
ytransform: np.exp
coef:
  crime_other_rate: -0.00018915784167974027
  crime_ucr_rate: 0.0006914676511631071
  jobs_within_30_min: 4.877826303664821e-06
  nodes_walk_ave_nonres_sqft_price: -2.9360787295978733e-05
  nodes_walk_households: -0.00025361045357632513
  nodes_walk_housing_cost: 4.360573915305705e-06
  nodes_walk_jobs: -3.684974351000474e-05
  nodes_walk_node_r1500_sqft: -1.3115518135047487e-08
  parcel_sqft: 4.0607932503772116e-05
  parcels_ave_unit_size: 0.00011676328606596197
  parcels_zones_employment: 3.778649602239972e-05
  parcels_zones_households: -0.0001824229580588249
  parcels_zones_jobs_within_30_min: 3.4085269017191577e-07
  parcels_zones_logsum_job_high_income: -2.879332006381499e-06
  parcels_zones_logsum_job_low_income: 2.4713288474341824e-06
  parcels_zones_logsum_pop_high_income: -1.5477262448602553e-06
  parcels_zones_logsum_pop_low_income: 6.2693474235918296e-06
  parcels_zones_population: 7.877242399342122e-05
  parcels_zones_retail_jobs: 1.0703513886417027e-05
  parcels_zones_transit_jobs_30min: -0.0002759071126360786
  parcels_zones_z_total_jobs: 3.479785057704902e-06
  sqft_per_unit: -0.0003056407346483549
  zones_acres: 5.585118798250115e-05
  zones_employment: 5.209546230809473e-06
  zones_households: -0.0002884385876439731
  zones_logsum_job_high_income: -2.4711036536806917e-06
  zones_logsum_job_low_income: 1.2625732387027334e-06
  zones_logsum_pop_high_income: -1.642938839518881e-07
  zones_logsum_pop_low_income: 5.325890960346638e-06
  zones_population: 5.62907071942955e-05
  zones_retail_jobs: 0.0002698817734519772
  zones_transit_jobs_30min: -0.00021923385666653932
  zones_transit_jobs_50min: -3.5136690866692244e-06
  zones_z_total_jobs: 1.3864456511002972e-05
sample_size: 817
score: 0.6946844076520977
