fit_filters:
- residential_units > 0
- sqft_price_res > 1
- sqft_price_res < 650
- hedonic_id == 12583
model_expression:
  left_side: np.log1p(sqft_price_res)
model_type: Regression
name: RegressionModel
predict_filters: hedonic_id == 12583
ytransform: np.exp
coef:
  b_total_jobs: 0.0005485687127197941
  building_age: -0.00017042612659063942
  building_sqft: -8.181353105469247e-06
  crime_other_rate: 7.817607388934404e-05
  crime_ucr_rate: -0.0004806963206046461
  jobs_within_30_min: 8.577487579825754e-08
  land_area: -1.079173221355579e-05
  nodes_walk_households: 0.0004433167601805271
  nodes_walk_housing_cost: 4.647906236791056e-06
  nodes_walk_jobs: 7.128339536259717e-05
  nodes_walk_midinc_hhs: 0.0002391904176304817
  nodes_walk_node_r1500_sqft: -1.3977132760969806e-08
  nodes_walk_office: -6.549147902615734e-05
  nodes_walk_population: -2.549325900443958e-05
  nodes_walk_race_2_hhs: -0.0010315838419227667
  nodes_walk_retail_jobs: -0.0006942731841949618
  parcel_sqft: 9.046323573794322e-07
  parcels_ave_unit_size: -0.00013022530107443744
  parcels_total_sqft: 2.3527985359682507e-05
  parcels_zones_employment: 9.162186383905814e-07
  parcels_zones_households: 8.487291422533912e-05
  parcels_zones_jobs_within_30_min: -1.858669200975554e-07
  parcels_zones_logsum_job_high_income: -2.3967240584101775e-06
  parcels_zones_logsum_job_low_income: 3.796209380544158e-07
  parcels_zones_logsum_pop_high_income: 1.7803969131456768e-06
  parcels_zones_logsum_pop_low_income: -5.129153762786129e-07
  parcels_zones_population: -2.446882368303178e-05
  parcels_zones_retail_jobs: -0.0002045842273799268
  parcels_zones_transit_jobs_30min: 4.1596108200590965e-06
  parcels_zones_transit_jobs_50min: 3.643088144109625e-07
  residential_sqft: -1.9513160943793548e-05
  sqft_per_unit: -0.0001614692467127694
  vacant_job_spaces: -0.002085612353979518
  zones_acres: 6.574867273569301e-05
  zones_households: 4.3094295528846096e-05
  zones_logsum_job_high_income: -2.393759444465809e-06
  zones_logsum_job_low_income: 3.590597683044403e-07
  zones_logsum_pop_high_income: 1.6856910198306312e-06
  zones_logsum_pop_low_income: -5.150040958442135e-07
  zones_population: -2.0840087230972046e-05
  zones_retail_jobs: -0.00010235902279606155
  zones_transit_jobs_30min: 1.9221365712950275e-06
  zones_transit_jobs_50min: 1.8230837987448244e-07
sample_size: 904
score: 0.5266183916803884
