fit_filters:
- residential_units > 0
- sqft_price_res > 1
- sqft_price_res < 650
- hedonic_id == 9383
model_expression:
  left_side: np.log1p(sqft_price_res)
model_type: Regression
name: RegressionModel
predict_filters: hedonic_id == 9383
ytransform: np.exp
coef:
  Intercept: 6.344621985732328
  building_sqft: 0.00012453185009778756
  crime_other_rate: -8.356312706163695e-05
  jobs_within_30_min: -2.4333394441373273e-06
  land_area: 6.825952594746379e-06
  nodes_walk_ave_nonres_sqft_price: -0.002340291984379991
  nodes_walk_highinc_hhs: 0.001655632407637719
  nodes_walk_housing_cost: 1.8532054960935357e-06
  nodes_walk_industrial: 0.002312586505238894
  nodes_walk_jobs: 0.0001637459472453693
  nodes_walk_lowinc_hhs: -0.0038122358944331393
  nodes_walk_medical: 0.0017789968339446442
  nodes_walk_node_r1500_sqft: -6.82850922141465e-08
  nodes_walk_office: 0.0005787006224548926
  nodes_walk_population: 0.0003643696911241956
  nodes_walk_retail: -0.0011869178610220844
  parcel_sqft: -5.8382288533623404e-08
  parcels_ave_unit_size: 8.91171735330139e-05
  parcels_total_sqft: 1.1761025060495203e-06
  parcels_total_units: 0.0002203670296328949
  parcels_zones_jobs_within_30_min: 8.11061120432934e-08
  residential_sqft: -0.00012553905728105087
  school_district_achievement: -0.014660002795552175
  sqft_per_unit: -0.00020811950592224577
  zones_acres: -1.8582280490921211e-07
  zones_employment: -1.578157305770768e-06
  zones_households: 0.0005853255754587137
  zones_logsum_job_high_income: -8.188614215369836e-06
  zones_logsum_job_low_income: 7.375033462182043e-06
  zones_logsum_pop_high_income: 1.8860215043766798e-07
  zones_logsum_pop_low_income: 1.6935317366328597e-05
  zones_population: -0.0002292347543562467
  zones_retail_jobs: -5.084501457388878e-06
sample_size: 477
score: 0.6672975896643696
