fit_filters:
- residential_units > 0
- sqft_price_res > 1
- sqft_price_res < 650
- hedonic_id == 14783
model_expression:
  left_side: np.log1p(sqft_price_res)
model_type: Regression
name: RegressionModel
predict_filters: hedonic_id == 14783
ytransform: np.exp
coef:
  b_total_households: -0.0036551983312082897
  building_age: -0.001106122804708102
  building_sqft: 1.3298110435455552e-05
  crime_other_rate: -2.7096768804617556e-05
  crime_ucr_rate: 0.0003220154360419178
  jobs_within_30_min: 7.61956646048374e-08
  land_area: -2.085206181750371e-05
  nodes_walk_ave_unit_sqft: -1.0686507129857524e-05
  nodes_walk_housing_cost: 1.139266099903672e-05
  nodes_walk_lowinc_hhs: 0.00284508735381043
  nodes_walk_medical: 0.0004054653565820593
  nodes_walk_node_r1500_sqft: 2.330974416994024e-08
  nodes_walk_population: -0.00027293212477961853
  nodes_walk_race_2_hhs: -0.003959753502296385
  nodes_walk_retail_jobs: 0.001465720583724043
  parcel_sqft: 1.9629928092060413e-06
  parcels_ave_unit_size: -0.0002794331658306984
  parcels_total_sqft: 2.0773192149869793e-07
  parcels_zones_employment: -4.8001430028728064e-05
  parcels_zones_households: -0.00016454127345391897
  parcels_zones_jobs_within_30_min: 5.775731342291281e-07
  parcels_zones_logsum_job_high_income: 5.129609687470056e-06
  parcels_zones_logsum_job_low_income: 1.4340389818986183e-06
  parcels_zones_logsum_pop_high_income: -2.5143262679479483e-06
  parcels_zones_logsum_pop_low_income: -1.0092812318057045e-06
  parcels_zones_population: 7.703961660122722e-05
  parcels_zones_retail_jobs: 0.0007290598585140961
  parcels_zones_transit_jobs_30min: -1.6318348676834237e-05
  parcels_zones_transit_jobs_50min: -3.356354120978316e-06
  parcels_zones_z_total_jobs: -8.89199827519947e-05
  residential_sqft: -8.542476629096827e-06
  sqft_per_unit: -0.00028147129855145427
  year_built: 0.0017841592485010609
  zones_acres: -2.952480152984745e-05
  zones_households: -0.00018920100220685824
  zones_logsum_job_high_income: 4.916152248944074e-06
  zones_logsum_job_low_income: 1.4879798597071212e-06
  zones_logsum_pop_high_income: -2.627572528538408e-06
  zones_logsum_pop_low_income: -7.679291309414865e-07
  zones_population: 6.921325830364929e-05
  zones_retail_jobs: 0.00016680322685182935
  zones_transit_jobs_30min: -1.0518002255745526e-05
  zones_transit_jobs_50min: -2.509202280072244e-06
  zones_z_total_jobs: -1.9487085380571683e-06
sample_size: 160
score: 0.44700873288372855
