fit_filters:
- residential_units > 0
- sqft_price_res > 1
- sqft_price_res < 650
- hedonic_id == 11583
model_expression:
  left_side: np.log1p(sqft_price_res)
model_type: Regression
name: RegressionModel
predict_filters: hedonic_id == 11583
ytransform: np.exp
coef:
  Intercept: 4.598714355140847
  building_age: -0.0001573947690207812
  crime_other_rate: 0.00014012038707773562
  crime_ucr_rate: -0.0003095396972087312
  jobs_within_30_min: -3.0173380181718934e-06
  land_area: -1.2500617978838362e-05
  nodes_walk_ave_unit_sqft: -3.339135057368924e-05
  nodes_walk_highinc_hhs: 0.004209802764790189
  nodes_walk_households: 0.0020639456615309487
  nodes_walk_housing_cost: 4.481109563194649e-06
  nodes_walk_jobs: 0.0001855414358589171
  nodes_walk_lowinc_hhs: -0.0013175458946838845
  nodes_walk_medical: 0.0001828157704204084
  nodes_walk_midinc_hhs: 0.0002766777702372552
  nodes_walk_node_r1500_sqft: 5.8142986878750824e-09
  nodes_walk_population: -0.0010790712933798948
  nodes_walk_race_2_hhs: -0.0011086443133228548
  nodes_walk_retail: -0.0011506492802861314
  nodes_walk_retail_jobs: -0.001407465392032691
  parcel_sqft: 8.67007705733725e-09
  parcels_ave_unit_size: -0.0001498738051051844
  parcels_total_job_spaces: -0.006602869586588119
  parcels_total_sqft: 8.598563073943294e-07
  parcels_total_units: -4.644560496175297e-05
  parcels_zones_jobs_within_30_min: 5.940824198462028e-08
  residential_sqft: -1.149626579038378e-05
  sqft_per_unit: -0.00024756320962184794
  year_built: 4.02617324648982e-06
  zones_acres: -7.67148548303219e-06
  zones_employment: 0.0001356850086196123
  zones_households: 0.00037422247258469746
  zones_logsum_job_high_income: -1.3333614245037047e-06
  zones_logsum_job_low_income: 1.0802958498051332e-05
  zones_logsum_pop_high_income: 5.430699185295473e-07
  zones_logsum_pop_low_income: -2.285112563470973e-06
  zones_population: -0.00014874942845285923
  zones_retail_jobs: -0.00032663398504602066
  zones_transit_jobs_30min: 3.14878514642546e-05
  zones_transit_jobs_50min: -3.8181344290788125e-05
sample_size: 523
score: 0.42940187586760936
