fit_filters:
- residential_units > 0
- sqft_price_res > 1
- sqft_price_res < 650
- hedonic_id == 16182
model_expression:
  left_side: np.log1p(sqft_price_res)
model_type: Regression
name: RegressionModel
predict_filters: hedonic_id == 16182
ytransform: np.exp
coef:
  Intercept: 1.3780630467890238
  building_age: -0.00011797964334670119
  building_sqft: 4.459662091651216e-18
  crime_other_rate: -6.091645417746731e-05
  crime_ucr_rate: -0.00010311183874137278
  jobs_within_30_min: -3.752955881684459e-07
  land_area: 1.0304536841277777e-06
  nodes_walk_ave_nonres_sqft_price: 2.7794503272622316e-05
  nodes_walk_housing_cost: 6.173643317248994e-06
  nodes_walk_industrial: -0.00014093147544127382
  nodes_walk_jobs: 8.792423809099215e-05
  nodes_walk_lowinc_hhs: -0.0006123696521385043
  nodes_walk_medical: -4.9865546985175386e-05
  nodes_walk_midinc_hhs: 0.00012640198004728126
  nodes_walk_node_r1500_sqft: 2.67720485971603e-09
  nodes_walk_population: -3.6992963078421233e-06
  nodes_walk_race_2_hhs: -0.0009673559330522
  nodes_walk_race_3_hhs: 0.0005187368243121965
  nodes_walk_residential: 0.001785288088919175
  nodes_walk_retail: -0.00016760350173053022
  parcel_sqft: 6.5615992468954765e-06
  parcels_ave_unit_size: -0.00022769340122694599
  parcels_total_sqft: -0.000255591189515334
  parcels_zones_households: -2.779078336444156e-05
  parcels_zones_jobs_within_30_min: -4.5287441964656687e-07
  parcels_zones_logsum_job_high_income: 5.387719767718521e-06
  parcels_zones_logsum_job_low_income: -8.56383655301716e-09
  parcels_zones_logsum_pop_high_income: -2.8689157556961593e-06
  parcels_zones_logsum_pop_low_income: 7.388641089940267e-08
  parcels_zones_population: 3.224548419614854e-05
  parcels_zones_retail_jobs: 7.787428349573385e-05
  parcels_zones_transit_jobs_30min: 1.298887841002709e-07
  parcels_zones_transit_jobs_50min: -7.236415952012879e-07
  residential_sqft: 0.00026042088058489534
  sqft_per_unit: -9.930308291732652e-05
  year_built: 0.0017591629261100353
  zones_acres: 1.8837898306338118e-05
  zones_households: -2.7163046862883e-05
  zones_logsum_job_high_income: 5.494941503759546e-06
  zones_logsum_job_low_income: -2.155247669163559e-08
  zones_logsum_pop_high_income: -3.0811416668010354e-06
  zones_logsum_pop_low_income: 9.235941412664116e-09
  zones_population: 2.1193110244826406e-05
  zones_transit_jobs_30min: 2.9160029974154645e-07
  zones_transit_jobs_50min: -7.569440604902442e-07
  zones_z_total_jobs: -2.9607275172432823e-06
sample_size: 11993
score: 0.6975917304260684
