fit_filters:
- residential_units > 0
- sqft_price_res > 1
- sqft_price_res < 650
- hedonic_id == 12583
model_expression:
  left_side: np.log1p(sqft_price_res)
model_type: Regression
name: RegressionModel
predict_filters: hedonic_id == 12583
ytransform: np.exp
coef:
  b_total_jobs: 0.0005508727038432814
  building_age: -0.00017046882733022436
  building_sqft: -8.18339839969813e-06
  crime_other_rate: 7.800410817881253e-05
  crime_ucr_rate: -0.00048034138347667984
  jobs_home_based: 4.07723434526614e-19
  jobs_within_30_min: 8.668433138783567e-08
  land_area: -1.0793499860322511e-05
  nodes_walk_households: 0.0004475976140228491
  nodes_walk_housing_cost: 4.642869346980194e-06
  nodes_walk_jobs: 7.121813435319972e-05
  nodes_walk_midinc_hhs: 0.00023446941883936332
  nodes_walk_node_r1500_sqft: -1.3953605768842234e-08
  nodes_walk_office: -6.736592583302615e-05
  nodes_walk_population: -2.6411779554631695e-05
  nodes_walk_race_2_hhs: -0.0010340762250581029
  nodes_walk_retail_jobs: -0.0006936753079182178
  parcel_sqft: 9.04971939074243e-07
  parcels_ave_unit_size: -0.00013002306575857293
  parcels_total_sqft: 2.353451374718773e-05
  parcels_zones_employment: 9.863251992078824e-07
  parcels_zones_households: 8.517611268331948e-05
  parcels_zones_jobs_within_30_min: -1.8569242710511907e-07
  parcels_zones_logsum_job_high_income: -2.4010343395539237e-06
  parcels_zones_logsum_job_low_income: 3.798603799247021e-07
  parcels_zones_logsum_pop_high_income: 1.7819470770533146e-06
  parcels_zones_logsum_pop_low_income: -5.129052545092447e-07
  parcels_zones_population: -2.4559703684299042e-05
  parcels_zones_retail_jobs: -0.0002053572672467833
  parcels_zones_transit_jobs_30min: 4.170613655572363e-06
  parcels_zones_transit_jobs_50min: 3.6222045183937907e-07
  residential_sqft: -1.951914171422678e-05
  sqft_per_unit: -0.00016157444857116846
  vacant_job_spaces: -0.002084453901802219
  zones_acres: 6.570974827723496e-05
  zones_households: 4.341940735768325e-05
  zones_logsum_job_high_income: -2.3980119843792116e-06
  zones_logsum_job_low_income: 3.5926709150060007e-07
  zones_logsum_pop_high_income: 1.6881684839503596e-06
  zones_logsum_pop_low_income: -5.150313874276698e-07
  zones_population: -2.0976843034036518e-05
  zones_retail_jobs: -0.00010210081248443803
  zones_transit_jobs_30min: 1.9280482549460222e-06
  zones_transit_jobs_50min: 1.804692080720087e-07
sample_size: 904
score: 0.5266706751757302
