fit_filters:
- residential_units > 0
- sqft_price_res > 1
- sqft_price_res < 650
- hedonic_id == 382
model_expression:
  left_side: np.log1p(sqft_price_res)
model_type: Regression
name: RegressionModel
predict_filters: hedonic_id == 382
ytransform: np.exp
coef:
  Intercept: -7.6761712760069045
  building_age: -9.709599045338736e-05
  building_sqft: 2.3979093626331782e-21
  crime_other_rate: -0.0001012184201591276
  jobs_within_30_min: -5.77457252215593e-07
  land_area: -1.6800701203826254e-05
  nodes_walk_ave_unit_sqft: 0.00011214774488252899
  nodes_walk_highinc_hhs: -7.982233994995482e-05
  nodes_walk_housing_cost: -2.0755796529440957e-06
  nodes_walk_jobs: 1.4501102392828619e-05
  nodes_walk_lowinc_hhs: 0.00010466314098840599
  nodes_walk_node_r1500_sqft: 7.355635789497643e-09
  nodes_walk_population: 6.40937287224286e-06
  nodes_walk_race_1_hhs: -0.00018538219009106327
  nodes_walk_race_2_hhs: 0.0006126086602223548
  nodes_walk_residential: 0.007277261502552637
  nodes_walk_retail_jobs: -0.0002537009741870605
  parcel_sqft: 3.1935076011896544e-06
  parcels_ave_unit_size: 7.796454717974212e-05
  parcels_total_sqft: -0.00032828776315139263
  parcels_zones_employment: 1.0822961202864385e-05
  parcels_zones_households: -3.4716412673899167e-10
  parcels_zones_jobs_within_30_min: 3.0634278982548573e-07
  parcels_zones_logsum_job_high_income: 2.6655127091758296e-06
  parcels_zones_logsum_job_low_income: 9.232645182830628e-08
  parcels_zones_logsum_pop_high_income: -1.2059117323131523e-06
  parcels_zones_logsum_pop_low_income: -9.058650671761191e-08
  parcels_zones_population: -2.089218149445215e-05
  parcels_zones_retail_jobs: 1.7607575520083853e-05
  parcels_zones_transit_jobs_30min: 1.304655691842937e-06
  parcels_zones_transit_jobs_50min: 8.103038362127782e-07
  parcels_zones_z_total_jobs: 5.4256692672121555e-06
  residential_sqft: 0.00022514974681126862
  sqft_per_unit: -8.961543536438734e-05
  year_built: 0.00591806066916013
  zones_acres: -2.167080872360095e-05
  zones_employment: 4.37151729238374e-06
  zones_households: -1.4900654465536449e-05
  zones_logsum_job_high_income: 2.6939357706741773e-06
  zones_logsum_job_low_income: 7.172408115782555e-08
  zones_logsum_pop_high_income: -1.714532561530137e-06
  zones_logsum_pop_low_income: -1.2245384277385433e-07
  zones_population: -2.443783415276276e-07
  zones_retail_jobs: 6.683957558612795e-08
  zones_transit_jobs_30min: 8.899304380305789e-07
  zones_transit_jobs_50min: 7.170831348191583e-07
  zones_z_total_jobs: 1.532993451596994e-06
sample_size: 19038
score: 0.7673998564505771
