fit_filters:
- residential_units > 0
- sqft_price_res > 1
- sqft_price_res < 650
- hedonic_id == 384
model_expression:
  left_side: np.log1p(sqft_price_res)
model_type: Regression
name: RegressionModel
predict_filters: hedonic_id == 384
ytransform: np.exp
coef:
  b_ln_sqft_price_res: 0.07720919801051829
  jobs_within_30_min: 1.617611595470348e-07
  nodes_walk_housing_cost: -3.602844204797133e-05
  nodes_walk_jobs: -0.00018195160592127392
  nodes_walk_node_r1500_sqft: -4.665010718243066e-09
  nodes_walk_office: -0.0007270554978313562
  nodes_walk_population: -0.0001709435882393133
  parcel_sqft: 7.85425013122956e-05
  parcels_zones_jobs_within_30_min: 7.745258172137524e-07
  parcels_zones_logsum_job_high_income: 9.647255501331229e-07
  parcels_zones_logsum_job_low_income: -5.424094194736087e-07
  parcels_zones_logsum_pop_high_income: -2.4475493415414574e-06
  parcels_zones_logsum_pop_low_income: -8.318381661186335e-07
  zones_acres: 0.00016399842052252874
  zones_logsum_job_high_income: 8.291428884616076e-07
  zones_logsum_job_low_income: -4.252140154506883e-07
  zones_logsum_pop_high_income: -5.371523202153563e-07
  zones_logsum_pop_low_income: -7.321033100727944e-07
  zones_population: 5.4600755096085525e-05
sample_size: 571
score: 0.23668802267783584
