fit_filters:
- residential_units > 0
- sqft_price_res > 1
- sqft_price_res < 650
- hedonic_id == 11582
model_expression:
  left_side: np.log1p(sqft_price_res)
model_type: Regression
name: RegressionModel
predict_filters: hedonic_id == 11582
ytransform: np.exp
coef:
  Intercept: 6.102524124384416
  building_sqft: 3.0842988004039254e-21
  crime_other_rate: -0.00015759090434156524
  crime_ucr_rate: 0.001198523522607984
  jobs_within_30_min: 2.9255118305751427e-06
  land_area: 0.00011691034683870135
  nodes_walk_housing_cost: 3.1571317545591015e-06
  nodes_walk_jobs: 0.0010532079441111692
  nodes_walk_medical: 9.277717943850854e-05
  nodes_walk_node_r1500_sqft: -9.100105760021151e-09
  nodes_walk_office: -0.0009791147144525203
  nodes_walk_population: -0.0008283695430061048
  nodes_walk_race_2_hhs: -0.012363284902832996
  nodes_walk_retail: 0.0010152917923096955
  parcel_sqft: 2.1108892756988227e-05
  parcels_ave_unit_size: 0.00014216596985538335
  parcels_total_sqft: -9.274616233117802e-05
  parcels_zones_employment: 6.958128510589718e-05
  parcels_zones_households: -0.0008045666511097002
  parcels_zones_jobs_within_30_min: 2.8905316827295606e-07
  parcels_zones_logsum_job_high_income: -3.87107809610752e-06
  parcels_zones_logsum_job_low_income: 5.317108243986973e-06
  parcels_zones_logsum_pop_high_income: -4.585014510196882e-07
  parcels_zones_logsum_pop_low_income: 4.886088292364984e-06
  parcels_zones_population: 0.00028561382914046136
  parcels_zones_retail_jobs: 0.0005083434071250372
  parcels_zones_transit_jobs_30min: -0.0001326309977924517
  parcels_zones_transit_jobs_50min: -6.550718223395414e-05
  parcels_zones_z_total_jobs: 5.587659767834728e-06
  residential_sqft: 7.085551298225234e-21
  sqft_per_unit: -0.0003102311937063923
  zones_acres: 5.449984833689966e-05
  zones_employment: 0.00015366238508783206
  zones_households: -0.0006490441618793378
  zones_logsum_job_high_income: -3.985907725185021e-06
  zones_logsum_job_low_income: 5.7519333976085515e-06
  zones_logsum_pop_high_income: 5.913630015671835e-07
  zones_logsum_pop_low_income: 5.142644044371692e-06
  zones_population: 0.0002346747156386716
  zones_retail_jobs: 0.00021816764383228917
  zones_transit_jobs_30min: -9.75096643823996e-05
  zones_transit_jobs_50min: -3.8930581481967e-05
sample_size: 899
score: 0.9628104794688964
