fit_filters:
- residential_units > 0
- sqft_price_res > 1
- sqft_price_res < 650
- hedonic_id == 583
model_expression:
  left_side: np.log1p(sqft_price_res)
model_type: Regression
name: RegressionModel
predict_filters: hedonic_id == 583
ytransform: np.exp
coef:
  Intercept: -9.678653230165228
  b_ln_sqft_price_res: 0.008533433358439734
  b_total_households: 0.003326730827708061
  building_age: -1.1717841074674078e-05
  building_sqft: 1.1941918597893076e-05
  crime_other_rate: -1.4892540992898888e-05
  crime_ucr_rate: -6.378986711946583e-05
  jobs_within_30_min: 7.342866074842601e-07
  land_area: -2.4914270669130608e-05
  nodes_walk_ave_nonres_sqft_price: 0.0010329748136880996
  nodes_walk_ave_unit_sqft: 4.192297915290028e-06
  nodes_walk_hhs_with_children: -0.00031627411000960723
  nodes_walk_housing_cost: 5.132641408335195e-06
  nodes_walk_jobs: -2.0667392067498866e-05
  nodes_walk_lowinc_hhs: -4.106810234202541e-05
  nodes_walk_midinc_hhs: 0.00019813594955059673
  nodes_walk_node_r1500_sqft: -3.495534317006054e-08
  nodes_walk_office: 0.0009662236497312498
  nodes_walk_population: 2.6122571244291458e-05
  nodes_walk_race_1_hhs: 0.00020747652060769116
  nodes_walk_race_4_hhs: -0.00026833441267204287
  nodes_walk_residential: 0.0005581637980762073
  nodes_walk_retail: -0.0028003656472133844
  nodes_walk_retail_jobs: 4.089092433706093e-05
  parcel_sqft: 2.537110054884645e-06
  parcels_ave_unit_size: 2.943360708133319e-05
  parcels_total_sqft: -2.6016530092554424e-06
  parcels_total_units: -0.0039015158851527882
  parcels_zones_employment: -8.38144183074999e-06
  parcels_zones_jobs_within_30_min: -2.0321243715208262e-08
  parcels_zones_logsum_job_high_income: -1.3203855122979219e-06
  parcels_zones_logsum_job_low_income: -1.0948230790973548e-08
  parcels_zones_logsum_pop_high_income: -1.050584445719714e-06
  parcels_zones_logsum_pop_low_income: 5.4348238001299174e-09
  parcels_zones_population: 2.696577879145817e-05
  parcels_zones_transit_jobs_30min: 1.4440397928516673e-06
  parcels_zones_z_total_jobs: -2.1579621461230137e-07
  residential_sqft: -1.1924913096865904e-05
  sqft_per_unit: -9.126581817876768e-05
  year_built: 0.007798929893104831
  zones_acres: -0.0003071845870601785
  zones_employment: -2.5353313787356506e-07
  zones_logsum_job_high_income: -1.2645874588805818e-06
  zones_logsum_job_low_income: -1.1744713760449734e-08
  zones_logsum_pop_high_income: 8.701227510308964e-07
  zones_logsum_pop_low_income: 1.042975637172818e-08
  zones_population: 2.1741327623419473e-05
  zones_transit_jobs_30min: 6.922242980002662e-07
  zones_transit_jobs_50min: -1.4783477523526216e-07
  zones_z_total_jobs: -6.398644838221534e-08
sample_size: 3094
score: 0.28065267868489996
