fit_filters:
- residential_units > 0
- sqft_price_res > 1
- sqft_price_res < 650
- hedonic_id == 9382
model_expression:
  left_side: np.log1p(sqft_price_res)
model_type: Regression
name: RegressionModel
predict_filters: hedonic_id == 9382
ytransform: np.exp
coef:
  Intercept: 4.055224138839108
  crime_other_rate: -1.0095275267908444e-05
  jobs_within_30_min: 1.5461556447421581e-06
  nodes_walk_ave_nonres_sqft_price: 5.478241803945986e-06
  nodes_walk_ave_unit_sqft: 2.2418820543606974e-08
  nodes_walk_households: -0.00010487478411341801
  nodes_walk_housing_cost: -2.713104797194761e-06
  nodes_walk_node_r1500_sqft: -1.6581249693629066e-09
  nodes_walk_residential: 0.006271172750921522
  parcel_sqft: -1.8934462962238013e-05
  parcels_ave_unit_size: 0.000315139614515337
  parcels_total_sqft: -9.855918390311457e-05
  parcels_zones_employment: 6.403111432861281e-07
  parcels_zones_households: -5.319038379833979e-05
  parcels_zones_jobs_within_30_min: 1.338147422463783e-07
  parcels_zones_logsum_job_high_income: 1.2180050558106815e-07
  parcels_zones_logsum_job_low_income: 1.0155927874247886e-06
  parcels_zones_logsum_pop_high_income: -1.521989411645918e-07
  parcels_zones_logsum_pop_low_income: -1.6397482934613055e-06
  parcels_zones_population: 1.769992981997145e-05
  sqft_per_unit: -6.826539524554606e-05
  zones_acres: -1.5003956116129872e-05
  zones_employment: 1.7431322735183327e-06
  zones_households: -2.032166355920678e-05
  zones_logsum_job_high_income: 1.1575735353997341e-07
  zones_logsum_job_low_income: 1.0038983761466653e-06
  zones_logsum_pop_high_income: 9.889263947469174e-08
  zones_logsum_pop_low_income: -1.575790920860593e-06
  zones_population: 1.900411928445858e-05
sample_size: 4422
score: 0.4792221092464154
