fit_filters:
- residential_units > 0
- sqft_price_res > 1
- sqft_price_res < 650
- hedonic_id == 9382
model_expression:
  left_side: np.log1p(sqft_price_res)
model_type: Regression
name: RegressionModel
predict_filters: hedonic_id == 9382
ytransform: np.exp
coef:
  Intercept: 4.056949368128509
  crime_other_rate: -9.994997210482417e-06
  jobs_within_30_min: 1.5513317123440749e-06
  nodes_walk_ave_nonres_sqft_price: 5.470702068560054e-06
  nodes_walk_ave_unit_sqft: 2.2293154613637385e-08
  nodes_walk_households: -0.00010720193074758487
  nodes_walk_housing_cost: -2.6963699581698807e-06
  nodes_walk_node_r1500_sqft: -1.6469904434362669e-09
  nodes_walk_residential: 0.006262896673811979
  parcel_sqft: -1.893584591099216e-05
  parcels_ave_unit_size: 0.0003145417218970777
  parcels_total_sqft: -9.854357353965936e-05
  parcels_zones_employment: 6.398084455488521e-07
  parcels_zones_households: -5.348476092633914e-05
  parcels_zones_jobs_within_30_min: 1.3388876430632796e-07
  parcels_zones_logsum_job_high_income: 1.237089201287969e-07
  parcels_zones_logsum_job_low_income: 1.0139638154014084e-06
  parcels_zones_logsum_pop_high_income: -1.5374896814068405e-07
  parcels_zones_logsum_pop_low_income: -1.641223775545188e-06
  parcels_zones_population: 1.787298169373343e-05
  sqft_per_unit: -6.828413593538056e-05
  zones_acres: -1.506107428488109e-05
  zones_employment: 1.6994498405183915e-06
  zones_households: -2.0408744985489468e-05
  zones_logsum_job_high_income: 1.17695923500818e-07
  zones_logsum_job_low_income: 1.0020902317621329e-06
  zones_logsum_pop_high_income: 9.818630054564908e-08
  zones_logsum_pop_low_income: -1.577830122954177e-06
  zones_population: 1.9116364272683074e-05
sample_size: 4422
score: 0.47921539342262975
