fit_filters:
- residential_units > 0
- sqft_price_res > 1
- sqft_price_res < 650
- hedonic_id == 84
model_expression:
  left_side: np.log1p(sqft_price_res)
model_type: Regression
name: RegressionModel
predict_filters: hedonic_id == 84
ytransform: np.exp
coef:
  Intercept: 2.874452364186668
  crime_other_rate: 0.0002274522585642217
  jobs_within_30_min: -8.793201432369405e-07
  land_area: 3.872916799829584e-05
  nodes_walk_ave_nonres_sqft_price: 0.0001233502634178587
  nodes_walk_ave_unit_sqft: -6.851735926820606e-07
  nodes_walk_hhs_with_children: -0.0021548355838663293
  nodes_walk_housing_cost: 9.658583004924983e-05
  nodes_walk_jobs: -0.0005456510371090925
  nodes_walk_lowinc_hhs: 0.0015014187796943575
  nodes_walk_node_r1500_sqft: -3.130144672419695e-09
  nodes_walk_office: -0.00023355446000536523
  nodes_walk_population: 0.00020462645334077693
  nodes_walk_race_1_hhs: -0.0007718000470958669
  nodes_walk_race_4_hhs: -0.000438986130233027
  nodes_walk_retail_jobs: 0.0001518695606609434
  parcel_sqft: 6.737598316968223e-08
  parcels_ave_unit_size: -0.0024361895148665752
  parcels_pptytax: -0.009856738006479192
  parcels_total_sqft: -7.465446215623388e-07
  parcels_total_units: 0.001305097612634166
  parcels_zones_employment: 5.091568270174938e-05
  parcels_zones_households: -0.00019044765030711293
  parcels_zones_jobs_within_30_min: -6.444677781175926e-07
  parcels_zones_logsum_job_high_income: 4.7610011825353605e-06
  parcels_zones_logsum_job_low_income: -9.456493971896618e-08
  parcels_zones_logsum_pop_high_income: -2.0756498943532636e-06
  parcels_zones_logsum_pop_low_income: -1.6137976615190417e-07
  parcels_zones_population: 5.693700757664969e-05
  parcels_zones_transit_jobs_30min: 1.7337192497392297e-05
  parcels_zones_transit_jobs_50min: -4.398436139399432e-06
  school_district_achievement: 0.000318605869729475
  sqft_per_unit: 0.0017440920932315905
  zones_acres: -1.76525372583789e-06
  zones_households: -0.0002135229596507163
  zones_logsum_job_high_income: 4.523224449530989e-06
  zones_logsum_job_low_income: 3.5695136088271494e-08
  zones_logsum_pop_high_income: -2.5935047566004635e-06
  zones_logsum_pop_low_income: 7.298716951770699e-09
  zones_population: 5.866238677198976e-05
  zones_retail_jobs: -1.526098763527262e-05
  zones_transit_jobs_30min: 1.1806235447104477e-05
  zones_transit_jobs_50min: -2.9600260511571993e-06
  zones_z_total_jobs: 3.220798360020294e-08
sample_size: 60148
score: 0.6463035112411273
