fit_filters:
- residential_units > 0
- sqft_price_res > 1
- sqft_price_res < 650
- hedonic_id == 14783
model_expression:
  left_side: np.log1p(sqft_price_res)
model_type: Regression
name: RegressionModel
predict_filters: hedonic_id == 14783
ytransform: np.exp
coef:
  b_total_households: -0.0013991908928290375
  building_age: -0.0016758288983295365
  building_sqft: 2.162903743290152e-05
  crime_other_rate: -1.2105208548565798e-05
  crime_ucr_rate: 0.0004225601334718814
  jobs_within_30_min: 1.5411204007907729e-06
  land_area: -1.762778104416815e-05
  nodes_walk_ave_unit_sqft: -1.1370150568711682e-07
  nodes_walk_housing_cost: 1.1059442397316455e-05
  nodes_walk_jobs: 3.2481480324231414e-05
  nodes_walk_lowinc_hhs: 0.0029015456031830475
  nodes_walk_medical: 0.0002953400375967389
  nodes_walk_node_r1500_sqft: 2.1835227255198046e-08
  nodes_walk_population: -0.00024023298593843587
  nodes_walk_race_2_hhs: -0.00548709245383055
  nodes_walk_retail_jobs: 0.0013437478879061069
  parcel_sqft: 1.932121526425946e-06
  parcels_ave_unit_size: -0.00027918403088486235
  parcels_landvalue: -1.6663910443342042e-06
  parcels_total_sqft: 1.4495800389782232e-06
  parcels_zones_employment: -1.8708696953353277e-05
  parcels_zones_jobs_within_30_min: 1.6628888630081266e-07
  parcels_zones_logsum_job_high_income: 5.834126353011699e-06
  parcels_zones_logsum_job_low_income: 1.2999771617749004e-06
  parcels_zones_logsum_pop_high_income: -2.8366745438626035e-06
  parcels_zones_logsum_pop_low_income: -1.1147104850964914e-06
  parcels_zones_population: 7.605776843785905e-06
  parcels_zones_retail_jobs: 0.0008745719283603149
  parcels_zones_transit_jobs_30min: -1.6827496489139464e-05
  parcels_zones_transit_jobs_50min: -6.578113085630759e-06
  parcels_zones_z_total_jobs: -0.00010876674177931515
  residential_sqft: -1.4191183695289523e-05
  sqft_per_unit: -0.00029324310183141455
  year_built: 0.0014787094094257172
  zones_acres: -2.4448121658442303e-05
  zones_employment: -8.958055364590363e-06
  zones_logsum_job_high_income: 5.3534019031445005e-06
  zones_logsum_job_low_income: 1.4371524243038502e-06
  zones_logsum_pop_high_income: -2.8248731501108826e-06
  zones_logsum_pop_low_income: -5.769458899384488e-07
  zones_population: 2.95363486821465e-07
  zones_retail_jobs: 2.269662823869017e-05
  zones_transit_jobs_30min: -1.290777305712257e-05
  zones_transit_jobs_50min: -4.6961582510176e-06
  zones_z_total_jobs: -2.2491835056570394e-06
sample_size: 160
score: 0.4578469900691744
