fit_filters:
- residential_units > 0
- sqft_price_res > 1
- sqft_price_res < 650
- hedonic_id == 16181
model_expression:
  left_side: np.log1p(sqft_price_res)
model_type: Regression
name: RegressionModel
predict_filters: hedonic_id == 16181
ytransform: np.exp
coef:
  building_age: -0.0006265670519800679
  crime_other_rate: 1.0774556817885363e-06
  jobs_within_30_min: -2.2239068980781692e-07
  land_area: 4.5146743747010774e-05
  nodes_walk_housing_cost: 1.681556879895264e-08
  nodes_walk_jobs: -9.470443238327241e-07
  nodes_walk_node_r1500_sqft: 2.086948284971792e-10
  nodes_walk_population: -4.17622661640595e-05
  nodes_walk_race_1_hhs: 0.00026887466703041793
  nodes_walk_race_2_hhs: -9.022817993766327e-05
  nodes_walk_residential: 0.004329699944023703
  parcel_sqft: -6.11650239230613e-09
  parcels_ave_unit_size: 3.229590773669003e-05
  parcels_total_sqft: -1.5762463993172025e-05
  parcels_zones_employment: 4.2540976483888e-06
  parcels_zones_households: 1.536051355646938e-05
  parcels_zones_logsum_job_high_income: 6.868064649347446e-07
  parcels_zones_logsum_job_low_income: 3.689490842338834e-08
  parcels_zones_logsum_pop_high_income: -3.590363079927316e-07
  parcels_zones_logsum_pop_low_income: -1.9792477311633188e-08
  parcels_zones_population: -1.37836832261727e-05
  parcels_zones_transit_jobs_30min: 1.7313717852651272e-07
  parcels_zones_transit_jobs_50min: 4.983787058243758e-07
  parcels_zones_z_total_jobs: 1.5697643717641787e-06
  residential_sqft: -0.00011769351653118459
  sqft_per_unit: 7.369063475198919e-05
  year_built: 0.0018935269494656456
  zones_acres: -2.5309293328970056e-06
  zones_employment: 9.135624465190954e-07
  zones_households: 2.936813652445426e-05
  zones_logsum_job_high_income: 7.59540302567892e-07
  zones_logsum_job_low_income: 2.692913206419132e-08
  zones_logsum_pop_high_income: -4.6500949464242576e-07
  zones_logsum_pop_low_income: -6.26008125482148e-08
  zones_population: -3.0458041674325023e-06
  zones_transit_jobs_30min: 3.328769755629689e-07
  zones_transit_jobs_50min: 4.7191886629860396e-08
sample_size: 85679
score: 0.5922812380603882
