fit_filters:
- residential_units > 0
- sqft_price_res > 1
- sqft_price_res < 650
- hedonic_id == 16181
model_expression:
  left_side: np.log1p(sqft_price_res)
model_type: Regression
name: RegressionModel
predict_filters: hedonic_id == 16181
ytransform: np.exp
coef:
  Intercept: -0.20924186044343784
  building_age: -0.00018814751476100804
  jobs_within_30_min: -1.8783432228891483e-07
  land_area: 4.3698918151543436e-05
  nodes_walk_ave_unit_sqft: 4.176782299650814e-06
  nodes_walk_housing_cost: 4.135760460889327e-07
  nodes_walk_jobs: -7.59764272140086e-06
  nodes_walk_node_r1500_sqft: 3.8000556080185657e-10
  nodes_walk_population: -3.9762262334281044e-05
  nodes_walk_race_1_hhs: 0.000300369495223317
  nodes_walk_race_2_hhs: -7.045548484604901e-05
  nodes_walk_residential: 0.004011833922477741
  nodes_walk_retail: 1.0494123321867624e-05
  parcel_sqft: -8.31762042689807e-09
  parcels_ave_unit_size: 1.0438912371360771e-05
  parcels_total_sqft: -6.458811588608153e-05
  parcels_zones_employment: 9.995604341511566e-06
  parcels_zones_households: 1.4312070143274243e-05
  parcels_zones_jobs_within_30_min: -7.579554169937106e-08
  parcels_zones_logsum_job_high_income: 1.0785875397405149e-06
  parcels_zones_logsum_job_low_income: 4.352377539832073e-08
  parcels_zones_logsum_pop_high_income: -5.760291005859135e-07
  parcels_zones_logsum_pop_low_income: -2.4238516583778433e-08
  parcels_zones_population: -1.3729007552608951e-05
  parcels_zones_transit_jobs_30min: 9.847943745924464e-08
  parcels_zones_transit_jobs_50min: 5.838816450729249e-07
  parcels_zones_z_total_jobs: 2.405197890941626e-07
  residential_sqft: -8.248171961229541e-05
  sqft_per_unit: 8.648533629918056e-05
  year_built: 0.0023762957783592916
  zones_acres: -3.1978877852349195e-06
  zones_employment: 1.019446742647889e-06
  zones_households: 3.344234677492832e-05
  zones_logsum_job_high_income: 1.1623257428721804e-06
  zones_logsum_job_low_income: 3.164059212899627e-08
  zones_logsum_pop_high_income: -7.044827285809118e-07
  zones_logsum_pop_low_income: -7.470039678296075e-08
  zones_population: -2.7878135645687245e-06
  zones_transit_jobs_30min: 3.230876998507862e-07
  zones_transit_jobs_50min: 3.1569585614689395e-08
sample_size: 86491
score: 0.589978430810002
