fit_filters:
- residential_units > 0
- sqft_price_res > 1
- sqft_price_res < 650
- hedonic_id == 14782
model_expression:
  left_side: np.log1p(sqft_price_res)
model_type: Regression
name: RegressionModel
predict_filters: hedonic_id == 14782
ytransform: np.exp
coef:
  Intercept: -10.74668328643372
  crime_other_rate: -4.859723517561342e-05
  crime_ucr_rate: -0.0014424116193628752
  jobs_within_30_min: 8.306325398175423e-06
  land_area: 7.25739164371904e-18
  nodes_walk_ave_nonres_sqft_price: -0.0016619927243013866
  nodes_walk_ave_unit_sqft: -1.918808150249568e-06
  nodes_walk_hhs_with_children: -0.003208345023749505
  nodes_walk_highinc_hhs: 0.002310838721044703
  nodes_walk_housing_cost: -6.808429107324946e-07
  nodes_walk_jobs: -4.090183925839915e-05
  nodes_walk_medical: -0.00010578982830781946
  nodes_walk_node_r1500_sqft: -9.975133908091633e-09
  nodes_walk_race_1_hhs: 0.0004984309576704813
  parcel_sqft: -3.898934614880865e-06
  parcels_ave_unit_size: -3.933645295774803e-06
  parcels_total_sqft: 9.829305345867244e-07
  parcels_zones_employment: 3.568647962034447e-06
  parcels_zones_households: 3.679423755601246e-06
  parcels_zones_jobs_within_30_min: 1.4145537277617659e-06
  parcels_zones_logsum_job_high_income: -7.071899617560346e-06
  parcels_zones_logsum_job_low_income: -1.2815752610495973e-06
  parcels_zones_logsum_pop_high_income: 1.0938483041926534e-07
  parcels_zones_logsum_pop_low_income: 1.9567698244897844e-06
  parcels_zones_transit_jobs_30min: 1.4678611037408895e-05
  parcels_zones_transit_jobs_50min: 3.5137032982823496e-05
  parcels_zones_z_total_jobs: 1.3593963980802055e-06
  sqft_per_unit: 5.2265338613601746e-05
  year_built: 0.008764837168707677
  zones_acres: -0.00012310960662321183
  zones_employment: 0.00016256058247445733
  zones_households: 0.00014949548055302538
  zones_logsum_job_high_income: -2.3733652399572804e-06
  zones_logsum_job_low_income: -1.7982383899349448e-06
  zones_logsum_pop_high_income: 1.3422140577461544e-06
  zones_logsum_pop_low_income: -1.1881326389667275e-06
  zones_transit_jobs_30min: 2.009360257952717e-05
  zones_transit_jobs_50min: 2.735743997497702e-05
sample_size: 595
score: 0.776690636935089
