fit_filters:
- residential_units > 0
- sqft_price_res > 1
- sqft_price_res < 650
- hedonic_id == 14783
model_type: regression
name: RegressionModel
predict_filters: hedonic_id == 14783
target_variable: np.log1p(sqft_price_res)
ytransform: np.exp
fit_parameters:
  Coefficient:
    Intercept: 0.5062262009606457
    building_age: -3.742900044659387e-05
    building_sqft: -2.7687801056502196e-06
    crime_ucr_rate: -8.543826800755363e-05
    jobs_within_30_min: -1.1196462443197112e-07
    land_area: -1.5549829642009182e-05
    nodes_walk_ave_nonres_sqft_price: -0.002044380119309964
    nodes_walk_ave_unit_sqft: -0.00015321351570735884
    nodes_walk_hhs_with_children: -0.00019022470404975918
    nodes_walk_housing_cost: 9.767021863899254e-06
    nodes_walk_jobs: 9.870179938822784e-05
    nodes_walk_lowinc_hhs: 0.002386161057938338
    nodes_walk_midinc_hhs: -0.0006228882760800497
    nodes_walk_node_r1500_sqft: 3.700723188891318e-08
    nodes_walk_office: 0.0010639889767389615
    nodes_walk_population: -0.0005878761876118451
    nodes_walk_retail_jobs: -0.0003704380868874806
    parcel_sqft: 1.7806882407914903e-06
    parcels_ave_unit_size: -4.2161688158787155e-05
    parcels_parcel_size: -2.073358348322176e-06
    parcels_pct_undev: -0.00015147279446143546
    parcels_total_sqft: -7.333622417822545e-06
    parcels_zones_jobs_within_30_min: 1.8745335400616622e-06
    residential_sqft: 1.4791066743127046e-05
    sqft_per_unit: -0.00029839352446834396
    year_built: 0.0019148309163173134
    zones_acres: -4.516249584836489e-05
    zones_employment: -0.00018106494421111062
    zones_households: -0.0007834793515587406
    zones_logsum_job_high_income: -3.102169942933905e-06
    zones_logsum_job_low_income: 8.361678480271659e-07
    zones_logsum_job_mid_income: 5.114047725707195e-06
    zones_logsum_pop_high_income: 1.8011782727395692e-06
    zones_logsum_pop_low_income: -9.09897727647502e-08
    zones_logsum_pop_mid_income: -2.9803966108440692e-06
    zones_population: 0.00047901048538459535
    zones_retail_jobs: 2.76545264405039e-05
    zones_transit_jobs_30min: -6.480445232524541e-05
    zones_transit_jobs_50min: 8.150328336375561e-06
fit_rsquared: 0.49785077617985085
fit_rsquared_adj: 0.49785077617985085
fitted: true
model_expression:
  left_side: np.log1p(sqft_price_res)
  right_side:
  - year_built
  - sqft_per_unit
  - land_area
  - residential_sqft
  - building_sqft
  - jobs_within_30_min
  - parcel_sqft
  - crime_ucr_rate
  - building_age
  - parcels_pct_undev
  - parcels_parcel_size
  - parcels_ave_unit_size
  - parcels_total_sqft
  - parcels_zones_jobs_within_30_min
  - zones_acres
  - zones_households
  - zones_population
  - zones_employment
  - zones_retail_jobs
  - zones_logsum_pop_high_income
  - zones_logsum_pop_mid_income
  - zones_logsum_pop_low_income
  - zones_logsum_job_high_income
  - zones_logsum_job_mid_income
  - zones_logsum_job_low_income
  - zones_transit_jobs_50min
  - zones_transit_jobs_30min
  - nodes_walk_population
  - nodes_walk_midinc_hhs
  - nodes_walk_lowinc_hhs
  - nodes_walk_hhs_with_children
  - nodes_walk_jobs
  - nodes_walk_retail_jobs
  - nodes_walk_node_r1500_sqft
  - nodes_walk_ave_nonres_sqft_price
  - nodes_walk_office
  - nodes_walk_ave_unit_sqft
  - nodes_walk_housing_cost
sample_size: 475
