fit_filters:
- residential_units > 0
- sqft_price_res > 1
- sqft_price_res < 650
- hedonic_id == 383
model_expression:
  left_side: np.log1p(sqft_price_res)
model_type: Regression
name: RegressionModel
predict_filters: hedonic_id == 383
ytransform: np.exp
coef:
  building_age: -3.6604427574958936e-05
  building_sqft: 1.1180744845139918e-05
  crime_other_rate: 4.7777096441752154e-05
  crime_ucr_rate: -0.00033806838883686496
  jobs_within_30_min: -1.567320215912172e-07
  land_area: 9.531311205305089e-07
  nodes_walk_ave_nonres_sqft_price: -0.00011298248270088589
  nodes_walk_ave_unit_sqft: -8.537971666544227e-05
  nodes_walk_highinc_hhs: 0.0021934850199569742
  nodes_walk_housing_cost: 7.557301047100774e-06
  nodes_walk_industrial: -0.0008640342823187755
  nodes_walk_jobs: -1.0523174355712206e-05
  nodes_walk_lowinc_hhs: -1.690818055883376e-05
  nodes_walk_medical: 9.5140393470577e-05
  nodes_walk_node_r1500_sqft: -4.188778591856658e-08
  nodes_walk_office: 0.0008114064929568522
  nodes_walk_population: 2.6026318866948594e-05
  nodes_walk_race_1_hhs: -0.000183885158737646
  nodes_walk_race_2_hhs: -0.00018253542045505196
  nodes_walk_race_3_hhs: 0.002986787451662388
  nodes_walk_race_4_hhs: 0.0008258684055565121
  nodes_walk_retail_jobs: 0.00035835359819563756
  parcel_sqft: 4.423354937917208e-07
  parcels_ave_unit_size: -0.00012763020670263195
  parcels_parcel_size: -3.814213913600786e-07
  parcels_total_job_spaces: 0.0013859178824790308
  parcels_total_sqft: -3.588533988517933e-07
  parcels_total_units: -0.0010330330106558638
  parcels_zones_employment: 2.6454488014183796e-05
  parcels_zones_households: 2.22517060959223e-05
  parcels_zones_jobs_within_30_min: 1.5281205423951552e-07
  parcels_zones_logsum_job_high_income: 1.9601848883563779e-07
  parcels_zones_logsum_job_low_income: -1.1762020440793614e-07
  parcels_zones_logsum_pop_high_income: 2.1568972405642208e-07
  parcels_zones_logsum_pop_low_income: 6.127274158328765e-08
  parcels_zones_population: -1.4370166023423504e-05
  parcels_zones_retail_jobs: 0.00019126753017444483
  parcels_zones_transit_jobs_30min: 2.2754343567361256e-05
  parcels_zones_transit_jobs_50min: -5.93187470615447e-07
  parcels_zones_z_total_jobs: 2.2864602477183307e-07
  residential_sqft: -1.3213365753570707e-05
  sqft_per_unit: -0.0003045288782750812
  year_built: 0.0007852576522815294
  zones_acres: 0.00012543573139272925
  zones_employment: 3.0843827843579345e-08
  zones_households: 3.1650373440675095e-05
  zones_logsum_job_high_income: 1.6005489584954546e-07
  zones_logsum_job_low_income: -1.0200445533797511e-07
  zones_logsum_pop_high_income: -5.028754352555155e-08
  zones_logsum_pop_low_income: 5.358885321897556e-08
  zones_population: -1.3356020747864337e-05
  zones_retail_jobs: 2.551888796961921e-07
  zones_transit_jobs_30min: 1.2046346794271051e-05
  zones_transit_jobs_50min: -8.048089209377969e-07
sample_size: 4812
score: 0.33142341630548966
