fit_filters:
- residential_units > 0
- sqft_price_res > 1
- sqft_price_res < 650
- hedonic_id == 381
model_expression:
  left_side: np.log1p(sqft_price_res)
model_type: Regression
name: RegressionModel
predict_filters: hedonic_id == 381
ytransform: np.exp
coef:
  Intercept: 1.2851239938233392
  building_age: -0.0019835929425302927
  crime_other_rate: 5.3839642218558075e-06
  crime_ucr_rate: -0.00038323361923929235
  jobs_within_30_min: -2.2688262267795322e-07
  land_area: 0.00010097290397994913
  nodes_walk_ave_unit_sqft: 5.826574628057994e-06
  nodes_walk_housing_cost: -4.1324220091430054e-07
  nodes_walk_lowinc_hhs: -0.00012019464620756234
  nodes_walk_node_r1500_sqft: -3.6261861994623726e-09
  nodes_walk_population: 6.293471699256236e-05
  nodes_walk_race_1_hhs: 5.385138399176882e-05
  nodes_walk_race_2_hhs: -0.0004712934253389424
  nodes_walk_residential: 0.005690363652006352
  parcel_sqft: -2.2641007296734038e-08
  parcels_ave_unit_size: 4.920062351595933e-05
  parcels_total_sqft: -3.3983483957945343e-06
  parcels_zones_employment: 4.490562524777613e-06
  parcels_zones_jobs_within_30_min: 3.22268670415624e-07
  parcels_zones_logsum_job_high_income: -1.059272263953499e-06
  parcels_zones_logsum_job_low_income: -2.0981944069766196e-07
  parcels_zones_logsum_pop_high_income: 6.886076305690828e-07
  parcels_zones_logsum_pop_low_income: 1.3028952973347454e-07
  parcels_zones_population: -1.8970468893879504e-07
  parcels_zones_transit_jobs_30min: -2.4343417714763427e-06
  parcels_zones_transit_jobs_50min: 2.3345022681401358e-07
  residential_sqft: -0.0002444871302083653
  sqft_per_unit: 0.00014603423041207824
  year_built: 0.0013680179988588093
  zones_acres: 3.7905395240239666e-06
  zones_employment: 2.733072890543772e-06
  zones_logsum_job_high_income: -1.1090529973790095e-06
  zones_logsum_job_low_income: -1.8357223975023976e-07
  zones_logsum_pop_high_income: 7.299522327969375e-07
  zones_logsum_pop_low_income: 1.5942098044516917e-07
  zones_population: -3.163472469870437e-06
  zones_transit_jobs_30min: -2.3821962867912907e-06
  zones_transit_jobs_50min: 2.4819222157794446e-07
  zones_z_total_jobs: 7.745214161457589e-08
sample_size: 346199
score: 0.8018756255649863
