fit_filters:
- residential_units > 0
- sqft_price_res > 1
- sqft_price_res < 650
- hedonic_id == 9982
model_type: regression
name: RegressionModel
predict_filters: hedonic_id == 9982
target_variable: np.log1p(sqft_price_res)
ytransform: np.exp
fit_parameters:
  Coefficient:
    Intercept: 0.4785290605748225
    building_age: -0.0015351483250153801
    building_sqft: -3.508060986955808e-21
    crime_other_rate: -4.826944323640859e-05
    jobs_within_30_min: -6.991333264551705e-07
    land_area: -2.0781546930197563e-17
    nodes_walk_ave_nonres_sqft_price: 0.000163273112566804
    nodes_walk_ave_unit_sqft: 0.00011770385825833777
    nodes_walk_hhs_with_children: -0.00029951439845567266
    nodes_walk_households: 0.0008220316973901458
    nodes_walk_housing_cost: -1.4721179017824845e-06
    nodes_walk_industrial: -4.917760119556127e-05
    nodes_walk_jobs: -0.00012516247723534858
    nodes_walk_node_r1500_sqft: -6.436626761859033e-10
    nodes_walk_population: -0.0003629476278068556
    nodes_walk_race_2_hhs: 0.00024050215606469241
    nodes_walk_residential: 0.007271390099571419
    nodes_walk_retail: 3.803214385422334e-05
    nodes_walk_retail_jobs: 1.3515148035901857e-05
    parcel_sqft: 2.3659064785403606e-05
    parcels_ave_unit_size: 0.00012982575527774822
    parcels_parcel_size: -7.581486759738107e-05
    parcels_total_sqft: -7.328905370201436e-05
    parcels_zones_jobs_within_30_min: 1.970455922989372e-07
    residential_sqft: -4.333487101533645e-21
    sqft_per_unit: -0.00022430906647527503
    year_built: 0.0015589976455963655
    zones_acres: -2.9154343796856037e-05
    zones_employment: 1.6432698257914977e-05
    zones_logsum_job_high_income: 2.9782074747656987e-06
    zones_logsum_job_low_income: 1.872272488491352e-06
    zones_logsum_job_mid_income: -6.776717700990346e-07
    zones_logsum_pop_high_income: -1.191160260277481e-06
    zones_logsum_pop_low_income: -1.5975397177501276e-06
    zones_logsum_pop_mid_income: 6.731529715779316e-07
    zones_population: -2.6163801799491422e-05
    zones_retail_jobs: 7.35130597760224e-05
    zones_transit_jobs_30min: 3.0246108962060966e-06
    zones_transit_jobs_50min: -4.64529027664733e-06
    zones_z_total_jobs: 9.565057162641913e-13
  Std. Error: {}
  T-Score: {}
fit_rsquared: 0.6796162517243578
fit_rsquared_adj: 0.6796162517243578
fitted: true
model_expression:
  left_side: np.log1p(sqft_price_res)
  right_side:
  - year_built
  - sqft_per_unit
  - land_area
  - residential_sqft
  - building_sqft
  - jobs_within_30_min
  - parcel_sqft
  - crime_other_rate
  - building_age
  - parcels_parcel_size
  - parcels_ave_unit_size
  - parcels_total_sqft
  - parcels_zones_jobs_within_30_min
  - zones_acres
  - zones_population
  - zones_employment
  - zones_retail_jobs
  - zones_logsum_pop_high_income
  - zones_logsum_pop_mid_income
  - zones_logsum_pop_low_income
  - zones_logsum_job_high_income
  - zones_logsum_job_mid_income
  - zones_logsum_job_low_income
  - zones_z_total_jobs
  - zones_transit_jobs_50min
  - zones_transit_jobs_30min
  - nodes_walk_population
  - nodes_walk_households
  - nodes_walk_race_2_hhs
  - nodes_walk_hhs_with_children
  - nodes_walk_jobs
  - nodes_walk_retail_jobs
  - nodes_walk_node_r1500_sqft
  - nodes_walk_residential
  - nodes_walk_ave_nonres_sqft_price
  - nodes_walk_retail
  - nodes_walk_industrial
  - nodes_walk_ave_unit_sqft
  - nodes_walk_housing_cost
sample_size: 41597
