fit_filters:
- residential_units > 0
- sqft_price_res > 1
- sqft_price_res < 650
- hedonic_id == 583
model_expression:
  left_side: np.log1p(sqft_price_res)
model_type: Regression
name: RegressionModel
predict_filters: hedonic_id == 583
ytransform: np.exp
coef:
  b_total_households: 0.003473372474215366
  building_sqft: 1.2991693830164454e-05
  crime_other_rate: -1.6654488085198018e-05
  crime_ucr_rate: -5.122111380094712e-05
  jobs_within_30_min: 8.294820369707253e-07
  land_area: -2.5795164474168906e-05
  nodes_walk_ave_nonres_sqft_price: 0.0004366059688856999
  nodes_walk_ave_unit_sqft: 4.470070651069053e-06
  nodes_walk_hhs_with_children: -0.00031310350452145447
  nodes_walk_housing_cost: 6.965002737107965e-06
  nodes_walk_jobs: -2.0827400107591565e-05
  nodes_walk_lowinc_hhs: -9.40970073711933e-05
  nodes_walk_midinc_hhs: 0.0002826166601550847
  nodes_walk_node_r1500_sqft: -4.136640479549323e-08
  nodes_walk_office: 0.0007829406013239544
  nodes_walk_population: 2.6872056302523305e-05
  nodes_walk_race_1_hhs: 0.00012090859957701175
  nodes_walk_race_4_hhs: -0.00026156654534503673
  nodes_walk_residential: 0.00016778077193458428
  nodes_walk_retail: -0.00222929631248507
  parcel_sqft: 5.627912688553438e-06
  parcels_ave_unit_size: 1.1355930123253394e-07
  parcels_parcel_size: -6.8053353946570385e-06
  parcels_pct_undev: 0.0006349940683685736
  parcels_total_sqft: -2.7559930828303117e-06
  parcels_total_units: -0.0045652116819838275
  parcels_zones_employment: -1.6112883009716955e-05
  parcels_zones_households: 2.0814638190371034e-05
  parcels_zones_jobs_within_30_min: -2.250119746992751e-08
  parcels_zones_logsum_job_high_income: -1.586442237502172e-06
  parcels_zones_logsum_job_low_income: -7.16056085606608e-09
  parcels_zones_logsum_pop_high_income: -1.1144794577297157e-06
  parcels_zones_logsum_pop_low_income: -1.4166876294368596e-09
  parcels_zones_population: 2.3126920898230907e-05
  parcels_zones_retail_jobs: -0.00014240345874911724
  parcels_zones_transit_jobs_30min: 1.473911846755934e-06
  parcels_zones_transit_jobs_50min: 2.395441824880396e-07
  parcels_zones_z_total_jobs: -4.885283404320764e-07
  residential_sqft: -1.2406998327132852e-05
  sqft_per_unit: -9.151048869132086e-05
  year_built: 0.007019311508146518
  zones_acres: -0.0002820182207963416
  zones_employment: -2.1740731331565165e-07
  zones_households: 7.443541648245063e-06
  zones_logsum_job_high_income: -1.5583385845193063e-06
  zones_logsum_job_low_income: -9.04921786978355e-09
  zones_logsum_pop_high_income: 1.0462922983786441e-06
  zones_logsum_pop_low_income: 4.410647219732872e-09
  zones_population: 2.607648713644658e-05
  zones_retail_jobs: -1.7344096839410604e-05
  zones_transit_jobs_30min: 7.121061863779979e-07
  zones_z_total_jobs: -8.616641448543298e-08
sample_size: 3094
score: 0.2822999894398124
