fit_filters:
- residential_units > 0
- sqft_price_res > 1
- sqft_price_res < 650
- hedonic_id == 16182
model_expression:
  left_side: np.log1p(sqft_price_res)
model_type: Regression
name: RegressionModel
predict_filters: hedonic_id == 16182
ytransform: np.exp
coef:
  building_age: -0.0009099233596211564
  building_sqft: 3.372975419122367e-21
  crime_other_rate: -1.2422859884183232e-05
  crime_ucr_rate: -0.00013675378366842639
  jobs_within_30_min: -8.020188574652197e-07
  land_area: 1.6151186410453086e-07
  nodes_walk_ave_unit_sqft: -1.19136371051379e-05
  nodes_walk_housing_cost: 4.498277623895679e-06
  nodes_walk_jobs: 8.597766178200251e-05
  nodes_walk_lowinc_hhs: -0.0004719192680725004
  nodes_walk_midinc_hhs: 0.00019452502224304202
  nodes_walk_node_r1500_sqft: 7.288840152161484e-10
  nodes_walk_population: -5.1182589457577854e-05
  nodes_walk_race_2_hhs: -0.0009431435848505699
  nodes_walk_race_3_hhs: 0.0004970299021675042
  nodes_walk_residential: 0.0027728405313562337
  nodes_walk_retail: -7.15817390770987e-05
  parcel_sqft: 6.75969113687408e-06
  parcels_ave_unit_size: -0.0001346993925972086
  parcels_zones_jobs_within_30_min: 9.304975450922567e-08
  parcels_zones_logsum_job_high_income: 4.142724406414515e-06
  parcels_zones_logsum_job_low_income: -2.0403812939764074e-08
  parcels_zones_logsum_pop_high_income: -2.1429136101029516e-06
  parcels_zones_logsum_pop_low_income: 4.931451814672024e-08
  parcels_zones_population: 2.2497985456032215e-05
  parcels_zones_retail_jobs: 4.1776943336919485e-05
  parcels_zones_transit_jobs_30min: -1.5589693134679818e-07
  parcels_zones_transit_jobs_50min: -6.992607261366377e-07
  parcels_zones_z_total_jobs: -3.117377644892693e-06
  residential_sqft: 1.3122744489831027e-07
  sqft_per_unit: -0.00010187791982763267
  year_built: 0.0005281859008236628
  zones_acres: 9.671302941473447e-06
  zones_logsum_job_high_income: 4.15108477658619e-06
  zones_logsum_job_low_income: -2.4665905032076536e-08
  zones_logsum_pop_high_income: -2.3471905884524794e-06
  zones_logsum_pop_low_income: 3.2386746807199995e-08
  zones_population: 8.708264679187508e-06
  zones_transit_jobs_30min: -9.456042139699316e-08
  zones_transit_jobs_50min: -6.749146210890533e-07
  zones_z_total_jobs: -4.005882128576788e-06
sample_size: 11789
score: 0.6418040032166117
