fit_filters:
- residential_units > 0
- sqft_price_res > 1
- sqft_price_res < 650
- hedonic_id == 583
model_expression:
  left_side: np.log1p(sqft_price_res)
model_type: Regression
name: RegressionModel
predict_filters: hedonic_id == 583
ytransform: np.exp
coef:
  Intercept: -9.67420749620375
  b_ln_sqft_price_res: 0.00852866739812245
  b_total_households: 0.003327030878635595
  building_age: -1.2097128973872634e-05
  building_sqft: 1.1940868372491978e-05
  crime_other_rate: -1.4890944870103477e-05
  crime_ucr_rate: -6.382414048108457e-05
  jobs_within_30_min: 7.345011124976718e-07
  land_area: -2.4918414735010384e-05
  nodes_walk_ave_nonres_sqft_price: 0.001033447195219678
  nodes_walk_ave_unit_sqft: 4.172892198865675e-06
  nodes_walk_hhs_with_children: -0.0003166933861623179
  nodes_walk_housing_cost: 5.131691495964399e-06
  nodes_walk_jobs: -2.068151744555732e-05
  nodes_walk_lowinc_hhs: -4.197251344178023e-05
  nodes_walk_midinc_hhs: 0.00020012521319361164
  nodes_walk_node_r1500_sqft: -3.494028365587462e-08
  nodes_walk_office: 0.0009668446325294755
  nodes_walk_population: 2.6028885444375923e-05
  nodes_walk_race_1_hhs: 0.0002058343851610934
  nodes_walk_race_4_hhs: -0.0002674090840488019
  nodes_walk_residential: 0.000561066562345007
  nodes_walk_retail: -0.002799955814601826
  nodes_walk_retail_jobs: 4.092298363626946e-05
  parcel_sqft: 2.5366701608950635e-06
  parcels_ave_unit_size: 2.9435601923243506e-05
  parcels_total_sqft: -2.6015558149030614e-06
  parcels_total_units: -0.003900945200161792
  parcels_zones_employment: -8.397725607048678e-06
  parcels_zones_jobs_within_30_min: -2.033876960628845e-08
  parcels_zones_logsum_job_high_income: -1.3200552906052263e-06
  parcels_zones_logsum_job_low_income: -1.0955455300560834e-08
  parcels_zones_logsum_pop_high_income: -1.0513884653089281e-06
  parcels_zones_logsum_pop_low_income: 5.431735965523269e-09
  parcels_zones_population: 2.686375723654883e-05
  parcels_zones_transit_jobs_30min: 1.4451178284679343e-06
  parcels_zones_z_total_jobs: -2.16095446475413e-07
  residential_sqft: -1.192362726314236e-05
  sqft_per_unit: -9.125333412817371e-05
  year_built: 0.007797068597856193
  zones_acres: -0.00030743649110766166
  zones_employment: -2.5329834832155347e-07
  zones_logsum_job_high_income: -1.2644996225831488e-06
  zones_logsum_job_low_income: -1.1743284702995414e-08
  zones_logsum_pop_high_income: 8.69926401338068e-07
  zones_logsum_pop_low_income: 1.0463210222568832e-08
  zones_population: 2.1880453764684272e-05
  zones_transit_jobs_30min: 6.920404711156941e-07
  zones_transit_jobs_50min: -1.4718722869140582e-07
  zones_z_total_jobs: -6.462662768573513e-08
sample_size: 3094
score: 0.28065164802278975
