fit_filters:
- residential_units > 0
- sqft_price_res > 1
- sqft_price_res < 650
- hedonic_id == 9382
model_expression:
  left_side: np.log1p(sqft_price_res)
model_type: Regression
name: RegressionModel
predict_filters: hedonic_id == 9382
ytransform: np.exp
coef:
  crime_other_rate: -1.6601080092026882e-05
  crime_ucr_rate: 2.3608848652134472e-05
  jobs_within_30_min: 3.8263485110068495e-06
  nodes_walk_ave_nonres_sqft_price: 0.00026162006081173976
  nodes_walk_ave_unit_sqft: 0.00014080458588784558
  nodes_walk_households: -6.34750045943456e-05
  nodes_walk_housing_cost: 5.484777239557313e-08
  nodes_walk_jobs: 4.29712847285288e-05
  nodes_walk_node_r1500_sqft: -6.230362047682509e-09
  nodes_walk_residential: 0.004914150680316208
  nodes_walk_retail_jobs: -4.5562867615648456e-05
  parcel_sqft: 0.00012511370050576051
  parcels_parcel_size: -0.00016195201390974405
  parcels_total_sqft: -0.00019098104058516618
  parcels_zones_employment: -1.6800604613923657e-05
  parcels_zones_households: -6.461133211139761e-05
  parcels_zones_jobs_within_30_min: 2.665993337792114e-07
  parcels_zones_logsum_job_high_income: -7.734718583243797e-07
  parcels_zones_logsum_job_low_income: 5.315570889498267e-07
  parcels_zones_logsum_pop_high_income: -1.100065178041236e-07
  parcels_zones_logsum_pop_low_income: -1.5399368850304107e-06
  parcels_zones_population: 9.943467898751056e-06
  parcels_zones_z_total_jobs: -3.362637148831004e-11
  sqft_per_unit: -3.4788350153402814e-05
  year_built: 0.0003820393733862946
  zones_acres: -3.6412182718026834e-06
  zones_logsum_job_high_income: -7.820754217519631e-07
  zones_logsum_job_low_income: 5.310706290771678e-07
  zones_logsum_pop_high_income: 7.396885684730588e-07
  zones_logsum_pop_low_income: -1.3635543789977161e-06
  zones_population: 7.413468347604304e-06
  zones_z_total_jobs: -3.942158635922712e-10
sample_size: 4422
score: 0.5075636589739522
