fit_filters:
- residential_units > 0
- sqft_price_res > 1
- sqft_price_res < 650
- hedonic_id == 581
model_type: regression
name: RegressionModel
predict_filters: hedonic_id == 581
target_variable: np.log1p(sqft_price_res)
ytransform: np.exp
fit_parameters:
  Coefficient:
    Intercept: -6.834407584718839
    building_age: -0.001048983002378333
    crime_other_rate: 2.2249558401355076e-05
    crime_ucr_rate: -4.397713434583568e-05
    jobs_within_30_min: -1.9534811481098725e-07
    land_area: 2.1864907659384298e-05
    nodes_walk_ave_unit_sqft: 3.3771541804030764e-07
    nodes_walk_housing_cost: 2.2045706180594805e-05
    nodes_walk_jobs: 2.4971491485610692e-05
    nodes_walk_lowinc_hhs: -0.0005167361883471601
    nodes_walk_midinc_hhs: 6.68676312035261e-05
    nodes_walk_node_r1500_sqft: -1.6164123415924562e-09
    nodes_walk_population: 6.879414671038573e-05
    nodes_walk_race_2_hhs: 0.0002673927750891257
    nodes_walk_race_4_hhs: 3.516288468495426e-05
    nodes_walk_residential: 0.003446050780114195
    parcel_sqft: 3.0300520085634262e-05
    parcels_ave_unit_size: 5.185132696124468e-06
    parcels_parcel_size: -1.8568107125804977e-05
    parcels_pct_undev: 0.000593893409250213
    parcels_total_sqft: -0.00017242472287338148
    parcels_zones_jobs_within_30_min: 2.300692997393397e-08
    residential_sqft: -5.091221624127199e-05
    sqft_per_unit: 2.5339790500497823e-05
    year_built: 0.005034859157144334
    zones_acres: -7.550601149051635e-05
    zones_employment: 2.018637164152163e-05
    zones_households: -4.3802867013137024e-05
    zones_logsum_job_high_income: -1.031600372061326e-06
    zones_logsum_job_low_income: 4.41198531599391e-08
    zones_logsum_job_mid_income: -4.1404040174281195e-08
    zones_logsum_pop_high_income: 8.8048315829072e-07
    zones_logsum_pop_low_income: -6.547692973143037e-08
    zones_logsum_pop_mid_income: 3.121440492258555e-08
    zones_population: 7.038837023106749e-05
    zones_retail_jobs: 7.308753392399666e-05
    zones_transit_jobs_30min: 4.4023629299847945e-07
    zones_transit_jobs_50min: 8.116877301684409e-07
fit_rsquared: 0.4866069618801565
fitted: true
sample_size: 187885
