fit_filters:
- residential_units > 0
- sqft_price_res > 1
- sqft_price_res < 650
- hedonic_id == 581
model_expression:
  left_side: np.log1p(sqft_price_res)
model_type: Regression
name: RegressionModel
predict_filters: hedonic_id == 581
ytransform: np.exp
coef:
  Intercept: -7.272172649507837
  building_age: -0.0007918588300933405
  crime_other_rate: 2.0004785336027573e-05
  crime_ucr_rate: -4.6671938444891716e-05
  jobs_within_30_min: -1.5684648368534437e-07
  land_area: 3.539523228428703e-05
  nodes_walk_ave_unit_sqft: 6.6081937292103675e-06
  nodes_walk_housing_cost: 2.070326140831179e-05
  nodes_walk_jobs: 2.5756819720981406e-05
  nodes_walk_lowinc_hhs: -0.0005298220855220398
  nodes_walk_midinc_hhs: 7.11246626764682e-05
  nodes_walk_node_r1500_sqft: -1.0849729037921987e-09
  nodes_walk_population: 7.033627691625039e-05
  nodes_walk_race_2_hhs: 0.0002846951063837244
  nodes_walk_race_4_hhs: 6.915564606785759e-05
  nodes_walk_residential: 0.0039607010391143034
  parcel_sqft: 1.9987608151383738e-05
  parcels_ave_unit_size: 4.928442137381516e-06
  parcels_total_sqft: -0.0001392215569568264
  parcels_zones_employment: 2.352125341182444e-05
  parcels_zones_jobs_within_30_min: 4.0707849623553294e-09
  parcels_zones_logsum_job_high_income: -5.12148368458426e-07
  parcels_zones_logsum_job_low_income: -8.102725813686294e-09
  parcels_zones_logsum_pop_high_income: 5.124025063639041e-07
  parcels_zones_logsum_pop_low_income: -1.0963430827574476e-08
  parcels_zones_population: 5.640306948216777e-05
  parcels_zones_retail_jobs: 0.00018551453143379282
  parcels_zones_transit_jobs_30min: 1.8491805222260862e-09
  parcels_zones_transit_jobs_50min: 6.169958869032938e-07
  residential_sqft: -7.922712524163883e-05
  sqft_per_unit: 1.7042564473526888e-05
  year_built: 0.005251349814014053
  zones_acres: -8.766181925737117e-05
  zones_employment: 1.4010887854578818e-06
  zones_households: -3.901787411694866e-05
  zones_logsum_job_high_income: -5.171895191810171e-07
  zones_logsum_job_low_income: -9.232524416935947e-09
  zones_logsum_pop_high_income: 3.7256826204014703e-07
  zones_logsum_pop_low_income: -6.8861242603643004e-09
  zones_population: 1.2181440557687237e-05
  zones_transit_jobs_30min: 7.598215255689229e-08
  zones_transit_jobs_50min: 1.981244414147969e-07
sample_size: 187885
score: 0.47980107875368094
