fit_filters:
- residential_units > 0
- sqft_price_res > 1
- sqft_price_res < 650
- hedonic_id == 14781
model_expression:
  left_side: np.log1p(sqft_price_res)
model_type: Regression
name: RegressionModel
predict_filters: hedonic_id == 14781
ytransform: np.exp
coef:
  building_age: -0.0005283557428346475
  building_sqft: -2.944320239591726e-17
  crime_other_rate: -5.74466782178047e-05
  crime_ucr_rate: 9.172128975101649e-05
  jobs_within_30_min: 1.4659407037850934e-07
  nodes_walk_housing_cost: 9.717277565360631e-06
  nodes_walk_node_r1500_sqft: -2.8242543328838073e-09
  nodes_walk_residential: 0.0025941707650634104
  parcel_sqft: -2.0126027323948965e-08
  parcels_ave_unit_size: -0.00022834371590780148
  parcels_zones_employment: -1.1210770040547119e-05
  parcels_zones_jobs_within_30_min: 9.695990098739851e-09
  parcels_zones_logsum_job_high_income: -1.0121824268710328e-06
  parcels_zones_logsum_job_low_income: -4.1436731509701394e-07
  parcels_zones_logsum_pop_high_income: 6.77018528675438e-07
  parcels_zones_logsum_pop_low_income: 2.485022251458789e-07
  parcels_zones_population: 1.887410512625185e-06
  parcels_zones_retail_jobs: -4.2195155850518416e-05
  parcels_zones_transit_jobs_30min: -1.6922860917675506e-05
  parcels_zones_transit_jobs_50min: 4.905024282664357e-06
  parcels_zones_z_total_jobs: -1.4768495807649483e-06
  residential_sqft: -0.000169497692044088
  sqft_per_unit: 0.00011682301997433913
  year_built: 0.0028744569450275493
  zones_acres: -9.165425622059649e-07
  zones_employment: -4.354505898057559e-07
  zones_logsum_job_high_income: -9.525539771264051e-07
  zones_logsum_job_low_income: -4.282031957886939e-07
  zones_logsum_pop_high_income: 5.035748919633831e-07
  zones_logsum_pop_low_income: 1.1883528933195702e-07
  zones_population: 2.7598260015771966e-06
  zones_retail_jobs: -1.9414183389683814e-05
  zones_transit_jobs_30min: -5.770632968954367e-06
  zones_transit_jobs_50min: 3.7884505255887614e-06
sample_size: 55447
score: 0.3563487764935124
