fit_filters:
- residential_units > 0
- sqft_price_res > 1
- sqft_price_res < 650
- hedonic_id == 12582
model_expression:
  left_side: np.log1p(sqft_price_res)
model_type: Regression
name: RegressionModel
predict_filters: hedonic_id == 12582
ytransform: np.exp
coef:
  Intercept: 1.7559279908368648
  building_age: -0.002286629025659053
  building_sqft: -5.813032090055533e-18
  crime_other_rate: -4.916629753602289e-05
  crime_ucr_rate: -6.226660708817444e-05
  jobs_within_30_min: -1.931673164823843e-07
  land_area: -4.042449987352483e-05
  nodes_walk_ave_unit_sqft: 1.4454458614264197e-05
  nodes_walk_highinc_hhs: 1.712160089102587e-05
  nodes_walk_households: 4.613150362650524e-05
  nodes_walk_housing_cost: -2.5303976472795353e-06
  nodes_walk_jobs: 7.519727589147501e-05
  nodes_walk_medical: -8.301253022755558e-05
  nodes_walk_midinc_hhs: 8.241778886645482e-05
  nodes_walk_node_r1500_sqft: -1.6820461894834543e-08
  nodes_walk_office: -7.762182573233922e-06
  nodes_walk_race_1_hhs: 6.449953268510954e-05
  nodes_walk_race_2_hhs: -0.00023465621122323053
  nodes_walk_race_3_hhs: 0.0004663328371779285
  nodes_walk_residential: 0.006658796578576685
  nodes_walk_retail_jobs: 0.00010535418116575631
  parcel_sqft: 3.6706738292926957e-06
  parcels_ave_unit_size: 0.00013198982819845673
  parcels_total_sqft: -3.80285216538297e-05
  parcels_zones_employment: 9.27933469560557e-07
  parcels_zones_households: 3.5727474448064154e-05
  parcels_zones_jobs_within_30_min: 1.0437924575349048e-07
  parcels_zones_logsum_job_high_income: 7.598541643770782e-07
  parcels_zones_logsum_job_low_income: 2.7181100943031466e-07
  parcels_zones_logsum_pop_high_income: -3.501131944333434e-07
  parcels_zones_logsum_pop_low_income: -4.8389054145988e-07
  parcels_zones_population: -4.598320212344482e-07
  parcels_zones_retail_jobs: 3.8382669847302374e-05
  parcels_zones_transit_jobs_30min: -5.863655810963625e-06
  parcels_zones_transit_jobs_50min: 1.6156856397697367e-09
  parcels_zones_z_total_jobs: 8.767048362471772e-06
  year_built: 0.0010966426451609942
  zones_acres: -2.4007056157054216e-06
  zones_employment: 2.4103536675797093e-06
  zones_households: 1.329507174109122e-06
  zones_logsum_job_high_income: 5.968509881578178e-07
  zones_logsum_job_low_income: 3.368194016902322e-07
  zones_logsum_pop_high_income: -2.311567252116048e-07
  zones_logsum_pop_low_income: -3.818965407813535e-07
  zones_population: -3.333138141949858e-06
  zones_retail_jobs: 9.213629636683692e-07
  zones_transit_jobs_30min: -1.8431177286286794e-06
  zones_transit_jobs_50min: 7.902793305081979e-08
  zones_z_total_jobs: 2.954710455308835e-06
sample_size: 47589
score: 0.7869204469200866
