fit_filters:
- residential_units > 0
- sqft_price_res > 1
- sqft_price_res < 650
- hedonic_id == 382
model_expression:
  left_side: np.log1p(sqft_price_res)
model_type: Regression
name: RegressionModel
predict_filters: hedonic_id == 382
ytransform: np.exp
coef:
  building_age: -9.768941389301957e-05
  building_sqft: 1.571962804392861e-20
  crime_other_rate: -0.00010238774515259944
  jobs_within_30_min: -5.721407123630418e-07
  land_area: -1.6890914869097847e-05
  nodes_walk_ave_unit_sqft: 0.00011010725573295492
  nodes_walk_highinc_hhs: -7.752325653444337e-05
  nodes_walk_housing_cost: -2.08788065358417e-06
  nodes_walk_jobs: 1.544343414199116e-05
  nodes_walk_lowinc_hhs: 0.00010762317333229468
  nodes_walk_node_r1500_sqft: 7.366299784012512e-09
  nodes_walk_population: 5.017087708147899e-06
  nodes_walk_race_1_hhs: -0.00018420834553337353
  nodes_walk_race_2_hhs: 0.0006154818807020421
  nodes_walk_residential: 0.0072674996036437125
  nodes_walk_retail_jobs: -0.0002562350219720386
  parcel_sqft: 3.898162617510387e-06
  parcels_ave_unit_size: 7.951354073709224e-05
  parcels_parcel_size: -3.6202656347186722e-06
  parcels_total_sqft: -0.00032450005733900374
  parcels_zones_employment: 1.0388850331379392e-05
  parcels_zones_households: -3.5307496255705947e-10
  parcels_zones_jobs_within_30_min: 3.03675889346756e-07
  parcels_zones_logsum_job_high_income: 2.685870944734039e-06
  parcels_zones_logsum_job_low_income: 9.199165790830724e-08
  parcels_zones_logsum_pop_high_income: -1.2206922940841402e-06
  parcels_zones_logsum_pop_low_income: -9.002107998667388e-08
  parcels_zones_population: -2.031481665995109e-05
  parcels_zones_retail_jobs: 1.7558845666129138e-05
  parcels_zones_transit_jobs_30min: 1.3312036829800966e-06
  parcels_zones_transit_jobs_50min: 8.123575169123343e-07
  parcels_zones_z_total_jobs: 5.45023725783131e-06
  residential_sqft: 0.00022123889138845191
  sqft_per_unit: -8.914288279825773e-05
  year_built: 0.0059311881870857406
  zones_acres: -2.1471995512032664e-05
  zones_employment: 4.531524762770719e-06
  zones_households: -1.663618874217477e-05
  zones_logsum_job_high_income: 2.716271989405419e-06
  zones_logsum_job_low_income: 7.090531251612853e-08
  zones_logsum_pop_high_income: -1.729810068650521e-06
  zones_logsum_pop_low_income: -1.2245975483940058e-07
  zones_population: -2.2991294031192184e-07
  zones_retail_jobs: 6.001660139099472e-08
  zones_transit_jobs_30min: 9.111205954478209e-07
  zones_transit_jobs_50min: 7.160777158018459e-07
  zones_z_total_jobs: 1.626424524858017e-06
sample_size: 19038
score: 0.7675392307336122
