fit_filters:
- residential_units > 0
- sqft_price_res > 1
- sqft_price_res < 650
- hedonic_id == 583
model_expression:
  left_side: np.log1p(sqft_price_res)
model_type: Regression
name: RegressionModel
predict_filters: hedonic_id == 583
ytransform: np.exp
coef:
  Intercept: -9.706354630542194
  b_ln_sqft_price_res: 0.00860656554638295
  b_total_households: 0.003322917403380619
  building_sqft: 1.1941748776882687e-05
  crime_other_rate: -1.4912615319209031e-05
  crime_ucr_rate: -6.371175078031479e-05
  jobs_within_30_min: 7.338526091855228e-07
  land_area: -2.491397014117113e-05
  nodes_walk_ave_nonres_sqft_price: 0.0010340783444747592
  nodes_walk_ave_unit_sqft: 8.083034520329502e-06
  nodes_walk_hhs_with_children: -0.00031483421837169703
  nodes_walk_housing_cost: 5.132846936851089e-06
  nodes_walk_jobs: -2.0693650651983626e-05
  nodes_walk_lowinc_hhs: -3.900264474204562e-05
  nodes_walk_midinc_hhs: 0.00020155763861303276
  nodes_walk_node_r1500_sqft: -3.4893149543328945e-08
  nodes_walk_office: 0.0009672740130112081
  nodes_walk_population: 2.4717149773166668e-05
  nodes_walk_race_1_hhs: 0.00020555635868946381
  nodes_walk_race_4_hhs: -0.00026284766892523804
  nodes_walk_residential: 0.0005633798136300686
  nodes_walk_retail: -0.0028004395079539797
  nodes_walk_retail_jobs: 4.184938146727872e-05
  parcel_sqft: 2.535143027775701e-06
  parcels_ave_unit_size: 2.552031691454511e-05
  parcels_total_sqft: -2.598971089320527e-06
  parcels_total_units: -0.0038993095083604333
  parcels_zones_jobs_within_30_min: -2.0077801471376564e-08
  residential_sqft: -1.1928438600232134e-05
  sqft_per_unit: -9.125053083214596e-05
  year_built: 0.007811041132227707
  zones_acres: -0.0003068588647370534
  zones_employment: -8.419695986366795e-06
  zones_logsum_job_high_income: -2.5997844226715787e-06
  zones_logsum_job_low_income: -2.262241696171e-08
  zones_logsum_pop_high_income: -1.6971534313494623e-07
  zones_logsum_pop_low_income: 1.579271381519684e-08
  zones_population: 4.861097036943674e-05
  zones_transit_jobs_30min: 2.1403797347588118e-06
  zones_transit_jobs_50min: -1.4806881132151216e-07
  zones_z_total_jobs: -5.299289038248281e-07
sample_size: 3094
score: 0.28070165318800255
