fit_filters:
- residential_units > 0
- sqft_price_res > 1
- sqft_price_res < 650
- hedonic_id == 383
model_type: regression
name: RegressionModel
predict_filters: hedonic_id == 383
target_variable: np.log1p(sqft_price_res)
ytransform: np.exp
fit_parameters:
  Coefficient:
    Intercept: 2.5181318117875717
    building_age: -0.00010139370042933096
    building_sqft: 1.1315108063752429e-05
    crime_other_rate: 4.889447207333892e-05
    crime_ucr_rate: -0.0003456934426554452
    jobs_within_30_min: -1.2983372644736557e-07
    land_area: 6.807584736283979e-07
    nodes_walk_ave_nonres_sqft_price: -0.00012651589429056416
    nodes_walk_ave_unit_sqft: -8.670600827898947e-05
    nodes_walk_highinc_hhs: 0.0022900319961632653
    nodes_walk_housing_cost: 7.3789340885017245e-06
    nodes_walk_industrial: -0.0009118676975062396
    nodes_walk_jobs: -2.847561600960667e-06
    nodes_walk_lowinc_hhs: -1.8556912940708128e-05
    nodes_walk_medical: 0.00010321842816390144
    nodes_walk_node_r1500_sqft: -4.308188628214556e-08
    nodes_walk_office: 0.0008072935369566645
    nodes_walk_population: 2.249992337471545e-05
    nodes_walk_race_1_hhs: -0.00019269982461240048
    nodes_walk_race_2_hhs: -0.00011965573554687232
    nodes_walk_race_3_hhs: 0.0030093516864723733
    nodes_walk_race_4_hhs: 0.0007687265919054001
    nodes_walk_retail_jobs: 0.00034189666971769125
    parcel_sqft: 4.4687011543703996e-07
    parcels_ave_unit_size: -0.00012472849681194846
    parcels_parcel_size: -3.9862411324560186e-07
    parcels_total_job_spaces: 0.001382717966632616
    parcels_total_sqft: -3.5666113933102246e-07
    parcels_total_units: -0.0010644100166625483
    parcels_zones_jobs_within_30_min: 1.573342524405936e-07
    residential_sqft: -1.3423396841610901e-05
    sqft_per_unit: -0.00030107624290880115
    year_built: 0.0006580836227953193
    zones_acres: 0.00011924183914281645
    zones_employment: 2.680990229175838e-05
    zones_households: 6.123066138750165e-05
    zones_logsum_job_high_income: 4.7074440855805383e-07
    zones_logsum_job_low_income: -6.974434934491158e-08
    zones_logsum_job_mid_income: -1.4885511679227464e-07
    zones_logsum_pop_high_income: 1.0323050901926947e-07
    zones_logsum_pop_low_income: 2.8411105088387533e-08
    zones_logsum_pop_mid_income: 5.7396370385244467e-08
    zones_population: -2.9404866971418835e-05
    zones_retail_jobs: 0.0002058371917219623
    zones_transit_jobs_30min: 3.531129877746018e-05
    zones_transit_jobs_50min: -8.677386593936409e-07
    zones_z_total_jobs: 8.546795775720141e-07
fit_rsquared: 0.33254731895810763
fit_rsquared_adj: 0.33254731895810763
fitted: true
model_expression:
  left_side: np.log1p(sqft_price_res)
  right_side:
  - year_built
  - sqft_per_unit
  - land_area
  - residential_sqft
  - building_sqft
  - jobs_within_30_min
  - parcel_sqft
  - crime_ucr_rate
  - crime_other_rate
  - building_age
  - parcels_parcel_size
  - parcels_ave_unit_size
  - parcels_total_units
  - parcels_total_job_spaces
  - parcels_total_sqft
  - parcels_zones_jobs_within_30_min
  - zones_acres
  - zones_households
  - zones_population
  - zones_employment
  - zones_retail_jobs
  - zones_logsum_pop_high_income
  - zones_logsum_pop_mid_income
  - zones_logsum_pop_low_income
  - zones_logsum_job_high_income
  - zones_logsum_job_mid_income
  - zones_logsum_job_low_income
  - zones_z_total_jobs
  - zones_transit_jobs_50min
  - zones_transit_jobs_30min
  - nodes_walk_population
  - nodes_walk_lowinc_hhs
  - nodes_walk_highinc_hhs
  - nodes_walk_race_1_hhs
  - nodes_walk_race_2_hhs
  - nodes_walk_race_3_hhs
  - nodes_walk_race_4_hhs
  - nodes_walk_jobs
  - nodes_walk_retail_jobs
  - nodes_walk_node_r1500_sqft
  - nodes_walk_ave_nonres_sqft_price
  - nodes_walk_office
  - nodes_walk_industrial
  - nodes_walk_medical
  - nodes_walk_ave_unit_sqft
  - nodes_walk_housing_cost
sample_size: 4812
