fit_filters:
- residential_units > 0
- sqft_price_res > 1
- sqft_price_res < 650
- hedonic_id == 383
model_type: regression
name: RegressionModel
predict_filters: hedonic_id == 383
target_variable: np.log1p(sqft_price_res)
ytransform: np.exp
fit_parameters:
  Coefficient:
    Intercept: 2.5223842169631947
    building_age: -0.00010090004886414712
    building_sqft: 1.132695277396298e-05
    crime_other_rate: 4.932130221640876e-05
    crime_ucr_rate: -0.0003461578335350234
    jobs_within_30_min: -1.286961621396448e-07
    land_area: 6.585524752078835e-07
    nodes_walk_ave_nonres_sqft_price: -0.00012717053524499691
    nodes_walk_ave_unit_sqft: -8.668104992500764e-05
    nodes_walk_highinc_hhs: 0.0022895716853796604
    nodes_walk_housing_cost: 7.375321649224737e-06
    nodes_walk_industrial: -0.0009109631267950723
    nodes_walk_jobs: -2.962878454664678e-06
    nodes_walk_lowinc_hhs: -2.2416246228333767e-05
    nodes_walk_medical: 0.0001023825741736071
    nodes_walk_node_r1500_sqft: -4.309262781779566e-08
    nodes_walk_office: 0.0008078257689136832
    nodes_walk_population: 2.4188436975791146e-05
    nodes_walk_race_1_hhs: -0.00019412685966787015
    nodes_walk_race_2_hhs: -0.00012048693063468243
    nodes_walk_race_3_hhs: 0.0030153770764378696
    nodes_walk_race_4_hhs: 0.0007574118136030232
    nodes_walk_retail_jobs: 0.00034175602555222854
    parcel_sqft: 4.4752986615857757e-07
    parcels_ave_unit_size: -0.0001246840384294953
    parcels_parcel_size: -4.0066385744308834e-07
    parcels_total_job_spaces: 0.001381701314401851
    parcels_total_sqft: -3.5581919166452297e-07
    parcels_total_units: -0.001064499252154192
    parcels_zones_jobs_within_30_min: 1.5692379411645682e-07
    residential_sqft: -1.3441210356575514e-05
    sqft_per_unit: -0.00030102321819334515
    year_built: 0.0006561750825576199
    zones_acres: 0.00011947565888942542
    zones_employment: 2.676885940182763e-05
    zones_households: 6.256357296961346e-05
    zones_logsum_job_high_income: 4.6736908342605153e-07
    zones_logsum_job_low_income: -7.137145077898774e-08
    zones_logsum_job_mid_income: -1.4773915575950636e-07
    zones_logsum_pop_high_income: 1.0451273041402296e-07
    zones_logsum_pop_low_income: 2.9682159785353906e-08
    zones_logsum_pop_mid_income: 5.631086481580987e-08
    zones_population: -3.0123840604236768e-05
    zones_retail_jobs: 0.00020577147355854076
    zones_transit_jobs_30min: 3.536284179456824e-05
    zones_transit_jobs_50min: -8.73393009661935e-07
    zones_z_total_jobs: 8.565178780457145e-07
fit_rsquared: 0.33276751502620716
fitted: true
model_expression:
  left_side: np.log1p(sqft_price_res)
  right_side:
  - year_built
  - sqft_per_unit
  - land_area
  - residential_sqft
  - building_sqft
  - jobs_within_30_min
  - parcel_sqft
  - crime_ucr_rate
  - crime_other_rate
  - building_age
  - parcels_parcel_size
  - parcels_ave_unit_size
  - parcels_total_units
  - parcels_total_job_spaces
  - parcels_total_sqft
  - parcels_zones_jobs_within_30_min
  - zones_acres
  - zones_households
  - zones_population
  - zones_employment
  - zones_retail_jobs
  - zones_logsum_pop_high_income
  - zones_logsum_pop_mid_income
  - zones_logsum_pop_low_income
  - zones_logsum_job_high_income
  - zones_logsum_job_mid_income
  - zones_logsum_job_low_income
  - zones_z_total_jobs
  - zones_transit_jobs_50min
  - zones_transit_jobs_30min
  - nodes_walk_population
  - nodes_walk_lowinc_hhs
  - nodes_walk_highinc_hhs
  - nodes_walk_race_1_hhs
  - nodes_walk_race_2_hhs
  - nodes_walk_race_3_hhs
  - nodes_walk_race_4_hhs
  - nodes_walk_jobs
  - nodes_walk_retail_jobs
  - nodes_walk_node_r1500_sqft
  - nodes_walk_ave_nonres_sqft_price
  - nodes_walk_office
  - nodes_walk_industrial
  - nodes_walk_medical
  - nodes_walk_ave_unit_sqft
  - nodes_walk_housing_cost
sample_size: 4812
