fit_filters:
- residential_units > 0
- sqft_price_res > 1
- sqft_price_res < 650
- hedonic_id == 16182
model_type: regression
name: RegressionModel
predict_filters: hedonic_id == 16182
target_variable: np.log1p(sqft_price_res)
ytransform: np.exp
fit_parameters:
  Coefficient:
    Intercept: 1.3421834247237352
    building_sqft: 4.4102204712683745e-18
    crime_other_rate: -6.246167425388093e-05
    crime_ucr_rate: -0.00013022485245222265
    jobs_within_30_min: -7.706335747257997e-07
    land_area: 5.871308616213812e-07
    nodes_walk_ave_unit_sqft: -6.290490568583284e-06
    nodes_walk_highinc_hhs: 9.010798546752502e-05
    nodes_walk_housing_cost: 5.329715594242625e-06
    nodes_walk_jobs: 7.647781616518163e-05
    nodes_walk_lowinc_hhs: -0.000510410919335445
    nodes_walk_medical: -8.700846135814779e-05
    nodes_walk_node_r1500_sqft: 2.8141810327678375e-09
    nodes_walk_race_1_hhs: 7.092981691501137e-05
    nodes_walk_race_2_hhs: -0.0008756025450811145
    nodes_walk_race_3_hhs: 0.0002715896516902483
    nodes_walk_residential: 0.002007235379180291
    nodes_walk_retail: -0.00019822638120898977
    parcel_sqft: 1.0655845302910588e-05
    parcels_ave_unit_size: -0.00018653967252414127
    parcels_parcel_size: -1.3923613653588974e-05
    parcels_total_sqft: -0.0002575511151553619
    parcels_zones_jobs_within_30_min: -4.384145091951763e-07
    residential_sqft: 0.00026133517195000834
    sqft_per_unit: -9.809520037919613e-05
    year_built: 0.0017137072906678239
    zones_acres: 1.4658431600101244e-05
    zones_households: -9.942992792068457e-05
    zones_logsum_job_high_income: 1.2011884836740937e-05
    zones_logsum_job_low_income: 3.6083136171810177e-07
    zones_logsum_job_mid_income: -3.6900452363328644e-07
    zones_logsum_pop_high_income: -6.479350382083845e-06
    zones_logsum_pop_low_income: -2.3621685822796769e-07
    zones_logsum_pop_mid_income: 3.547536515684565e-07
    zones_population: 6.947093931177514e-05
    zones_retail_jobs: 0.00012129228323519324
    zones_transit_jobs_30min: 4.3500025856562224e-07
    zones_transit_jobs_50min: -2.026347770108087e-06
    zones_z_total_jobs: -1.0037131887625076e-05
  Std. Error: {}
  T-Score: {}
fit_rsquared: 0.7029441283137265
fit_rsquared_adj: 0.7029441283137265
fitted: true
model_expression:
  left_side: np.log1p(sqft_price_res)
  right_side:
  - year_built
  - sqft_per_unit
  - land_area
  - residential_sqft
  - building_sqft
  - jobs_within_30_min
  - parcel_sqft
  - crime_ucr_rate
  - crime_other_rate
  - parcels_parcel_size
  - parcels_ave_unit_size
  - parcels_total_sqft
  - parcels_zones_jobs_within_30_min
  - zones_acres
  - zones_households
  - zones_population
  - zones_retail_jobs
  - zones_logsum_pop_high_income
  - zones_logsum_pop_mid_income
  - zones_logsum_pop_low_income
  - zones_logsum_job_high_income
  - zones_logsum_job_mid_income
  - zones_logsum_job_low_income
  - zones_z_total_jobs
  - zones_transit_jobs_50min
  - zones_transit_jobs_30min
  - nodes_walk_lowinc_hhs
  - nodes_walk_highinc_hhs
  - nodes_walk_race_1_hhs
  - nodes_walk_race_2_hhs
  - nodes_walk_race_3_hhs
  - nodes_walk_jobs
  - nodes_walk_node_r1500_sqft
  - nodes_walk_residential
  - nodes_walk_retail
  - nodes_walk_medical
  - nodes_walk_ave_unit_sqft
  - nodes_walk_housing_cost
sample_size: 11993
