fit_filters:
- residential_units > 0
- sqft_price_res > 1
- sqft_price_res < 650
- hedonic_id == 9983
model_expression:
  left_side: np.log1p(sqft_price_res)
model_type: Regression
name: RegressionModel
predict_filters: hedonic_id == 9983
ytransform: np.exp
coef:
  Intercept: -1.4102261393491018
  building_sqft: 8.789587446915743e-06
  crime_other_rate: -9.769009201767281e-05
  crime_ucr_rate: 0.0002923628078330075
  jobs_within_30_min: -9.545476826120763e-07
  land_area: 5.403742555211178e-06
  nodes_walk_ave_nonres_sqft_price: -0.0008666106788033718
  nodes_walk_ave_unit_sqft: 5.3839854052985035e-05
  nodes_walk_highinc_hhs: 0.0026953307590937025
  nodes_walk_households: 6.842037063511907e-05
  nodes_walk_housing_cost: 1.867247604349502e-06
  nodes_walk_industrial: 0.0005965892812128707
  nodes_walk_jobs: -3.912658705823074e-06
  nodes_walk_lowinc_hhs: -4.723205996540529e-05
  nodes_walk_medical: 0.0007627706034781226
  nodes_walk_midinc_hhs: 7.829666384823391e-06
  nodes_walk_node_r1500_sqft: -5.531470894766036e-09
  nodes_walk_office: -2.609418025012716e-05
  nodes_walk_population: -3.476578024307721e-05
  nodes_walk_race_2_hhs: 5.429141827474716e-05
  nodes_walk_retail: -0.0009119212261442135
  nodes_walk_retail_jobs: 0.00020301818463659707
  parcel_sqft: 4.047034467339466e-07
  parcels_ave_unit_size: 1.721624402239481e-05
  parcels_total_sqft: 2.8244300441877004e-07
  parcels_total_units: -0.0019761525372481293
  parcels_zones_households: 7.987953715016017e-05
  parcels_zones_jobs_within_30_min: 2.3478879692525652e-07
  parcels_zones_logsum_job_high_income: 4.8923259965939205e-06
  parcels_zones_logsum_job_low_income: -2.0264940260314848e-07
  parcels_zones_logsum_pop_high_income: -2.2124012194529027e-06
  parcels_zones_logsum_pop_low_income: 4.0212175713297935e-08
  parcels_zones_population: -2.871208561241971e-05
  parcels_zones_retail_jobs: 2.8418765702717334e-05
  parcels_zones_transit_jobs_30min: 6.417100653840794e-06
  parcels_zones_transit_jobs_50min: 6.289289154633729e-07
  parcels_zones_z_total_jobs: 1.1041181966708587e-05
  residential_sqft: -9.076692523117767e-06
  sqft_per_unit: -0.0005432518688814098
  year_built: 0.002995373621999589
  zones_acres: -5.857239117093719e-05
  zones_households: 9.698242198356157e-05
  zones_logsum_job_high_income: 4.713979928479819e-06
  zones_logsum_job_low_income: -1.5808868927692142e-07
  zones_logsum_pop_high_income: -3.0096282786914294e-06
  zones_logsum_pop_low_income: 1.0816178631422616e-07
  zones_population: -2.8378734731207798e-05
  zones_retail_jobs: 3.584675511919617e-05
  zones_transit_jobs_30min: 2.7537122440834534e-06
  zones_transit_jobs_50min: 4.1240874216317853e-07
  zones_z_total_jobs: 1.1480088264124365e-06
sample_size: 3764
score: 0.3352574929950983
