fit_filters:
- residential_units > 0
- sqft_price_res > 1
- sqft_price_res < 650
- hedonic_id == 381
model_expression:
  left_side: np.log1p(sqft_price_res)
model_type: Regression
name: RegressionModel
predict_filters: hedonic_id == 381
ytransform: np.exp
coef:
  building_age: -0.0010893682384172886
  crime_other_rate: 6.628394368073186e-06
  crime_ucr_rate: -0.00037074475671632876
  jobs_within_30_min: -8.344507025681137e-08
  land_area: 0.00010297737061789821
  nodes_walk_ave_unit_sqft: 5.126985634704566e-06
  nodes_walk_housing_cost: -3.900610936750469e-07
  nodes_walk_lowinc_hhs: -0.00014624128028605576
  nodes_walk_node_r1500_sqft: -3.2423315332712246e-09
  nodes_walk_population: 7.405010820083761e-05
  nodes_walk_race_1_hhs: 2.173574620077513e-05
  nodes_walk_race_2_hhs: -0.00048758553785586956
  nodes_walk_residential: 0.005785012201571053
  parcel_sqft: -1.7861219584999735e-08
  parcels_ave_unit_size: 4.3730706402640955e-05
  parcels_total_sqft: -0.0001146314739562978
  parcels_zones_employment: 5.169409288893642e-06
  parcels_zones_jobs_within_30_min: 1.67954738682151e-07
  parcels_zones_logsum_job_high_income: -1.0722520107057854e-06
  parcels_zones_logsum_job_low_income: -2.0817749238509806e-07
  parcels_zones_logsum_pop_high_income: 7.040233939004024e-07
  parcels_zones_logsum_pop_low_income: 1.3007253828140567e-07
  parcels_zones_population: -2.8959341231319918e-11
  parcels_zones_transit_jobs_30min: -2.219927105722735e-06
  parcels_zones_transit_jobs_50min: 2.668520504863494e-07
  parcels_zones_z_total_jobs: 1.654293413718226e-07
  residential_sqft: -0.00012422191526150546
  sqft_per_unit: 0.00014027655710297684
  year_built: 0.0021753206966297575
  zones_acres: 2.9175846970847284e-06
  zones_employment: 2.6410459058334086e-06
  zones_logsum_job_high_income: -1.1131857435537845e-06
  zones_logsum_job_low_income: -1.8376494639452002e-07
  zones_logsum_pop_high_income: 7.302082985834359e-07
  zones_logsum_pop_low_income: 1.558567296054633e-07
  zones_population: -2.5084435856392935e-06
  zones_transit_jobs_30min: -2.262751445055837e-06
  zones_transit_jobs_50min: 2.6657541752502214e-07
  zones_z_total_jobs: 5.03002729778092e-08
sample_size: 345019
score: 0.8154502574410406
