fit_filters:
- residential_units > 0
- sqft_price_res > 1
- sqft_price_res < 650
- hedonic_id == 16182
model_type: regression
name: RegressionModel
predict_filters: hedonic_id == 16182
target_variable: np.log1p(sqft_price_res)
ytransform: np.exp
fit_parameters:
  Coefficient:
    Intercept: 1.3476295799556914
    building_sqft: 2.709093532672282e-18
    crime_other_rate: -6.264827719906303e-05
    crime_ucr_rate: -0.0001301503207899664
    jobs_within_30_min: -7.685433629134513e-07
    land_area: 5.974969326725501e-07
    nodes_walk_ave_unit_sqft: -6.255563755836791e-06
    nodes_walk_highinc_hhs: 9.536961609837875e-05
    nodes_walk_housing_cost: 5.327055637856649e-06
    nodes_walk_jobs: 7.646099272403969e-05
    nodes_walk_lowinc_hhs: -0.0005077733976278756
    nodes_walk_medical: -8.832023181905264e-05
    nodes_walk_node_r1500_sqft: 2.833950054462966e-09
    nodes_walk_race_1_hhs: 6.89204612533788e-05
    nodes_walk_race_2_hhs: -0.0008681010246321536
    nodes_walk_race_3_hhs: 0.00026660421598840905
    nodes_walk_residential: 0.0020076526455684272
    nodes_walk_retail: -0.000197758864669079
    parcel_sqft: 1.0672277644854909e-05
    parcels_ave_unit_size: -0.0001863820262689821
    parcels_parcel_size: -1.3942304091049443e-05
    parcels_total_sqft: -0.0002574563993367644
    parcels_zones_jobs_within_30_min: -4.373884513630738e-07
    residential_sqft: 0.0002612455823705752
    sqft_per_unit: -9.797151125929646e-05
    year_built: 0.001711249105700093
    zones_acres: 1.4689076632982162e-05
    zones_households: -9.779203523193533e-05
    zones_logsum_job_high_income: 1.2013870142097871e-05
    zones_logsum_job_low_income: 3.6130234858405127e-07
    zones_logsum_job_mid_income: -3.6939958045231715e-07
    zones_logsum_pop_high_income: -6.482537603367783e-06
    zones_logsum_pop_low_income: -2.368242067877245e-07
    zones_logsum_pop_mid_income: 3.551707655549211e-07
    zones_population: 6.87700631767969e-05
    zones_retail_jobs: 0.0001217202377780785
    zones_transit_jobs_30min: 4.270112442792331e-07
    zones_transit_jobs_50min: -2.0232444525200976e-06
    zones_z_total_jobs: -1.0087041786582202e-05
fit_rsquared: 0.7028504665243636
fitted: true
sample_size: 11993
