fit_filters:
- residential_units > 0
- sqft_price_res > 1
- sqft_price_res < 650
- hedonic_id == 11582
model_expression:
  left_side: np.log1p(sqft_price_res)
model_type: Regression
name: RegressionModel
predict_filters: hedonic_id == 11582
ytransform: np.exp
coef:
  Intercept: 6.08987209481759
  crime_other_rate: -0.00015648097647341663
  crime_ucr_rate: 0.0011897250935372138
  jobs_within_30_min: 2.9414294669545463e-06
  land_area: 0.00011706114164519846
  nodes_walk_housing_cost: 3.1243388186926827e-06
  nodes_walk_jobs: 0.001053136041940394
  nodes_walk_medical: 9.64623846817963e-05
  nodes_walk_node_r1500_sqft: -8.983419540817186e-09
  nodes_walk_office: -0.000973226679422516
  nodes_walk_population: -0.0008297950535677393
  nodes_walk_race_2_hhs: -0.012307038548207654
  nodes_walk_retail: 0.001008062321006176
  parcel_sqft: 2.113045883967414e-05
  parcels_ave_unit_size: 0.00014303859336016884
  parcels_total_sqft: -9.286656571413042e-05
  parcels_zones_employment: 7.19272186300587e-05
  parcels_zones_households: -0.0008158269635360732
  parcels_zones_jobs_within_30_min: 2.8783835985828556e-07
  parcels_zones_logsum_job_high_income: -3.898239703063243e-06
  parcels_zones_logsum_job_low_income: 5.146412981785275e-06
  parcels_zones_logsum_pop_high_income: -4.3489679169245204e-07
  parcels_zones_logsum_pop_low_income: 4.938256043915683e-06
  parcels_zones_population: 0.00029067676575246683
  parcels_zones_retail_jobs: 0.0005089920266137221
  parcels_zones_transit_jobs_30min: -0.00013266384459519688
  parcels_zones_transit_jobs_50min: -6.485949706696595e-05
  parcels_zones_z_total_jobs: 6.876651179552031e-06
  sqft_per_unit: -0.0003101705394988047
  zones_acres: 5.4802176718880924e-05
  zones_employment: 0.00015372825506579867
  zones_households: -0.0006625958597605496
  zones_logsum_job_high_income: -4.010375253285465e-06
  zones_logsum_job_low_income: 5.57305169349911e-06
  zones_logsum_pop_high_income: 6.166735597858003e-07
  zones_logsum_pop_low_income: 5.188159930339387e-06
  zones_population: 0.00023975395061387092
  zones_retail_jobs: 0.0002217896983824304
  zones_transit_jobs_30min: -9.707711958730591e-05
  zones_transit_jobs_50min: -3.8479816022643455e-05
sample_size: 899
score: 0.9627925517620035
