fit_filters:
- residential_units > 0
- sqft_price_res > 1
- sqft_price_res < 650
- hedonic_id == 383
model_expression:
  left_side: np.log1p(sqft_price_res)
model_type: Regression
name: RegressionModel
predict_filters: hedonic_id == 383
ytransform: np.exp
coef:
  building_age: -1.6394902421553536e-05
  building_sqft: 1.042294223344296e-05
  crime_other_rate: 4.6940560971107526e-05
  crime_ucr_rate: -0.00023573604126631923
  jobs_within_30_min: -1.2356928628702247e-06
  land_area: -5.247551440959736e-06
  nodes_walk_ave_unit_sqft: -7.979475045431925e-06
  nodes_walk_housing_cost: 4.483790738127475e-06
  nodes_walk_industrial: 0.0004321566563091111
  nodes_walk_jobs: 7.180529862100685e-05
  nodes_walk_lowinc_hhs: -0.0002557824657797477
  nodes_walk_max_retail_far: -0.0039903129078570476
  nodes_walk_medical: 0.0006909578979857129
  nodes_walk_midinc_hhs: 0.00015832242908325614
  nodes_walk_node_r1500_sqft: -2.0403005257188262e-08
  nodes_walk_office: -0.0006331750737330035
  nodes_walk_population: 8.516919620719006e-05
  nodes_walk_race_3_hhs: 0.0020481420760957657
  nodes_walk_residential: 0.003220876003135263
  nodes_walk_retail: 0.00025764917759034617
  parcel_sqft: 1.1153686742765791e-06
  parcels_ave_unit_size: -4.834208353092033e-05
  parcels_total_sqft: 2.2768088016832302e-08
  parcels_zones_employment: 2.907852662714087e-06
  parcels_zones_households: -0.00015104414194756422
  parcels_zones_jobs_within_30_min: 1.311779326146325e-07
  parcels_zones_logsum_job_high_income: 1.113302945063754e-06
  parcels_zones_logsum_job_low_income: 1.4913746133141922e-07
  parcels_zones_logsum_pop_high_income: 5.242131171537638e-07
  parcels_zones_logsum_pop_low_income: 3.2947041740279625e-08
  parcels_zones_population: 8.345970871541863e-05
  parcels_zones_retail_jobs: 0.00012913942520222313
  parcels_zones_transit_jobs_30min: -1.5622456551131528e-06
  parcels_zones_transit_jobs_50min: -1.3188312456908751e-06
  parcels_zones_z_total_jobs: 3.5475024240807835e-05
  residential_sqft: -2.1436124210004813e-05
  sqft_per_unit: -0.00027543136370594364
  year_built: 0.003009585611803679
  zones_acres: -9.228493090539633e-05
  zones_employment: 2.818843921715271e-07
  zones_households: -0.00022369428970634282
  zones_logsum_job_high_income: 1.264206010775499e-06
  zones_logsum_job_low_income: 1.2436596353559282e-07
  zones_logsum_pop_high_income: -1.0081402947210164e-06
  zones_logsum_pop_low_income: -1.968774613079288e-08
  zones_population: 2.887738137157479e-05
  zones_retail_jobs: 3.580890668560355e-06
  zones_transit_jobs_30min: -3.901772613603429e-06
  zones_transit_jobs_50min: -1.1816978018084807e-06
  zones_z_total_jobs: 1.287037738499043e-06
sample_size: 1064
score: 0.4987580446647427
