fit_filters:
- residential_units > 0
- sqft_price_res > 1
- sqft_price_res < 650
- hedonic_id == 14781
model_type: regression
name: RegressionModel
predict_filters: hedonic_id == 14781
target_variable: np.log1p(sqft_price_res)
ytransform: np.exp
fit_parameters:
  Coefficient:
    Intercept: -2.055699818505448
    building_age: -0.0003891355406324086
    building_sqft: -1.1800733608311947e-20
    crime_other_rate: -6.685769123334594e-05
    crime_ucr_rate: 0.00012404626471652217
    jobs_within_30_min: 6.570806052770543e-07
    land_area: -4.006818101824399e-06
    nodes_walk_housing_cost: 9.818327748596954e-06
    nodes_walk_node_r1500_sqft: -2.526357307168531e-09
    nodes_walk_residential: 0.002122409574561283
    parcel_sqft: -1.8385361754354127e-08
    parcels_ave_unit_size: -0.00022392456852821828
    parcels_parcel_size: -2.667898821454231e-08
    parcels_pct_undev: 0.0002733400018543118
    parcels_total_sqft: -2.658327950920729e-05
    parcels_zones_jobs_within_30_min: 9.010339456934896e-09
    residential_sqft: -5.836500644030792e-05
    sqft_per_unit: 2.8355572421197714e-05
    year_built: 0.0033683809474318468
    zones_acres: -3.7866985984092145e-07
    zones_employment: -5.03464834842689e-06
    zones_logsum_job_high_income: -2.5973619169546885e-06
    zones_logsum_job_low_income: 3.759579580923898e-07
    zones_logsum_job_mid_income: -1.3140108832387682e-06
    zones_logsum_pop_high_income: 1.3415055996688791e-06
    zones_logsum_pop_low_income: -6.522645366067192e-07
    zones_logsum_pop_mid_income: 1.1111486507587915e-06
    zones_population: -2.878090538997478e-06
    zones_retail_jobs: -2.9810170191975073e-05
    zones_transit_jobs_30min: -1.5075786505112481e-05
    zones_transit_jobs_50min: 7.755937041461891e-06
    zones_z_total_jobs: -2.4794843601049943e-07
fit_rsquared: 0.35011589080347905
fitted: true
sample_size: 56604
