fit_filters:
- residential_units > 0
- sqft_price_res > 1
- sqft_price_res < 650
- hedonic_id == 381
model_expression:
  left_side: np.log1p(sqft_price_res)
model_type: Regression
name: RegressionModel
predict_filters: hedonic_id == 381
ytransform: np.exp
coef:
  Intercept: 1.2851361472498661
  building_age: -0.001983147140852763
  crime_other_rate: 5.387933892721714e-06
  crime_ucr_rate: -0.0003833560341231855
  jobs_within_30_min: -2.2697052802811637e-07
  land_area: 0.00010096911384332077
  nodes_walk_ave_unit_sqft: 5.8291980770263196e-06
  nodes_walk_housing_cost: -4.13732520982773e-07
  nodes_walk_lowinc_hhs: -0.00012029305581945475
  nodes_walk_node_r1500_sqft: -3.626109343590613e-09
  nodes_walk_population: 6.318346943377096e-05
  nodes_walk_race_1_hhs: 5.2879403259027075e-05
  nodes_walk_race_2_hhs: -0.0004712660095992066
  nodes_walk_residential: 0.005691012576709174
  parcel_sqft: -2.26979121152753e-08
  parcels_ave_unit_size: 4.9178412543486225e-05
  parcels_total_sqft: -3.3978977909944556e-06
  parcels_zones_employment: 4.480265452806222e-06
  parcels_zones_jobs_within_30_min: 3.222937056331264e-07
  parcels_zones_logsum_job_high_income: -1.0604247860904226e-06
  parcels_zones_logsum_job_low_income: -2.097703127827152e-07
  parcels_zones_logsum_pop_high_income: 6.894824226271351e-07
  parcels_zones_logsum_pop_low_income: 1.3020916018655916e-07
  parcels_zones_population: -1.8963456851431532e-07
  parcels_zones_transit_jobs_30min: -2.4412380443021773e-06
  parcels_zones_transit_jobs_50min: 2.3381903625107778e-07
  residential_sqft: -0.0002445038990533489
  sqft_per_unit: 0.000146053440660035
  year_built: 0.0013678404157638087
  zones_acres: 3.772900620789353e-06
  zones_employment: 2.7526929491315066e-06
  zones_logsum_job_high_income: -1.1102780610101364e-06
  zones_logsum_job_low_income: -1.83516968064651e-07
  zones_logsum_pop_high_income: 7.30785003037911e-07
  zones_logsum_pop_low_income: 1.5937345382574493e-07
  zones_population: -3.1641185610460115e-06
  zones_transit_jobs_30min: -2.3801986393606674e-06
  zones_transit_jobs_50min: 2.4860352143490145e-07
  zones_z_total_jobs: 7.770793325701624e-08
sample_size: 346199
score: 0.8018634019918862
