fit_filters:
- residential_units > 0
- sqft_price_res > 1
- sqft_price_res < 650
- hedonic_id == 9982
model_expression:
  left_side: np.log1p(sqft_price_res)
model_type: Regression
name: RegressionModel
predict_filters: hedonic_id == 9982
ytransform: np.exp
coef:
  Intercept: 2.105698187245972
  building_age: -0.0022518679989182895
  building_sqft: -6.190695859333779e-22
  crime_other_rate: -4.300128980276577e-05
  crime_ucr_rate: -1.4302123740904985e-05
  jobs_within_30_min: -5.512685427057031e-07
  land_area: -2.1532271981406107e-17
  nodes_walk_ave_nonres_sqft_price: 1.6727697938786295e-05
  nodes_walk_ave_unit_sqft: 4.539556083291348e-05
  nodes_walk_hhs_with_children: -0.00025508263427572207
  nodes_walk_households: 0.0006641240437616253
  nodes_walk_housing_cost: 5.328618498289963e-08
  nodes_walk_industrial: -0.0004316158839830102
  nodes_walk_jobs: -0.00016788283477749718
  nodes_walk_node_r1500_sqft: 7.534103857648879e-09
  nodes_walk_population: -0.00035311907524018636
  nodes_walk_race_2_hhs: 0.0006033119057254796
  nodes_walk_residential: 0.0070629812334334794
  nodes_walk_retail: 4.9313464024426326e-05
  parcel_sqft: 5.047138053450825e-06
  parcels_ave_unit_size: 0.00012456656303829792
  parcels_total_sqft: -2.6940568839794336e-05
  parcels_zones_jobs_within_30_min: 1.824101033171203e-07
  residential_sqft: -6.190695859333779e-22
  sqft_per_unit: -0.00020120805676162665
  year_built: 0.0008439620992863542
  zones_acres: -7.557165454073364e-06
  zones_employment: 8.574641884272583e-06
  zones_households: 2.691009842969513e-05
  zones_logsum_job_high_income: 3.2385973464285514e-06
  zones_logsum_job_low_income: 4.5929945141695206e-08
  zones_logsum_pop_high_income: -1.4181696857045972e-06
  zones_logsum_pop_low_income: -9.014899130161934e-08
  zones_population: -3.4531652505136354e-05
  zones_retail_jobs: 0.00010384689497625486
  zones_transit_jobs_30min: 5.5109257099038985e-06
  zones_transit_jobs_50min: -4.837655220947241e-06
sample_size: 41597
score: 0.6446271241202312
