fit_filters:
- residential_units > 0
- sqft_price_res > 1
- sqft_price_res < 650
- hedonic_id == 11583
model_expression:
  left_side: np.log1p(sqft_price_res)
model_type: Regression
name: RegressionModel
predict_filters: hedonic_id == 11583
ytransform: np.exp
coef:
  crime_other_rate: 0.0001549867742727225
  crime_ucr_rate: -0.0004944176060772072
  jobs_within_30_min: -2.1739211849687963e-06
  land_area: -1.2882317433690888e-05
  nodes_walk_ave_unit_sqft: -2.2289021212878635e-05
  nodes_walk_highinc_hhs: 0.0028247276400398037
  nodes_walk_households: 0.0016909424297883772
  nodes_walk_housing_cost: 4.2254146862749125e-06
  nodes_walk_jobs: 0.0001563306896907016
  nodes_walk_lowinc_hhs: -0.0004373551980213343
  nodes_walk_medical: 0.00031840082342915476
  nodes_walk_midinc_hhs: 6.696822132817893e-05
  nodes_walk_node_r1500_sqft: 3.2459356097258952e-09
  nodes_walk_population: -0.0009448505084050968
  nodes_walk_retail: -0.0006246659011774687
  nodes_walk_retail_jobs: -0.0014020302268324227
  parcel_sqft: -7.798880166654368e-07
  parcels_ave_unit_size: -0.0001175352905673618
  parcels_parcel_size: 1.2492812269763818e-06
  parcels_pct_undev: 0.002613097286275688
  parcels_total_job_spaces: -0.006714644174393754
  parcels_total_sqft: 1.0300640127683944e-06
  parcels_zones_employment: 0.00013518819623342196
  parcels_zones_households: 7.13196363333675e-05
  parcels_zones_jobs_within_30_min: 4.653024474993179e-07
  parcels_zones_logsum_job_high_income: -5.227511977195524e-06
  parcels_zones_logsum_job_low_income: 6.619064226380584e-06
  parcels_zones_logsum_pop_high_income: 2.8896845047700264e-06
  parcels_zones_logsum_pop_low_income: -1.867255930333426e-06
  parcels_zones_population: -4.293117235368213e-05
  parcels_zones_retail_jobs: -0.0002980233437860824
  parcels_zones_transit_jobs_30min: 1.5974486328173116e-05
  parcels_zones_transit_jobs_50min: -1.906986494990349e-05
  parcels_zones_z_total_jobs: 2.3336610163091203e-06
  residential_sqft: -1.2739805107630345e-05
  sqft_per_unit: -0.0002387692937879106
  zones_acres: -5.622583878854325e-06
  zones_employment: 2.1480371063453816e-05
  zones_households: 0.00010972621411228415
  zones_logsum_job_high_income: -5.178265219421695e-06
  zones_logsum_job_low_income: 6.539575165508902e-06
  zones_logsum_pop_high_income: 2.6154648390592875e-06
  zones_logsum_pop_low_income: -1.9652939881204687e-06
  zones_population: -4.5212854725305825e-05
  zones_retail_jobs: -4.7403272506337394e-05
  zones_transit_jobs_30min: 1.112662764132883e-05
  zones_transit_jobs_50min: -1.7026483648755135e-05
sample_size: 523
score: 0.4395680822250073
