fit_filters:
- residential_units > 0
- sqft_price_res > 1
- sqft_price_res < 650
- hedonic_id == 16183
model_type: regression
name: RegressionModel
predict_filters: hedonic_id == 16183
target_variable: np.log1p(sqft_price_res)
ytransform: np.exp
fit_parameters:
  Coefficient:
    Intercept: 2.7313224993940404
    b_total_households: 0.0005776721002700484
    building_age: 0.0007854409784935607
    building_sqft: 5.7373072242666486e-06
    crime_other_rate: 0.0003210693403761248
    crime_ucr_rate: -0.0010353073413923767
    jobs_within_30_min: -6.246995539045296e-06
    land_area: -2.417705756856453e-06
    nodes_walk_ave_unit_sqft: -7.333424103513783e-06
    nodes_walk_highinc_hhs: 0.0009449233080541498
    nodes_walk_housing_cost: 7.795275876038621e-06
    nodes_walk_industrial: -4.277843461226712e-05
    nodes_walk_jobs: -1.835305302741479e-05
    nodes_walk_medical: 0.00042879852023009184
    nodes_walk_node_r1500_sqft: -2.4039781191497767e-09
    nodes_walk_office: 2.1149655421837233e-05
    nodes_walk_population: -7.884247137839678e-05
    nodes_walk_race_1_hhs: 0.0002869859991589318
    nodes_walk_race_3_hhs: -0.0005981678914086897
    nodes_walk_residential: 0.0011633757270966723
    parcel_sqft: 1.0164948264150578e-06
    parcels_ave_unit_size: -0.00036842666609368535
    parcels_parcel_size: -2.0412760476775263e-06
    parcels_pct_undev: -0.0033118340128226106
    parcels_total_sqft: 4.493327527335391e-07
    parcels_total_units: -0.0006715006924258513
    parcels_zones_jobs_within_30_min: -1.8315819605850737e-07
    residential_sqft: -7.3952736376994435e-06
    sqft_per_unit: -3.677263674751437e-05
    year_built: -1.0180002280729232e-05
    zones_acres: -0.00015288110723604912
    zones_employment: -8.464204924186183e-05
    zones_households: 0.0006258402319109196
    zones_logsum_job_high_income: -3.980177327409913e-06
    zones_logsum_job_low_income: 1.134366886425827e-07
    zones_logsum_job_mid_income: -9.838463375009012e-08
    zones_logsum_pop_high_income: 6.00016201586564e-06
    zones_logsum_pop_low_income: -1.3442999758883031e-07
    zones_logsum_pop_mid_income: 1.2244167289843184e-07
    zones_population: -0.00031693913739911695
    zones_retail_jobs: 0.0015461159616329437
    zones_transit_jobs_30min: 1.5480323445262236e-05
    zones_transit_jobs_50min: -3.3410688678161627e-06
    zones_z_total_jobs: -2.1232755465112137e-06
  Std. Error: {}
  T-Score: {}
fit_rsquared: 0.6737920545232109
fit_rsquared_adj: 0.6737920545232109
fitted: true
model_expression:
  left_side: np.log1p(sqft_price_res)
  right_side:
  - year_built
  - sqft_per_unit
  - land_area
  - residential_sqft
  - building_sqft
  - jobs_within_30_min
  - parcel_sqft
  - crime_ucr_rate
  - crime_other_rate
  - building_age
  - b_total_households
  - parcels_pct_undev
  - parcels_parcel_size
  - parcels_ave_unit_size
  - parcels_total_units
  - parcels_total_sqft
  - parcels_zones_jobs_within_30_min
  - zones_acres
  - zones_households
  - zones_population
  - zones_employment
  - zones_retail_jobs
  - zones_logsum_pop_high_income
  - zones_logsum_pop_mid_income
  - zones_logsum_pop_low_income
  - zones_logsum_job_high_income
  - zones_logsum_job_mid_income
  - zones_logsum_job_low_income
  - zones_z_total_jobs
  - zones_transit_jobs_50min
  - zones_transit_jobs_30min
  - nodes_walk_population
  - nodes_walk_highinc_hhs
  - nodes_walk_race_1_hhs
  - nodes_walk_race_3_hhs
  - nodes_walk_jobs
  - nodes_walk_node_r1500_sqft
  - nodes_walk_residential
  - nodes_walk_office
  - nodes_walk_industrial
  - nodes_walk_medical
  - nodes_walk_ave_unit_sqft
  - nodes_walk_housing_cost
sample_size: 3023
