fit_filters:
- residential_units > 0
- sqft_price_res > 1
- sqft_price_res < 650
- hedonic_id == 383
model_expression:
  left_side: np.log1p(sqft_price_res)
model_type: Regression
name: RegressionModel
predict_filters: hedonic_id == 383
ytransform: np.exp
coef:
  building_age: -1.5864820489407155e-05
  building_sqft: 1.1142566293347003e-05
  crime_other_rate: 4.60281603742139e-05
  crime_ucr_rate: -0.00022571030817083388
  jobs_within_30_min: -1.2401658309098736e-06
  land_area: -5.489715892205216e-06
  nodes_walk_ave_unit_sqft: -6.0470737373226094e-06
  nodes_walk_housing_cost: 4.491006113070323e-06
  nodes_walk_industrial: 0.00042529919866189517
  nodes_walk_jobs: 7.059844103827917e-05
  nodes_walk_lowinc_hhs: -0.0002663203976175266
  nodes_walk_max_retail_far: -0.004029857124365833
  nodes_walk_medical: 0.0006939664350937273
  nodes_walk_midinc_hhs: 0.00015287438866743282
  nodes_walk_node_r1500_sqft: -2.0225627551272414e-08
  nodes_walk_office: -0.0006539334110494754
  nodes_walk_population: 8.795730890595404e-05
  nodes_walk_race_3_hhs: 0.0020547017581475577
  nodes_walk_residential: 0.00317936184079293
  nodes_walk_retail: 0.0002768666312906788
  parcel_sqft: 6.686738276579141e-07
  parcels_ave_unit_size: -4.8404682280290377e-05
  parcels_landvalue: 1.6500138250227147e-07
  parcels_total_sqft: 2.36536806923975e-08
  parcels_zones_employment: 2.8599716376737826e-06
  parcels_zones_households: -0.0001522941388953105
  parcels_zones_jobs_within_30_min: 1.2504411340498988e-07
  parcels_zones_logsum_job_high_income: 1.0890900974721436e-06
  parcels_zones_logsum_job_low_income: 1.4712656976428113e-07
  parcels_zones_logsum_pop_high_income: 5.341114741411414e-07
  parcels_zones_logsum_pop_low_income: 3.403920998540332e-08
  parcels_zones_population: 8.429733211867269e-05
  parcels_zones_retail_jobs: 0.00013682215665002725
  parcels_zones_transit_jobs_30min: -1.5015396156616523e-06
  parcels_zones_transit_jobs_50min: -1.3158013252269119e-06
  parcels_zones_z_total_jobs: 3.532134777751851e-05
  residential_sqft: -2.232227884962832e-05
  sqft_per_unit: -0.00027648262923863666
  year_built: 0.0030033540101090032
  zones_acres: -8.792670578161235e-05
  zones_employment: 6.245282116079339e-08
  zones_households: -0.00022626804150608523
  zones_logsum_job_high_income: 1.238967003549906e-06
  zones_logsum_job_low_income: 1.2266867585878223e-07
  zones_logsum_pop_high_income: -9.922749419784373e-07
  zones_logsum_pop_low_income: -1.8258842133897943e-08
  zones_population: 2.9738502327253624e-05
  zones_retail_jobs: 3.5176604661385244e-06
  zones_transit_jobs_30min: -3.894718414454337e-06
  zones_transit_jobs_50min: -1.1776161504648935e-06
  zones_z_total_jobs: 1.4864686741712584e-06
sample_size: 1064
score: 0.4993381965820095
