fit_filters:
- residential_units > 0
- sqft_price_res > 1
- sqft_price_res < 650
- hedonic_id == 16182
model_expression:
  left_side: np.log1p(sqft_price_res)
model_type: Regression
name: RegressionModel
predict_filters: hedonic_id == 16182
ytransform: np.exp
coef:
  building_age: -0.00013217333588963354
  building_sqft: 3.789825901379717e-18
  crime_other_rate: -5.8822420120252985e-05
  crime_ucr_rate: -0.00010805622451902578
  jobs_within_30_min: -3.5585498439819053e-07
  land_area: 5.028010493291203e-07
  nodes_walk_ave_nonres_sqft_price: 1.7894535630363158e-05
  nodes_walk_housing_cost: 6.305804471199635e-06
  nodes_walk_industrial: -0.0001477152949063951
  nodes_walk_jobs: 8.833785008137892e-05
  nodes_walk_lowinc_hhs: -0.0006187563940077225
  nodes_walk_medical: -4.9805991845565065e-05
  nodes_walk_midinc_hhs: 0.0001280019549898211
  nodes_walk_node_r1500_sqft: 2.7986827442274847e-09
  nodes_walk_population: -4.048169997974795e-06
  nodes_walk_race_2_hhs: -0.000931276045988159
  nodes_walk_race_3_hhs: 0.0005312817746761666
  nodes_walk_residential: 0.0017334300128848676
  nodes_walk_retail: -0.00016275470653817067
  parcel_sqft: 1.2158887038935144e-05
  parcels_ave_unit_size: -0.00024050553944346596
  parcels_parcel_size: -1.6088533206415885e-05
  parcels_total_sqft: -0.00025544134916864107
  parcels_zones_households: -2.979604119292682e-05
  parcels_zones_jobs_within_30_min: -4.4409065645898e-07
  parcels_zones_logsum_job_high_income: 5.472404001474137e-06
  parcels_zones_logsum_job_low_income: -9.771215640479772e-09
  parcels_zones_logsum_pop_high_income: -2.9320058097903472e-06
  parcels_zones_logsum_pop_low_income: 7.472800120401037e-08
  parcels_zones_population: 3.261953221190174e-05
  parcels_zones_retail_jobs: 7.970661961594345e-05
  parcels_zones_transit_jobs_30min: 1.34302424387203e-07
  parcels_zones_transit_jobs_50min: -7.297853754762209e-07
  residential_sqft: 0.000260083825160266
  sqft_per_unit: -0.00010066453582646948
  year_built: 0.001804329336135771
  zones_acres: 1.916676640761777e-05
  zones_households: -2.8539281711336183e-05
  zones_logsum_job_high_income: 5.579009458321028e-06
  zones_logsum_job_low_income: -2.2746471908195134e-08
  zones_logsum_pop_high_income: -3.1284252386609663e-06
  zones_logsum_pop_low_income: 1.0074237728960324e-08
  zones_population: 2.207922861103799e-05
  zones_transit_jobs_30min: 2.9764573237218945e-07
  zones_transit_jobs_50min: -7.661202357153649e-07
  zones_z_total_jobs: -2.5091490907789178e-06
sample_size: 11993
score: 0.6984087285767273
