fit_filters:
- residential_units > 0
- sqft_price_res > 1
- sqft_price_res < 650
- hedonic_id == 14783
model_type: regression
name: RegressionModel
predict_filters: hedonic_id == 14783
target_variable: np.log1p(sqft_price_res)
ytransform: np.exp
fit_parameters:
  Coefficient:
    Intercept: 0.49524684337329017
    building_age: -3.7539322872230106e-05
    building_sqft: -2.712728261110041e-06
    crime_ucr_rate: -8.502299332279395e-05
    jobs_within_30_min: -9.30180994345555e-08
    land_area: -1.554756430479763e-05
    nodes_walk_ave_nonres_sqft_price: -0.002035990234102512
    nodes_walk_ave_unit_sqft: -0.0001530863508962498
    nodes_walk_hhs_with_children: -0.00016903722230010235
    nodes_walk_housing_cost: 9.766505976415347e-06
    nodes_walk_jobs: 9.911185661795809e-05
    nodes_walk_lowinc_hhs: 0.0024049755647371765
    nodes_walk_midinc_hhs: -0.0006239594681392855
    nodes_walk_node_r1500_sqft: 3.694564203679162e-08
    nodes_walk_office: 0.0010636833441301312
    nodes_walk_population: -0.0005951308711108113
    nodes_walk_retail_jobs: -0.00036876517502589965
    parcel_sqft: 1.7803157059533231e-06
    parcels_ave_unit_size: -4.230601541336809e-05
    parcels_parcel_size: -2.0728045335921884e-06
    parcels_pct_undev: -0.00013741160085090724
    parcels_total_sqft: -7.330885402931931e-06
    parcels_zones_jobs_within_30_min: 1.8682101141062575e-06
    residential_sqft: 1.473140258479286e-05
    sqft_per_unit: -0.0002985807147122812
    year_built: 0.0019204037489034282
    zones_acres: -4.5119024994934785e-05
    zones_employment: -0.00018007299271833698
    zones_households: -0.0007918731297862239
    zones_logsum_job_high_income: -3.227561921986817e-06
    zones_logsum_job_low_income: 8.420451961001134e-07
    zones_logsum_job_mid_income: 5.106279993424173e-06
    zones_logsum_pop_high_income: 1.8651705640376003e-06
    zones_logsum_pop_low_income: -9.225151982647498e-08
    zones_logsum_pop_mid_income: -2.9721252657768698e-06
    zones_population: 0.0004824107518948265
    zones_retail_jobs: 2.4022422572009924e-05
    zones_transit_jobs_30min: -6.521465313605246e-05
    zones_transit_jobs_50min: 8.063963889062785e-06
  Std. Error: {}
  T-Score: {}
fit_rsquared: 0.49810180322847397
fit_rsquared_adj: 0.49810180322847397
fitted: true
model_expression:
  left_side: np.log1p(sqft_price_res)
  right_side:
  - year_built
  - sqft_per_unit
  - land_area
  - residential_sqft
  - building_sqft
  - jobs_within_30_min
  - parcel_sqft
  - crime_ucr_rate
  - building_age
  - parcels_pct_undev
  - parcels_parcel_size
  - parcels_ave_unit_size
  - parcels_total_sqft
  - parcels_zones_jobs_within_30_min
  - zones_acres
  - zones_households
  - zones_population
  - zones_employment
  - zones_retail_jobs
  - zones_logsum_pop_high_income
  - zones_logsum_pop_mid_income
  - zones_logsum_pop_low_income
  - zones_logsum_job_high_income
  - zones_logsum_job_mid_income
  - zones_logsum_job_low_income
  - zones_transit_jobs_50min
  - zones_transit_jobs_30min
  - nodes_walk_population
  - nodes_walk_midinc_hhs
  - nodes_walk_lowinc_hhs
  - nodes_walk_hhs_with_children
  - nodes_walk_jobs
  - nodes_walk_retail_jobs
  - nodes_walk_node_r1500_sqft
  - nodes_walk_ave_nonres_sqft_price
  - nodes_walk_office
  - nodes_walk_ave_unit_sqft
  - nodes_walk_housing_cost
sample_size: 475
