fit_filters:
- residential_units > 0
- sqft_price_res > 1
- sqft_price_res < 650
- hedonic_id == 383
model_expression:
  left_side: np.log1p(sqft_price_res)
model_type: Regression
name: RegressionModel
predict_filters: hedonic_id == 383
ytransform: np.exp
coef:
  Intercept: 2.4154278094987784
  building_age: -9.886917891790743e-05
  building_sqft: 1.1982874187313993e-05
  crime_other_rate: 4.224090238960076e-05
  crime_ucr_rate: -0.00032271276211071146
  jobs_within_30_min: -1.6430265238172018e-07
  land_area: 1.0195355420962038e-06
  nodes_walk_ave_nonres_sqft_price: -0.0001561740270705418
  nodes_walk_ave_unit_sqft: -7.531408025796365e-05
  nodes_walk_highinc_hhs: 0.002189217377789134
  nodes_walk_housing_cost: 7.300738458817456e-06
  nodes_walk_industrial: -0.0008638659502305967
  nodes_walk_jobs: -1.94102047711307e-05
  nodes_walk_lowinc_hhs: -1.8836804972224698e-05
  nodes_walk_medical: 0.00014196698286905954
  nodes_walk_node_r1500_sqft: -4.020035715891471e-08
  nodes_walk_office: 0.0008191308329536247
  nodes_walk_population: 1.4534366226084154e-05
  nodes_walk_race_1_hhs: -0.0001453898563537217
  nodes_walk_race_2_hhs: -0.00016204808391034027
  nodes_walk_race_3_hhs: 0.002935760462569154
  nodes_walk_race_4_hhs: 0.0008946240269337704
  nodes_walk_retail_jobs: 0.00039875304282428596
  parcel_sqft: 2.2523447412310564e-07
  parcels_ave_unit_size: -0.00012213929078977274
  parcels_total_job_spaces: 0.0015403209247251623
  parcels_total_sqft: -3.399194615882724e-07
  parcels_total_units: -0.0008342526247674318
  parcels_zones_employment: 2.607916636336889e-05
  parcels_zones_households: 1.6538893128260866e-05
  parcels_zones_jobs_within_30_min: 1.3753024145833317e-07
  parcels_zones_logsum_job_high_income: 3.4374134726932413e-07
  parcels_zones_logsum_job_low_income: -1.2354559074987812e-07
  parcels_zones_logsum_pop_high_income: 1.4109742478176918e-07
  parcels_zones_logsum_pop_low_income: 6.683852834287722e-08
  parcels_zones_population: -9.616102629764837e-06
  parcels_zones_retail_jobs: 0.00020494609798744055
  parcels_zones_transit_jobs_30min: 2.2139486254444352e-05
  parcels_zones_transit_jobs_50min: -6.85886373511167e-07
  parcels_zones_z_total_jobs: 5.957029525100363e-07
  residential_sqft: -1.4007939552928266e-05
  sqft_per_unit: -0.0002967210713181156
  year_built: 0.0006927924948272128
  zones_acres: 0.00012604307746273696
  zones_employment: 1.1729412182608222e-07
  zones_households: 2.1634318213570545e-05
  zones_logsum_job_high_income: 2.889152699312505e-07
  zones_logsum_job_low_income: -1.04403424780109e-07
  zones_logsum_pop_high_income: -1.3369467190300854e-07
  zones_logsum_pop_low_income: 6.431222604532054e-08
  zones_population: -9.884761529472278e-06
  zones_retail_jobs: 8.698187477461187e-07
  zones_transit_jobs_30min: 1.1670500506324792e-05
  zones_transit_jobs_50min: -8.586183501585452e-07
sample_size: 4812
score: 0.32906899826242675
