fit_filters:
- residential_units > 0
- sqft_price_res > 1
- sqft_price_res < 650
- hedonic_id == 16183
model_expression:
  left_side: np.log1p(sqft_price_res)
model_type: Regression
name: RegressionModel
predict_filters: hedonic_id == 16183
ytransform: np.exp
coef:
  b_total_households: 0.000581523679956031
  building_age: 0.000803749022667829
  building_sqft: 6.054956260933329e-06
  crime_other_rate: 0.0003185157234609456
  crime_ucr_rate: -0.0010468952868078123
  jobs_within_30_min: -6.288950523016924e-06
  land_area: -2.512674247618536e-06
  nodes_walk_ave_unit_sqft: -1.9069226396905568e-14
  nodes_walk_highinc_hhs: 0.0009942729420722948
  nodes_walk_housing_cost: 7.952312104411943e-06
  nodes_walk_industrial: -6.252184973996284e-05
  nodes_walk_jobs: -1.8189853990012402e-05
  nodes_walk_medical: 0.00042455822937630485
  nodes_walk_node_r1500_sqft: -2.281614307064251e-09
  nodes_walk_office: 6.253540130900684e-05
  nodes_walk_population: -7.346670824929025e-05
  nodes_walk_race_1_hhs: 0.0002605823070699872
  nodes_walk_race_3_hhs: -0.0006048668617386276
  nodes_walk_residential: 0.0011216566094402575
  parcel_sqft: 1.0112165585019086e-06
  parcels_ave_unit_size: -0.0003793244100539374
  parcels_parcel_size: -2.0247273311248954e-06
  parcels_pct_undev: -0.0031912102674901068
  parcels_total_sqft: 4.4532367829844356e-07
  parcels_total_units: -0.0006727185272214198
  parcels_zones_employment: -8.824331277333779e-05
  parcels_zones_households: 0.00020552758403045944
  parcels_zones_jobs_within_30_min: -1.6119254709690012e-07
  parcels_zones_logsum_job_high_income: -2.2374010885999933e-06
  parcels_zones_logsum_job_low_income: 1.0793798794168948e-08
  parcels_zones_logsum_pop_high_income: 4.599432538854309e-06
  parcels_zones_logsum_pop_low_income: 5.2716495766068816e-08
  parcels_zones_population: -0.0001829891057541231
  parcels_zones_retail_jobs: 0.0013052993300286752
  parcels_zones_transit_jobs_30min: 8.549773320428212e-06
  parcels_zones_transit_jobs_50min: -8.578679989204995e-07
  parcels_zones_z_total_jobs: -1.17628038745741e-09
  residential_sqft: -7.725085908852824e-06
  sqft_per_unit: -3.482321684004212e-05
  zones_acres: -0.0001486457299491603
  zones_households: 0.0004393848943477619
  zones_logsum_job_high_income: -1.764950025502393e-06
  zones_logsum_job_low_income: 2.3884676946730365e-09
  zones_logsum_pop_high_income: 1.4433386591104003e-06
  zones_logsum_pop_low_income: -7.02244720413619e-08
  zones_population: -0.0001389332210899909
  zones_retail_jobs: 0.00025181096597015417
  zones_transit_jobs_30min: 7.188608275733425e-06
  zones_transit_jobs_50min: -2.5055688616957073e-06
sample_size: 3023
score: 0.6729202043847409
