fit_filters:
- residential_units > 0
- sqft_price_res > 1
- sqft_price_res < 650
- hedonic_id == 11581
model_type: regression
name: RegressionModel
predict_filters: hedonic_id == 11581
target_variable: np.log1p(sqft_price_res)
ytransform: np.exp
fit_parameters:
  Coefficient:
    Intercept: -2.54487153175124
    building_age: -8.487978812333792e-06
    crime_other_rate: -4.4904960420767305e-05
    crime_ucr_rate: 4.9422937851553025e-05
    jobs_within_30_min: 1.2047466808353726e-07
    land_area: 1.9172151834970566e-05
    nodes_walk_housing_cost: 3.338234363992985e-06
    nodes_walk_jobs: 4.3520701190729005e-05
    nodes_walk_node_r1500_sqft: 3.4499303389989506e-10
    nodes_walk_population: 1.3153723525762905e-05
    nodes_walk_residential: 0.003496014545640332
    parcel_sqft: -1.0390370756089724e-08
    parcels_ave_unit_size: -4.6732610588916605e-05
    parcels_parcel_size: 5.978901775804577e-09
    parcels_total_sqft: -5.770446913235524e-05
    sqft_per_unit: 4.791592496623648e-06
    year_built: 0.0035624070348937564
    zones_acres: 3.7252369825486906e-07
    zones_households: 3.681183309170171e-06
    zones_logsum_job_high_income: 8.326403548858518e-07
    zones_logsum_job_low_income: -2.124746170733199e-06
    zones_logsum_job_mid_income: 1.1580374524462924e-06
    zones_logsum_pop_high_income: -8.950675041580487e-07
    zones_logsum_pop_low_income: 3.4729079442639e-07
    zones_logsum_pop_mid_income: 2.0316075998317335e-07
    zones_transit_jobs_30min: -7.584501839951267e-05
    zones_transit_jobs_50min: 2.4399302393279326e-05
    zones_z_total_jobs: 2.2656640530477882e-05
fit_rsquared: 0.3870430214423505
fitted: true
sample_size: 49021
