fit_filters:
- residential_units > 0
- sqft_price_res > 1
- sqft_price_res < 650
- hedonic_id == 84
model_expression:
  left_side: np.log1p(sqft_price_res)
model_type: Regression
name: RegressionModel
predict_filters: hedonic_id == 84
ytransform: np.exp
coef:
  Intercept: 2.8732176591109244
  crime_other_rate: 0.00022759345337692793
  jobs_within_30_min: -8.731859007352978e-07
  land_area: 3.851459567025062e-05
  nodes_walk_ave_nonres_sqft_price: 0.00012369562169556875
  nodes_walk_hhs_with_children: -0.0021630350772272274
  nodes_walk_housing_cost: 9.663140848452158e-05
  nodes_walk_jobs: -0.000544814255683715
  nodes_walk_lowinc_hhs: 0.0014799774934496255
  nodes_walk_node_r1500_sqft: -3.0694217621444727e-09
  nodes_walk_office: -0.00023163880963069657
  nodes_walk_population: 0.00020248176380315418
  nodes_walk_race_1_hhs: -0.0007622844532351183
  nodes_walk_race_4_hhs: -0.00037716011760556025
  nodes_walk_retail_jobs: 0.00015136133589592046
  parcel_sqft: 6.719185147710723e-08
  parcels_ave_unit_size: -0.0024435385955546168
  parcels_pptytax: -0.009836185694063691
  parcels_total_sqft: -7.452519488192695e-07
  parcels_total_units: 0.0013077970274975807
  parcels_zones_jobs_within_30_min: -6.47147291898904e-07
  school_district_achievement: 0.0003356789338799077
  sqft_per_unit: 0.001749978272267546
  zones_acres: -1.7432220362493493e-06
  zones_employment: 5.096780221939936e-05
  zones_households: -0.0004032801043723454
  zones_logsum_job_high_income: 9.217601239057047e-06
  zones_logsum_job_low_income: -5.938449890176867e-08
  zones_logsum_pop_high_income: -4.632100108368556e-06
  zones_logsum_pop_low_income: -1.5404356387347115e-07
  zones_population: 0.00011540323002372311
  zones_retail_jobs: -1.5332980476172215e-05
  zones_transit_jobs_30min: 2.9066777565672056e-05
  zones_transit_jobs_50min: -7.337364826547478e-06
sample_size: 60148
score: 0.6461831058085882
