fit_filters:
- residential_units > 0
- sqft_price_res > 1
- sqft_price_res < 650
- hedonic_id == 583
model_expression:
  left_side: np.log1p(sqft_price_res)
model_type: Regression
name: RegressionModel
predict_filters: hedonic_id == 583
ytransform: np.exp
coef:
  building_age: -0.0012606713024645646
  building_sqft: 5.558504971046842e-06
  crime_other_rate: -7.843572294981098e-06
  crime_ucr_rate: -5.896341216237308e-05
  jobs_within_30_min: 7.232523105507769e-07
  land_area: -3.0591393293142376e-05
  nodes_walk_ave_nonres_sqft_price: 0.00010695465005539141
  nodes_walk_ave_unit_sqft: 7.493715883790736e-06
  nodes_walk_hhs_with_children: -0.0001717979464946069
  nodes_walk_housing_cost: 6.945951706750967e-06
  nodes_walk_jobs: -2.2211044561759337e-05
  nodes_walk_lowinc_hhs: -9.785658114175567e-05
  nodes_walk_midinc_hhs: 0.0003735362814308965
  nodes_walk_node_r1500_sqft: -3.7387945533289815e-08
  nodes_walk_office: 0.0003257749122296396
  nodes_walk_population: 7.90861684824515e-05
  nodes_walk_race_2_hhs: -3.896447978118565e-05
  nodes_walk_race_4_hhs: -0.00036054991241479806
  nodes_walk_residential: 3.991072491597097e-06
  parcel_sqft: 9.653897470718195e-06
  parcels_ave_unit_size: 8.512345990659916e-08
  parcels_landvalue: 2.0587789750417583e-07
  parcels_total_sqft: 9.641357068109177e-07
  parcels_total_units: -0.002325860674253198
  parcels_zones_employment: -1.1142771406153528e-05
  parcels_zones_households: -0.0002096388381335302
  parcels_zones_logsum_job_high_income: -1.2233691327758331e-06
  parcels_zones_logsum_job_low_income: -9.379541022542007e-10
  parcels_zones_logsum_pop_high_income: -1.2125230608507866e-06
  parcels_zones_logsum_pop_low_income: 1.4005132678988729e-08
  parcels_zones_population: 0.00010281586799749401
  parcels_zones_retail_jobs: -0.0001675412484914469
  parcels_zones_transit_jobs_30min: 8.854587304403648e-07
  parcels_zones_transit_jobs_50min: -7.593775829167532e-08
  parcels_zones_z_total_jobs: -2.7784407906143634e-07
  residential_sqft: -8.97672085642025e-06
  sqft_per_unit: -7.919338012473006e-05
  year_built: 0.0051095389987493725
  zones_acres: -0.0002359700329903953
  zones_employment: -1.3564380955980224e-07
  zones_households: -0.00015302082939987104
  zones_logsum_job_high_income: -1.0714165991973167e-06
  zones_logsum_job_low_income: -2.262621156809188e-09
  zones_logsum_pop_high_income: 7.483908444692921e-07
  zones_logsum_pop_low_income: 1.2097175176441817e-08
  zones_population: 7.959609243365008e-05
  zones_retail_jobs: -1.5178687604203165e-05
  zones_transit_jobs_30min: 6.294235819284583e-07
  zones_transit_jobs_50min: -1.4847266182498224e-07
sample_size: 2512
score: 0.23212854492630774
