fit_filters:
- residential_units > 0
- sqft_price_res > 1
- sqft_price_res < 650
- hedonic_id == 581
model_expression:
  left_side: np.log1p(sqft_price_res)
model_type: Regression
name: RegressionModel
predict_filters: hedonic_id == 581
ytransform: np.exp
coef:
  building_age: -0.0010446477994356434
  crime_other_rate: 2.0970778619290906e-05
  crime_ucr_rate: -4.711295346500988e-05
  jobs_within_30_min: -1.582404160990951e-07
  land_area: 2.234720462167569e-05
  nodes_walk_ave_unit_sqft: 2.893562522926564e-06
  nodes_walk_housing_cost: 2.0862709861478543e-05
  nodes_walk_jobs: 2.0623735388242226e-05
  nodes_walk_lowinc_hhs: -0.0005106425049252665
  nodes_walk_midinc_hhs: 8.36631811220414e-05
  nodes_walk_node_r1500_sqft: -3.13326053406689e-10
  nodes_walk_population: 5.828868201484054e-05
  nodes_walk_race_2_hhs: 0.00028446924867380646
  nodes_walk_race_4_hhs: 7.511465005250708e-05
  nodes_walk_residential: 0.004070407788030102
  parcel_sqft: 3.0494588201352293e-05
  parcels_ave_unit_size: 7.533527169979244e-06
  parcels_parcel_size: -1.7874402060372197e-05
  parcels_pct_undev: 0.0006046314572069966
  parcels_total_sqft: -0.0001731593005714888
  parcels_zones_employment: 2.3142211916973437e-05
  parcels_zones_jobs_within_30_min: 1.665955020304843e-08
  parcels_zones_logsum_job_high_income: -4.819381882204934e-07
  parcels_zones_logsum_job_low_income: -8.345099687046143e-09
  parcels_zones_logsum_pop_high_income: 4.7506683283047586e-07
  parcels_zones_logsum_pop_low_income: -1.067471316584835e-08
  parcels_zones_population: 5.5684188482301975e-05
  parcels_zones_retail_jobs: 0.00017250781901615122
  parcels_zones_transit_jobs_30min: 3.479557200624693e-10
  parcels_zones_transit_jobs_50min: 6.06594763541547e-07
  residential_sqft: -5.1328096010978614e-05
  sqft_per_unit: 2.5240733324991096e-05
  year_built: 0.005116946447915048
  zones_acres: -8.717119042918709e-05
  zones_employment: 2.409370844816417e-06
  zones_households: -4.023034715249929e-05
  zones_logsum_job_high_income: -4.883269249421002e-07
  zones_logsum_job_low_income: -9.303939290495522e-09
  zones_logsum_pop_high_income: 3.5029421515035516e-07
  zones_logsum_pop_low_income: -6.3808842438673116e-09
  zones_population: 1.2812057183458022e-05
  zones_transit_jobs_30min: 6.218021098472286e-08
  zones_transit_jobs_50min: 1.9548246805483152e-07
sample_size: 187885
score: 0.4863314033070433
