fit_filters:
- residential_units > 0
- sqft_price_res > 1
- sqft_price_res < 650
- hedonic_id == 382
model_expression:
  left_side: np.log1p(sqft_price_res)
model_type: Regression
name: RegressionModel
predict_filters: hedonic_id == 382
ytransform: np.exp
coef:
  Intercept: -7.675978869639792
  building_age: -9.706721964316859e-05
  crime_other_rate: -0.00010161426912817692
  jobs_within_30_min: -5.772134513547999e-07
  land_area: -1.6797246073257665e-05
  nodes_walk_ave_unit_sqft: 0.00011202133814153364
  nodes_walk_highinc_hhs: -7.761025294532573e-05
  nodes_walk_housing_cost: -2.076221075427389e-06
  nodes_walk_jobs: 1.4733893656810266e-05
  nodes_walk_lowinc_hhs: 0.00010306080475032849
  nodes_walk_node_r1500_sqft: 7.345446943378276e-09
  nodes_walk_population: 5.422937610382624e-06
  nodes_walk_race_1_hhs: -0.00018436051208216704
  nodes_walk_race_2_hhs: 0.000620074436442322
  nodes_walk_residential: 0.007276230052345458
  nodes_walk_retail_jobs: -0.0002544801311798438
  parcel_sqft: 3.192496120022771e-06
  parcels_ave_unit_size: 7.792557013494953e-05
  parcels_total_sqft: -0.000328264939611921
  parcels_zones_employment: 1.0816661989387338e-05
  parcels_zones_households: -3.2386354569371717e-10
  parcels_zones_jobs_within_30_min: 3.0704371653238393e-07
  parcels_zones_logsum_job_high_income: 2.665197804202501e-06
  parcels_zones_logsum_job_low_income: 9.201971125935263e-08
  parcels_zones_logsum_pop_high_income: -1.2059213871129929e-06
  parcels_zones_logsum_pop_low_income: -8.992236494441722e-08
  parcels_zones_population: -2.060558447855546e-05
  parcels_zones_retail_jobs: 1.767350850567248e-05
  parcels_zones_transit_jobs_30min: 1.290434322137508e-06
  parcels_zones_transit_jobs_50min: 8.135482610703537e-07
  parcels_zones_z_total_jobs: 5.368947185422526e-06
  residential_sqft: 0.00022518005872871144
  sqft_per_unit: -8.963053610937753e-05
  year_built: 0.005918917107159052
  zones_acres: -2.1645035312362738e-05
  zones_employment: 4.451711246321506e-06
  zones_households: -1.5729018308634548e-05
  zones_logsum_job_high_income: 2.695563112863948e-06
  zones_logsum_job_low_income: 7.105958325936085e-08
  zones_logsum_pop_high_income: -1.716459278396008e-06
  zones_logsum_pop_low_income: -1.2224559904922124e-07
  zones_population: -2.31578902222307e-07
  zones_retail_jobs: 6.261286845241295e-08
  zones_transit_jobs_30min: 8.76662105177165e-07
  zones_transit_jobs_50min: 7.181331085448197e-07
  zones_z_total_jobs: 1.578291594547965e-06
sample_size: 19038
score: 0.7674370760660955
