fit_filters:
- residential_units > 0
- sqft_price_res > 1
- sqft_price_res < 650
- hedonic_id == 9383
model_expression:
  left_side: np.log1p(sqft_price_res)
model_type: Regression
name: RegressionModel
predict_filters: hedonic_id == 9383
ytransform: np.exp
coef:
  b_total_jobs: -0.003804370113110678
  building_sqft: 0.0001815324918618208
  crime_other_rate: -9.304391852096924e-05
  crime_ucr_rate: 0.0004558134725869673
  jobs_within_30_min: 5.22319199925216e-06
  land_area: -1.4217512986004617e-06
  nodes_walk_housing_cost: 1.8911911588261992e-06
  nodes_walk_industrial: 0.0036844302568321873
  nodes_walk_jobs: -0.0002264073305188609
  nodes_walk_medical: 0.002101544605757967
  nodes_walk_node_r1500_sqft: -1.1826184077447178e-07
  nodes_walk_population: -0.0003856223791402747
  nodes_walk_retail_jobs: 0.002631117824076645
  parcel_sqft: 2.0186333536001205e-06
  parcels_total_sqft: 1.6604531420312862e-07
  parcels_total_units: 5.252618555551532e-05
  parcels_zones_employment: -0.00015770353745683867
  parcels_zones_households: 0.00048532019707404054
  parcels_zones_jobs_within_30_min: 7.67788468880555e-07
  parcels_zones_logsum_job_high_income: 8.331286909853415e-07
  parcels_zones_logsum_job_low_income: -1.0755295677138983e-05
  parcels_zones_logsum_pop_high_income: 6.131369886888765e-07
  parcels_zones_logsum_pop_low_income: -3.164209915214884e-06
  parcels_zones_population: -0.00013000840674380536
  parcels_zones_retail_jobs: -6.112487379615233e-08
  residential_sqft: -0.0001876661396312286
  sqft_per_unit: -0.00033267421419285966
  vacant_job_spaces: 0.005095567701011147
  zones_acres: 2.481046459236269e-05
  zones_households: 0.0003291068709414628
  zones_logsum_job_high_income: 7.214777184067567e-07
  zones_logsum_job_low_income: -1.0386905491472793e-05
  zones_logsum_pop_high_income: 2.3778253945779263e-06
  zones_logsum_pop_low_income: -2.913713555719149e-06
  zones_population: -0.00012154409843589802
  zones_retail_jobs: -0.00012827523034356463
sample_size: 57
score: 0.7825868393062487
