fit_filters:
- residential_units > 0
- sqft_price_res > 1
- sqft_price_res < 650
- hedonic_id == 9982
model_type: regression
name: RegressionModel
predict_filters: hedonic_id == 9982
target_variable: np.log1p(sqft_price_res)
ytransform: np.exp
fit_parameters:
  Coefficient:
    Intercept: 0.47886169745387797
    building_age: -0.0015390957248752762
    building_sqft: -1.8572087578001337e-21
    crime_other_rate: -4.8166715272600825e-05
    jobs_within_30_min: -6.985246473628175e-07
    land_area: -2.0963966101519263e-17
    nodes_walk_ave_nonres_sqft_price: 0.00016362896349369363
    nodes_walk_ave_unit_sqft: 0.00011750722704132187
    nodes_walk_hhs_with_children: -0.00029629533498317745
    nodes_walk_households: 0.00082596779764652
    nodes_walk_housing_cost: -1.4590493454425636e-06
    nodes_walk_industrial: -4.684696641211198e-05
    nodes_walk_jobs: -0.00012503653606475435
    nodes_walk_node_r1500_sqft: -6.369822882458873e-10
    nodes_walk_population: -0.00036461035077380764
    nodes_walk_race_2_hhs: 0.0002375430392142903
    nodes_walk_residential: 0.007268117969127004
    nodes_walk_retail: 3.7884208235839086e-05
    nodes_walk_retail_jobs: 1.3483070874376542e-05
    parcel_sqft: 2.3660129610197765e-05
    parcels_ave_unit_size: 0.00012965562319603843
    parcels_parcel_size: -7.581690370980508e-05
    parcels_total_sqft: -7.329582643247338e-05
    parcels_zones_jobs_within_30_min: 1.968440866367594e-07
    residential_sqft: -4.333487101533645e-21
    sqft_per_unit: -0.00022431981378670957
    year_built: 0.0015585095861911865
    zones_acres: -2.9194432796268213e-05
    zones_employment: 1.6378883733091512e-05
    zones_logsum_job_high_income: 2.969118569734764e-06
    zones_logsum_job_low_income: 1.8765983112011401e-06
    zones_logsum_job_mid_income: -6.791108888243772e-07
    zones_logsum_pop_high_income: -1.1854204313658888e-06
    zones_logsum_pop_low_income: -1.6016325982169628e-06
    zones_logsum_pop_mid_income: 6.746827731145136e-07
    zones_population: -2.6109232845126742e-05
    zones_retail_jobs: 7.338918154888146e-05
    zones_transit_jobs_30min: 3.03748250116297e-06
    zones_transit_jobs_50min: -4.649008553650577e-06
    zones_z_total_jobs: 1.7295638523516406e-11
fit_rsquared: 0.6796115354178303
fitted: true
model_expression:
  left_side: np.log1p(sqft_price_res)
  right_side:
  - year_built
  - sqft_per_unit
  - land_area
  - residential_sqft
  - building_sqft
  - jobs_within_30_min
  - parcel_sqft
  - crime_other_rate
  - building_age
  - parcels_parcel_size
  - parcels_ave_unit_size
  - parcels_total_sqft
  - parcels_zones_jobs_within_30_min
  - zones_acres
  - zones_population
  - zones_employment
  - zones_retail_jobs
  - zones_logsum_pop_high_income
  - zones_logsum_pop_mid_income
  - zones_logsum_pop_low_income
  - zones_logsum_job_high_income
  - zones_logsum_job_mid_income
  - zones_logsum_job_low_income
  - zones_z_total_jobs
  - zones_transit_jobs_50min
  - zones_transit_jobs_30min
  - nodes_walk_population
  - nodes_walk_households
  - nodes_walk_race_2_hhs
  - nodes_walk_hhs_with_children
  - nodes_walk_jobs
  - nodes_walk_retail_jobs
  - nodes_walk_node_r1500_sqft
  - nodes_walk_residential
  - nodes_walk_ave_nonres_sqft_price
  - nodes_walk_retail
  - nodes_walk_industrial
  - nodes_walk_ave_unit_sqft
  - nodes_walk_housing_cost
sample_size: 41597
