fit_filters:
- residential_units > 0
- sqft_price_res > 1
- sqft_price_res < 650
- hedonic_id == 14781
model_expression:
  left_side: np.log1p(sqft_price_res)
model_type: Regression
name: RegressionModel
predict_filters: hedonic_id == 14781
ytransform: np.exp
coef:
  building_age: -0.0005459003723980656
  building_sqft: -2.9591179112323396e-17
  crime_other_rate: -6.879660577940323e-05
  crime_ucr_rate: 0.000112921438166147
  jobs_within_30_min: 8.236211787325518e-08
  nodes_walk_housing_cost: 1.0631971570832818e-05
  nodes_walk_node_r1500_sqft: -2.161942452211115e-09
  nodes_walk_population: 7.06512475939204e-06
  nodes_walk_residential: 0.002250585464238851
  parcel_sqft: -6.276733733394254e-08
  parcels_ave_unit_size: -0.00026629332290835264
  parcels_landvalue: 6.552211130470194e-07
  parcels_zones_employment: -1.2831932688441726e-05
  parcels_zones_households: -2.519344266761427e-05
  parcels_zones_jobs_within_30_min: 3.0178101540478055e-07
  parcels_zones_logsum_job_high_income: -2.1957288124483632e-06
  parcels_zones_logsum_job_low_income: -4.3775179140016033e-07
  parcels_zones_logsum_pop_high_income: 1.270818241165054e-06
  parcels_zones_logsum_pop_low_income: 2.601223920372802e-07
  parcels_zones_retail_jobs: -5.510731296483631e-06
  parcels_zones_transit_jobs_30min: -1.5567989721709033e-05
  parcels_zones_transit_jobs_50min: 5.276496754043968e-06
  parcels_zones_z_total_jobs: -8.825085274096359e-06
  residential_sqft: -0.00017099379400389812
  sqft_per_unit: 0.0001062901282437608
  year_built: 0.002914762562492374
  zones_acres: 3.167573931837296e-08
  zones_employment: -1.6826732039772475e-07
  zones_logsum_job_high_income: -2.14382579606632e-06
  zones_logsum_job_low_income: -4.4911966784296666e-07
  zones_logsum_pop_high_income: 1.19704854124459e-06
  zones_logsum_pop_low_income: 1.5198905303030346e-07
  zones_population: 8.378138671479945e-06
  zones_retail_jobs: -1.3548305219598635e-05
  zones_transit_jobs_30min: -5.708270470805783e-06
  zones_transit_jobs_50min: 4.113248971765257e-06
sample_size: 55447
score: 0.35950203843034967
