fit_filters:
- residential_units > 0
- sqft_price_res > 1
- sqft_price_res < 650
- hedonic_id == 383
model_type: regression
name: RegressionModel
predict_filters: hedonic_id == 383
target_variable: np.log1p(sqft_price_res)
ytransform: np.exp
fit_parameters:
  Coefficient:
    Intercept: 2.52561519869154
    building_age: -0.00010169976503190559
    building_sqft: 1.132542818998985e-05
    crime_other_rate: 4.93341330340276e-05
    crime_ucr_rate: -0.0003455779351291151
    jobs_within_30_min: -1.266471016209163e-07
    land_area: 6.751658584303025e-07
    nodes_walk_ave_nonres_sqft_price: -0.00012733040549413807
    nodes_walk_ave_unit_sqft: -8.665686800470089e-05
    nodes_walk_highinc_hhs: 0.00228257777856448
    nodes_walk_housing_cost: 7.388834370213223e-06
    nodes_walk_industrial: -0.0009097862221845551
    nodes_walk_jobs: -3.376920798520908e-06
    nodes_walk_lowinc_hhs: -2.0910027265901022e-05
    nodes_walk_medical: 0.00010240400478385324
    nodes_walk_node_r1500_sqft: -4.316240895227505e-08
    nodes_walk_office: 0.0008081191319744828
    nodes_walk_population: 1.9199468287460045e-05
    nodes_walk_race_1_hhs: -0.0001811082429230162
    nodes_walk_race_2_hhs: -0.00011164988425896206
    nodes_walk_race_3_hhs: 0.0030306170161781007
    nodes_walk_race_4_hhs: 0.0007644538039474686
    nodes_walk_retail_jobs: 0.0003429436881145221
    parcel_sqft: 4.464082279612497e-07
    parcels_ave_unit_size: -0.00012500601426832
    parcels_parcel_size: -3.9958900746891844e-07
    parcels_total_job_spaces: 0.001382217873550381
    parcels_total_sqft: -3.5549988419092194e-07
    parcels_total_units: -0.0010616253137639628
    parcels_zones_jobs_within_30_min: 1.5653324693720964e-07
    residential_sqft: -1.3442848073301405e-05
    sqft_per_unit: -0.0003011617425310271
    year_built: 0.0006565427597927611
    zones_acres: 0.0001194712601128415
    zones_employment: 2.6720525155157003e-05
    zones_households: 5.830643742071026e-05
    zones_logsum_job_high_income: 4.733373867817599e-07
    zones_logsum_job_low_income: -6.985428420964994e-08
    zones_logsum_job_mid_income: -1.4751786301820718e-07
    zones_logsum_pop_high_income: 9.737341708323214e-08
    zones_logsum_pop_low_income: 2.8655892746457566e-08
    zones_logsum_pop_mid_income: 5.6541536818167827e-08
    zones_population: -2.83427940631071e-05
    zones_retail_jobs: 0.00020547350819239687
    zones_transit_jobs_30min: 3.538212149727283e-05
    zones_transit_jobs_50min: -8.863484734767897e-07
    zones_z_total_jobs: 8.581204678216525e-07
fit_rsquared: 0.33251380287147925
fitted: true
sample_size: 4812
