fit_filters:
- residential_units > 0
- sqft_price_res > 1
- sqft_price_res < 650
- hedonic_id == 16183
model_expression:
  left_side: np.log1p(sqft_price_res)
model_type: Regression
name: RegressionModel
predict_filters: hedonic_id == 16183
ytransform: np.exp
coef:
  Intercept: 2.9586058005588898
  building_age: 0.001416202612775011
  building_sqft: 6.474860778954526e-06
  crime_other_rate: 0.00029192418579997647
  crime_ucr_rate: -0.0009064139804237997
  jobs_within_30_min: -5.035416286930341e-06
  land_area: -3.266233425607817e-07
  nodes_walk_ave_nonres_sqft_price: 0.00016076534714775347
  nodes_walk_ave_unit_sqft: -9.087044824601612e-08
  nodes_walk_highinc_hhs: 0.00021380233049275865
  nodes_walk_housing_cost: 8.672980049100093e-06
  nodes_walk_industrial: 2.2600936344730427e-06
  nodes_walk_jobs: -4.111720509312124e-06
  nodes_walk_lowinc_hhs: -0.0006464986150986336
  nodes_walk_medical: 0.00046217188684647293
  nodes_walk_node_r1500_sqft: -1.4654593264072772e-08
  nodes_walk_population: 0.00010164226806395981
  nodes_walk_race_1_hhs: 0.00020165006453601856
  nodes_walk_race_4_hhs: -0.00027341873842329873
  nodes_walk_residential: 0.0009683809979912348
  nodes_walk_retail: -1.2412193967670534e-05
  nodes_walk_retail_jobs: -0.00028822991055343585
  parcel_sqft: -2.777528009350775e-07
  parcels_ave_unit_size: -0.00045926647795380734
  parcels_total_sqft: 8.055237941458898e-07
  parcels_total_units: 0.00012841086234335986
  parcels_zones_employment: -8.838603884870239e-05
  parcels_zones_households: 0.00037371296244411464
  parcels_zones_jobs_within_30_min: -2.2638315857168338e-07
  parcels_zones_logsum_job_high_income: -1.6871595097080983e-06
  parcels_zones_logsum_job_low_income: -2.972719328112506e-08
  parcels_zones_logsum_pop_high_income: 3.6534871557741842e-06
  parcels_zones_logsum_pop_low_income: 9.037109562364051e-08
  parcels_zones_population: -0.0002464920352791504
  parcels_zones_retail_jobs: 0.0010791140087795315
  parcels_zones_transit_jobs_30min: 7.860051575154222e-06
  parcels_zones_transit_jobs_50min: -1.175514778911637e-06
  parcels_zones_z_total_jobs: -2.605371504301087e-09
  residential_sqft: -9.181157723959553e-06
  sqft_per_unit: 8.51077457175298e-06
  year_built: -3.0804056759894495e-12
  zones_acres: -0.00012222783905750328
  zones_employment: -1.2855995761463736e-08
  zones_households: 0.0005667911998864638
  zones_logsum_job_high_income: -1.2768318084116887e-06
  zones_logsum_job_low_income: -3.558172747751686e-08
  zones_logsum_pop_high_income: 9.911766193916326e-07
  zones_logsum_pop_low_income: -1.2687738719876097e-08
  zones_population: -0.00019517454412489304
  zones_retail_jobs: 0.00012771508965619767
  zones_transit_jobs_30min: 6.664601899152296e-06
  zones_transit_jobs_50min: -2.405062104989634e-06
  zones_z_total_jobs: -8.353872558333985e-11
sample_size: 3023
score: 0.622209466262603
