fit_filters:
- residential_units > 0
- sqft_price_res > 1
- sqft_price_res < 650
- hedonic_id == 14783
model_expression:
  left_side: np.log1p(sqft_price_res)
model_type: Regression
name: RegressionModel
predict_filters: hedonic_id == 14783
ytransform: np.exp
coef:
  Intercept: 0.13069429105112595
  building_age: -2.7211571279315104e-05
  building_sqft: -1.4543391365148918e-05
  crime_other_rate: 8.252902198599792e-05
  crime_ucr_rate: -0.000211151848492657
  land_area: -1.2386841882452924e-05
  nodes_walk_ave_nonres_sqft_price: -0.0010235634209704936
  nodes_walk_ave_unit_sqft: -4.45892132931787e-05
  nodes_walk_hhs_with_children: -0.0006402433620363665
  nodes_walk_housing_cost: 3.1530862489192595e-06
  nodes_walk_industrial: -0.00021385366419472693
  nodes_walk_jobs: 6.841503271522716e-05
  nodes_walk_lowinc_hhs: 0.0008202602478487183
  nodes_walk_medical: -0.0003861912079811161
  nodes_walk_midinc_hhs: -0.0020818959169188462
  nodes_walk_node_r1500_sqft: 3.492061899899996e-08
  nodes_walk_office: 0.0004084032159504024
  nodes_walk_retail_jobs: -0.0004125243824642825
  parcel_sqft: 1.968387699153439e-07
  parcels_ave_unit_size: -2.427935851260093e-07
  parcels_total_sqft: -5.192994454213545e-06
  parcels_zones_employment: -0.00017411700284538698
  parcels_zones_households: -0.00017088270499794026
  parcels_zones_jobs_within_30_min: 4.5627523110513984e-07
  parcels_zones_logsum_job_high_income: -4.480534836230085e-06
  parcels_zones_logsum_job_low_income: 1.937214464690576e-06
  parcels_zones_logsum_pop_high_income: 2.784752527902869e-06
  parcels_zones_logsum_pop_low_income: -1.036519980656396e-06
  parcels_zones_population: 0.00015581161218139662
  parcels_zones_transit_jobs_30min: -2.3398826898812405e-05
  parcels_zones_transit_jobs_50min: 1.922227915330256e-06
  residential_sqft: 2.482983268725496e-05
  sqft_per_unit: -0.0002719700483373843
  year_built: 0.0020138715445930386
  zones_acres: -3.4235795631947736e-05
  zones_employment: -1.3116543432971106e-05
  zones_households: -0.00021700179946682692
  zones_logsum_job_high_income: -4.405129795599054e-06
  zones_logsum_job_low_income: 1.8357069428244782e-06
  zones_logsum_pop_high_income: 2.388659155367289e-06
  zones_logsum_pop_low_income: -1.1552911119591355e-06
  zones_population: 0.00014277225495965196
  zones_transit_jobs_30min: -8.066346187055114e-06
  zones_transit_jobs_50min: 2.6092191851153464e-06
sample_size: 475
score: 0.4535953493545377
