fit_filters:
- residential_units > 0
- sqft_price_res > 1
- sqft_price_res < 650
- hedonic_id == 383
model_expression:
  left_side: np.log1p(sqft_price_res)
model_type: Regression
name: RegressionModel
predict_filters: hedonic_id == 383
ytransform: np.exp
coef:
  Intercept: 2.4158399620600015
  building_age: -9.871622480407082e-05
  building_sqft: 1.198648411737226e-05
  crime_other_rate: 4.2272183374047464e-05
  crime_ucr_rate: -0.0003234295155301179
  jobs_within_30_min: -1.6298400409919308e-07
  land_area: 1.0221125111322325e-06
  nodes_walk_ave_nonres_sqft_price: -0.00015745325929834736
  nodes_walk_ave_unit_sqft: -7.511064000753767e-05
  nodes_walk_highinc_hhs: 0.0021930367611988737
  nodes_walk_housing_cost: 7.290230604536751e-06
  nodes_walk_industrial: -0.0008608338832205195
  nodes_walk_jobs: -2.014127021695681e-05
  nodes_walk_lowinc_hhs: -1.9715469082543767e-05
  nodes_walk_medical: 0.00014280292597382854
  nodes_walk_node_r1500_sqft: -4.025749361050387e-08
  nodes_walk_office: 0.0008210005931114854
  nodes_walk_population: 1.3443339573108424e-05
  nodes_walk_race_1_hhs: -0.00014321399530145302
  nodes_walk_race_2_hhs: -0.00015649811692068082
  nodes_walk_race_3_hhs: 0.002941975432950191
  nodes_walk_race_4_hhs: 0.0008991302143264571
  nodes_walk_retail_jobs: 0.0004004060706862418
  parcel_sqft: 2.2517163477923108e-07
  parcels_ave_unit_size: -0.00012188493669510909
  parcels_total_job_spaces: 0.0015414338992555297
  parcels_total_sqft: -3.4059220169782476e-07
  parcels_total_units: -0.0008348922948473813
  parcels_zones_employment: 2.610384101337937e-05
  parcels_zones_households: 1.6154032181701272e-05
  parcels_zones_jobs_within_30_min: 1.3790746465770767e-07
  parcels_zones_logsum_job_high_income: 3.417972953394802e-07
  parcels_zones_logsum_job_low_income: -1.233557674106903e-07
  parcels_zones_logsum_pop_high_income: 1.41285974983441e-07
  parcels_zones_logsum_pop_low_income: 6.676101781009209e-08
  parcels_zones_population: -9.486404954075357e-06
  parcels_zones_retail_jobs: 0.00020495213858911327
  parcels_zones_transit_jobs_30min: 2.2134178122988725e-05
  parcels_zones_transit_jobs_50min: -6.875712564352117e-07
  parcels_zones_z_total_jobs: 5.952489129637575e-07
  residential_sqft: -1.400732841199122e-05
  sqft_per_unit: -0.0002968094302113544
  year_built: 0.0006929234000100678
  zones_acres: 0.00012590752208514877
  zones_employment: 1.1752383790713686e-07
  zones_households: 2.1179461438077556e-05
  zones_logsum_job_high_income: 2.871305983970926e-07
  zones_logsum_job_low_income: -1.0423864034708928e-07
  zones_logsum_pop_high_income: -1.327667529352432e-07
  zones_logsum_pop_low_income: 6.422476815426844e-08
  zones_population: -9.709657988591425e-06
  zones_retail_jobs: 8.701422311441409e-07
  zones_transit_jobs_30min: 1.1669791933869908e-05
  zones_transit_jobs_50min: -8.599952820468156e-07
sample_size: 4812
score: 0.32918634995426577
