fit_filters:
- residential_units > 0
- sqft_price_res > 1
- sqft_price_res < 650
- hedonic_id == 11581
model_expression:
  left_side: np.log1p(sqft_price_res)
model_type: Regression
name: RegressionModel
predict_filters: hedonic_id == 11581
ytransform: np.exp
coef:
  building_age: -5.711616300045485e-06
  crime_other_rate: -4.441406029130584e-05
  crime_ucr_rate: 5.0487992986205204e-05
  jobs_within_30_min: 7.940432200611925e-08
  land_area: 1.944428385958262e-05
  nodes_walk_housing_cost: 3.19096462900964e-06
  nodes_walk_jobs: 4.116632726803637e-05
  nodes_walk_node_r1500_sqft: 2.915078883186648e-10
  nodes_walk_population: 1.1493219887915193e-05
  nodes_walk_residential: 0.003574001946085197
  parcel_sqft: -1.0411498017267906e-08
  parcels_ave_unit_size: -4.179699373276255e-05
  parcels_parcel_size: 6.302906915472427e-09
  parcels_total_sqft: -5.770859350700063e-05
  parcels_zones_employment: 1.0738969273219883e-05
  parcels_zones_logsum_job_high_income: 1.01459337446553e-06
  parcels_zones_logsum_job_low_income: -6.134558926119987e-07
  parcels_zones_logsum_pop_high_income: -5.085723612021643e-07
  parcels_zones_logsum_pop_low_income: 3.0484592528705684e-07
  parcels_zones_population: 2.476933985881654e-06
  parcels_zones_transit_jobs_30min: -5.215460921744689e-05
  parcels_zones_transit_jobs_50min: 1.255140921955889e-05
  parcels_zones_z_total_jobs: 8.045638807175704e-06
  sqft_per_unit: 4.553007399637566e-06
  year_built: 0.0035774015533092565
  zones_acres: 5.240766335345614e-07
  zones_logsum_job_high_income: 1.0383658228755142e-06
  zones_logsum_job_low_income: -7.351237872013598e-07
  zones_logsum_pop_high_income: -5.820662516269891e-07
  zones_logsum_pop_low_income: 2.4686167730183e-07
  zones_population: 1.3907772916070581e-06
  zones_transit_jobs_30min: -3.332697765935763e-05
  zones_transit_jobs_50min: 8.869473044172223e-06
sample_size: 49021
score: 0.38720920466293673
