fit_filters:
- residential_units > 0
- sqft_price_res > 1
- sqft_price_res < 650
- hedonic_id == 12583
model_type: regression
name: RegressionModel
predict_filters: hedonic_id == 12583
target_variable: np.log1p(sqft_price_res)
ytransform: np.exp
fit_parameters:
  Coefficient:
    Intercept: 3.3498142154095776
    building_age: -4.794564635570656e-05
    building_sqft: 1.1049201600856371e-07
    crime_other_rate: 0.0002115799705433783
    crime_ucr_rate: -0.0006483923483040043
    jobs_within_30_min: -2.1126082359822893e-07
    land_area: -1.7966143670418644e-06
    nodes_walk_ave_nonres_sqft_price: 0.0006849578377211348
    nodes_walk_ave_unit_sqft: -4.916969385330388e-07
    nodes_walk_highinc_hhs: 0.0005464111283431026
    nodes_walk_households: 0.0005162212848022237
    nodes_walk_housing_cost: 5.660667915402764e-06
    nodes_walk_jobs: 2.3525857391995752e-05
    nodes_walk_lowinc_hhs: 0.0003077195172031971
    nodes_walk_medical: 5.263050813563582e-05
    nodes_walk_midinc_hhs: -0.0001484397666106967
    nodes_walk_node_r1500_sqft: 2.4735811627076424e-09
    nodes_walk_office: -0.0009519667719297911
    nodes_walk_population: -0.00026642135149366596
    nodes_walk_race_2_hhs: -0.0006009066947248546
    nodes_walk_race_3_hhs: 3.928079252735623e-05
    nodes_walk_race_4_hhs: 0.0005669196201223192
    nodes_walk_retail_jobs: 6.82023715647462e-05
    parcel_sqft: 2.6336562617511715e-07
    parcels_ave_unit_size: -8.905127774080636e-05
    parcels_parcel_size: -4.7559271402705416e-07
    parcels_total_job_spaces: -0.0005941507591948574
    parcels_total_sqft: 2.458312899992948e-07
    parcels_total_units: -0.0005228866874095483
    parcels_zones_jobs_within_30_min: -1.6254348719974114e-07
    residential_sqft: -2.466517782941922e-06
    sqft_per_unit: -0.00017958038444392484
    year_built: 0.00014402683918718134
    zones_acres: -7.880986296035362e-05
    zones_employment: -1.23301119627327e-06
    zones_households: 0.00026129046491933097
    zones_logsum_job_high_income: -2.9801650843337943e-06
    zones_logsum_job_low_income: 1.3894259557335007e-06
    zones_logsum_job_mid_income: -1.7818667407171641e-07
    zones_logsum_pop_high_income: 2.6140069188538526e-06
    zones_logsum_pop_low_income: -1.9454875687414796e-06
    zones_logsum_pop_mid_income: 3.0318887981108785e-07
    zones_population: -0.00012062402801471975
    zones_retail_jobs: -0.00016874660052625405
    zones_transit_jobs_30min: -1.3303708853059415e-05
    zones_transit_jobs_50min: 2.9631177627675197e-06
    zones_z_total_jobs: -1.3050795536894908e-05
fit_rsquared: 0.3653006622475513
fitted: true
sample_size: 6215
