fit_filters:
- residential_units > 0
- sqft_price_res > 1
- sqft_price_res < 650
- hedonic_id == 9982
model_expression:
  left_side: np.log1p(sqft_price_res)
model_type: Regression
name: RegressionModel
predict_filters: hedonic_id == 9982
ytransform: np.exp
coef:
  building_age: -0.0017897972903738713
  building_sqft: -6.674977825704495e-21
  crime_other_rate: -4.095420412340276e-05
  jobs_within_30_min: -7.744914437230308e-07
  land_area: -3.546081969905513e-20
  nodes_walk_ave_unit_sqft: 4.768730795272598e-05
  nodes_walk_households: 0.0007459239719045031
  nodes_walk_housing_cost: -3.320129010878143e-06
  nodes_walk_jobs: -0.00010915475395824403
  nodes_walk_medical: -7.617500678330587e-05
  nodes_walk_node_r1500_sqft: 9.249555496944057e-10
  nodes_walk_office: 5.510418950082675e-06
  nodes_walk_population: -0.0003826809608245792
  nodes_walk_race_2_hhs: 0.00021176651353666898
  nodes_walk_residential: 0.007816707893203023
  nodes_walk_retail: 3.519725117737589e-05
  parcel_sqft: 2.756966201123993e-05
  parcels_ave_unit_size: 0.00021514980044590924
  parcels_landvalue: 1.1407106899773871e-06
  parcels_zones_employment: 1.763111664422885e-05
  parcels_zones_households: 3.2151822499299583e-07
  parcels_zones_jobs_within_30_min: 3.61103645909906e-07
  parcels_zones_logsum_job_high_income: 1.7417708589893783e-06
  parcels_zones_logsum_job_low_income: 4.659308630798896e-08
  parcels_zones_logsum_pop_high_income: -4.588380324270448e-07
  parcels_zones_logsum_pop_low_income: -1.0166884818384154e-07
  parcels_zones_population: -1.922622521800205e-05
  parcels_zones_retail_jobs: 4.84824873812793e-05
  parcels_zones_transit_jobs_30min: 6.377760534355336e-08
  parcels_zones_transit_jobs_50min: -2.8256964730868515e-06
  residential_sqft: -1.105543202382307e-20
  sqft_per_unit: -0.0002682001534380175
  year_built: 0.0007526223504838285
  zones_acres: -2.8456947540464043e-05
  zones_employment: 8.965542882495441e-07
  zones_households: 3.0692615099860173e-07
  zones_logsum_job_high_income: 1.5620518418248652e-06
  zones_logsum_job_low_income: 1.1053928995655703e-07
  zones_logsum_pop_high_income: -9.647237760845238e-07
  zones_logsum_pop_low_income: -1.48225499873552e-08
  zones_population: -6.4510197107733295e-06
  zones_transit_jobs_30min: 2.9639570186491953e-06
  zones_transit_jobs_50min: -1.4179810175426081e-06
sample_size: 41053
score: 0.6739022468034599
