fit_filters:
- residential_units > 0
- sqft_price_res > 1
- sqft_price_res < 650
- hedonic_id == 14782
model_expression:
  left_side: np.log1p(sqft_price_res)
model_type: Regression
name: RegressionModel
predict_filters: hedonic_id == 14782
ytransform: np.exp
coef:
  crime_other_rate: -9.473023168818431e-05
  crime_ucr_rate: -0.0013381966343730069
  jobs_within_30_min: 7.847965426539222e-06
  land_area: 7.268811614834255e-18
  nodes_walk_ave_nonres_sqft_price: -0.0016105712855594182
  nodes_walk_ave_unit_sqft: -1.1228819626001098e-07
  nodes_walk_hhs_with_children: -0.003250396819026605
  nodes_walk_highinc_hhs: 0.002400625943619828
  nodes_walk_housing_cost: -9.240550605222752e-08
  nodes_walk_jobs: -8.967173069164542e-05
  nodes_walk_node_r1500_sqft: -1.172818342354365e-08
  nodes_walk_office: -0.0002667897600212942
  nodes_walk_race_1_hhs: 0.0006218837897690726
  parcel_sqft: -3.846297142587019e-06
  parcels_ave_unit_size: -1.4551122082744743e-05
  parcels_total_sqft: 4.1070207830849635e-07
  parcels_zones_employment: 1.3591253975023633e-06
  parcels_zones_households: 1.3447579251859644e-05
  parcels_zones_jobs_within_30_min: 2.8265268497838297e-06
  parcels_zones_logsum_job_high_income: -6.942683863382099e-06
  parcels_zones_logsum_job_low_income: -1.1729482889323648e-06
  parcels_zones_logsum_pop_high_income: -2.1077569213545306e-07
  parcels_zones_logsum_pop_low_income: 2.1271306136822346e-06
  parcels_zones_transit_jobs_30min: 1.3744310069663112e-05
  parcels_zones_transit_jobs_50min: 3.4492469682898864e-05
  parcels_zones_z_total_jobs: 8.500093344699943e-07
  sqft_per_unit: 5.0687364693079187e-05
  year_built: 0.008555552899692027
  zones_acres: -0.00014077133819701075
  zones_employment: 0.00016276923906199608
  zones_households: 0.00011645299975252189
  zones_logsum_job_high_income: -1.7856165277180157e-06
  zones_logsum_job_low_income: -1.7247115944404452e-06
  zones_logsum_pop_high_income: 1.0973481334476007e-06
  zones_logsum_pop_low_income: -1.336179851178585e-06
  zones_transit_jobs_30min: 2.0775568787834035e-05
  zones_transit_jobs_50min: 2.6094149251547002e-05
sample_size: 595
score: 0.7747907273479748
