fit_filters:
- residential_units > 0
- sqft_price_res > 1
- sqft_price_res < 650
- hedonic_id == 84
model_type: regression
name: RegressionModel
predict_filters: hedonic_id == 84
target_variable: np.log1p(sqft_price_res)
ytransform: np.exp
fit_parameters:
  Coefficient:
    Intercept: 2.872438494996144
    crime_other_rate: 0.00022552261686185833
    crime_ucr_rate: -4.003363422614972e-06
    jobs_within_30_min: -8.542359623158274e-07
    land_area: 3.875925234475145e-05
    nodes_walk_ave_nonres_sqft_price: 0.00013335017832383615
    nodes_walk_hhs_with_children: -0.002064977774721147
    nodes_walk_housing_cost: 9.662202291634468e-05
    nodes_walk_industrial: 1.8179653502867187e-05
    nodes_walk_jobs: -0.0005864427071746364
    nodes_walk_lowinc_hhs: 0.0014200153830560434
    nodes_walk_node_r1500_sqft: -2.8903700703278757e-09
    nodes_walk_office: -0.0002558907987836242
    nodes_walk_population: 0.00019434146371102975
    nodes_walk_race_1_hhs: -0.0007772659281722501
    nodes_walk_race_4_hhs: -0.00046240202013585126
    nodes_walk_retail_jobs: 0.00017329240639910983
    parcel_sqft: 6.981478999041241e-08
    parcels_ave_unit_size: -0.00246910211941492
    parcels_parcel_size: -3.2192810224129244e-09
    parcels_pptytax: -0.009871990983127594
    parcels_total_sqft: -7.235438249037006e-07
    parcels_total_units: 0.0012842586711618808
    parcels_zones_jobs_within_30_min: -6.470958279823012e-07
    school_district_achievement: 0.00037437680694373427
    sqft_per_unit: 0.0017758763604939604
    zones_acres: 8.093865343429111e-08
    zones_employment: 5.272240367582872e-05
    zones_households: -0.00040042155890719736
    zones_logsum_job_high_income: 9.383643593547887e-06
    zones_logsum_job_low_income: -3.4577124178699706e-07
    zones_logsum_job_mid_income: 6.443446069582002e-08
    zones_logsum_pop_high_income: -4.643057346653134e-06
    zones_logsum_pop_low_income: 2.7734396687431017e-07
    zones_logsum_pop_mid_income: -2.6571800177422906e-07
    zones_population: 0.00011504817118535867
    zones_transit_jobs_30min: 2.527980757080123e-05
    zones_transit_jobs_50min: -6.001422221209495e-06
fit_rsquared: 0.6474104491043291
fit_rsquared_adj: 0.6474104491043291
fitted: true
model_expression:
  left_side: np.log1p(sqft_price_res)
  right_side:
  - sqft_per_unit
  - land_area
  - jobs_within_30_min
  - parcel_sqft
  - school_district_achievement
  - crime_ucr_rate
  - crime_other_rate
  - parcels_pptytax
  - parcels_parcel_size
  - parcels_ave_unit_size
  - parcels_total_units
  - parcels_total_sqft
  - parcels_zones_jobs_within_30_min
  - zones_acres
  - zones_households
  - zones_population
  - zones_employment
  - zones_logsum_pop_high_income
  - zones_logsum_pop_mid_income
  - zones_logsum_pop_low_income
  - zones_logsum_job_high_income
  - zones_logsum_job_mid_income
  - zones_logsum_job_low_income
  - zones_transit_jobs_50min
  - zones_transit_jobs_30min
  - nodes_walk_population
  - nodes_walk_lowinc_hhs
  - nodes_walk_race_1_hhs
  - nodes_walk_race_4_hhs
  - nodes_walk_hhs_with_children
  - nodes_walk_jobs
  - nodes_walk_retail_jobs
  - nodes_walk_node_r1500_sqft
  - nodes_walk_ave_nonres_sqft_price
  - nodes_walk_office
  - nodes_walk_industrial
  - nodes_walk_housing_cost
sample_size: 60148
