fit_filters:
- residential_units > 0
- sqft_price_res > 1
- sqft_price_res < 650
- hedonic_id == 9982
model_expression:
  left_side: np.log1p(sqft_price_res)
model_type: Regression
name: RegressionModel
predict_filters: hedonic_id == 9982
ytransform: np.exp
coef:
  building_age: -0.0018730744396059902
  building_sqft: -2.711709741692451e-21
  crime_other_rate: -4.822540919440832e-05
  jobs_within_30_min: -7.445791525135582e-07
  land_area: -2.7325690473977777e-20
  nodes_walk_ave_unit_sqft: 4.6124602377528223e-05
  nodes_walk_households: 0.0007473237933555588
  nodes_walk_housing_cost: -2.622089254667942e-06
  nodes_walk_industrial: -2.1456304791055654e-05
  nodes_walk_jobs: -0.00011074132433551088
  nodes_walk_medical: -8.631394833064376e-05
  nodes_walk_node_r1500_sqft: 5.551891983605319e-10
  nodes_walk_office: 1.233025049428167e-06
  nodes_walk_population: -0.00038675570972987363
  nodes_walk_race_2_hhs: 0.00018481429185858162
  nodes_walk_residential: 0.0076700892552501515
  nodes_walk_retail: 4.488179559266753e-05
  parcel_sqft: 2.8297338718902065e-05
  parcels_ave_unit_size: 0.00020790262981875302
  parcels_zones_employment: 1.8236733316930372e-05
  parcels_zones_households: 4.447040192920627e-07
  parcels_zones_jobs_within_30_min: 3.4063969196323613e-07
  parcels_zones_logsum_job_high_income: 1.6271324355594812e-06
  parcels_zones_logsum_job_low_income: 6.192457495291901e-08
  parcels_zones_logsum_pop_high_income: -3.9842178148961336e-07
  parcels_zones_logsum_pop_low_income: -1.1052937993562093e-07
  parcels_zones_population: -1.913159539989984e-05
  parcels_zones_retail_jobs: 4.8726799503388936e-05
  parcels_zones_transit_jobs_30min: 5.620667649610624e-08
  parcels_zones_transit_jobs_50min: -2.8194925735162428e-06
  residential_sqft: -5.214826426331637e-21
  sqft_per_unit: -0.00026595389858530017
  year_built: 0.0007839356591787246
  zones_acres: -2.8272437994926904e-05
  zones_employment: 9.535219735013489e-07
  zones_households: 4.2829829026343517e-07
  zones_logsum_job_high_income: 1.4525596127673577e-06
  zones_logsum_job_low_income: 1.2375763196481706e-07
  zones_logsum_pop_high_income: -8.942537161557554e-07
  zones_logsum_pop_low_income: -2.6315422008050797e-08
  zones_population: -6.4362241596469e-06
  zones_transit_jobs_30min: 2.7840873393197537e-06
  zones_transit_jobs_50min: -1.4267358184153074e-06
sample_size: 41053
score: 0.6734446674521226
