fit_filters:
- residential_units > 0
- sqft_price_res > 1
- sqft_price_res < 650
- hedonic_id == 582
model_type: regression
name: RegressionModel
predict_filters: hedonic_id == 582
target_variable: np.log1p(sqft_price_res)
ytransform: np.exp
fit_parameters:
  Coefficient:
    Intercept: -4.693130172413133
    building_age: -0.0016766881506524655
    crime_other_rate: 8.883491112023899e-05
    crime_ucr_rate: -0.0001702042099027999
    jobs_within_30_min: -1.7191578451560428e-06
    land_area: -0.0003544141748537075
    nodes_walk_ave_nonres_sqft_price: 0.00015318373671014389
    nodes_walk_ave_unit_sqft: -0.0001901354118082233
    nodes_walk_hhs_with_children: 0.0002689895003579612
    nodes_walk_highinc_hhs: 0.001336179168779589
    nodes_walk_households: -0.00014829969479963808
    nodes_walk_housing_cost: 1.4877576256761127e-05
    nodes_walk_jobs: 3.498080793374411e-06
    nodes_walk_max_retail_far: -8.625110767134338e-05
    nodes_walk_medical: 0.000910445114791527
    nodes_walk_midinc_hhs: -0.00018489375174101527
    nodes_walk_node_r1500_sqft: -1.880127644952834e-07
    nodes_walk_office: 0.0007717464252714967
    nodes_walk_population: 0.0003819182605642725
    nodes_walk_race_3_hhs: -0.0011323083385564399
    nodes_walk_race_4_hhs: -0.0007326890163568912
    nodes_walk_residential: 0.0029275978730564345
    nodes_walk_retail: -0.00014255855559803363
    nodes_walk_retail_jobs: 0.0008111168421084612
    parcel_sqft: 4.6232339511959054e-05
    parcels_total_sqft: -4.530219718910993e-05
    parcels_zones_jobs_within_30_min: -2.7973229165520623e-08
    residential_sqft: -4.876639522740038e-07
    sqft_per_unit: 5.4072211475675343e-05
    year_built: 0.004175496007377791
    zones_acres: 0.0012098205033741769
    zones_employment: -2.775600772563756e-06
    zones_households: 2.6764770690609356e-05
    zones_logsum_job_high_income: 1.9565651095390114e-05
    zones_logsum_job_low_income: -1.649533730567767e-08
    zones_logsum_job_mid_income: 1.5576639431754705e-08
    zones_logsum_pop_high_income: -1.0322044679579313e-05
    zones_logsum_pop_low_income: 3.939730491313315e-08
    zones_logsum_pop_mid_income: -8.297360330867213e-09
    zones_population: -7.761441268038386e-05
    zones_retail_jobs: 4.3778869259997594e-05
    zones_transit_jobs_30min: 2.7822930322960754e-06
    zones_transit_jobs_50min: 3.3593908146587477e-07
    zones_z_total_jobs: -3.842664093531356e-05
fit_rsquared: 0.6729551342797918
fit_rsquared_adj: 0.6729551342797918
fitted: true
model_expression:
  left_side: np.log1p(sqft_price_res)
  right_side:
  - year_built
  - sqft_per_unit
  - land_area
  - residential_sqft
  - jobs_within_30_min
  - parcel_sqft
  - crime_ucr_rate
  - crime_other_rate
  - building_age
  - parcels_total_sqft
  - parcels_zones_jobs_within_30_min
  - zones_acres
  - zones_households
  - zones_population
  - zones_employment
  - zones_retail_jobs
  - zones_logsum_pop_high_income
  - zones_logsum_pop_mid_income
  - zones_logsum_pop_low_income
  - zones_logsum_job_high_income
  - zones_logsum_job_mid_income
  - zones_logsum_job_low_income
  - zones_z_total_jobs
  - zones_transit_jobs_50min
  - zones_transit_jobs_30min
  - nodes_walk_population
  - nodes_walk_households
  - nodes_walk_midinc_hhs
  - nodes_walk_highinc_hhs
  - nodes_walk_race_3_hhs
  - nodes_walk_race_4_hhs
  - nodes_walk_hhs_with_children
  - nodes_walk_max_retail_far
  - nodes_walk_jobs
  - nodes_walk_retail_jobs
  - nodes_walk_node_r1500_sqft
  - nodes_walk_residential
  - nodes_walk_ave_nonres_sqft_price
  - nodes_walk_retail
  - nodes_walk_office
  - nodes_walk_medical
  - nodes_walk_ave_unit_sqft
  - nodes_walk_housing_cost
sample_size: 5386
