fit_filters:
- residential_units > 0
- sqft_price_res > 1
- sqft_price_res < 650
- hedonic_id == 12583
model_expression:
  left_side: np.log1p(sqft_price_res)
model_type: Regression
name: RegressionModel
predict_filters: hedonic_id == 12583
ytransform: np.exp
coef:
  Intercept: 3.63368807801565
  building_sqft: 1.1484832409415706e-06
  crime_other_rate: 0.0002170246739603401
  crime_ucr_rate: -0.0006877178326596495
  jobs_within_30_min: -2.478381690305454e-07
  land_area: -1.6109114254189503e-06
  nodes_walk_ave_nonres_sqft_price: 0.0007800786836121789
  nodes_walk_hhs_with_children: -0.000220539382610245
  nodes_walk_highinc_hhs: 0.0005114657206974912
  nodes_walk_households: 0.0003518270749704126
  nodes_walk_housing_cost: 4.755609526988656e-06
  nodes_walk_jobs: 4.2677880353712175e-05
  nodes_walk_lowinc_hhs: 0.0002225242180910893
  nodes_walk_midinc_hhs: -0.00011276687042589478
  nodes_walk_node_r1500_sqft: 1.6862391738953966e-09
  nodes_walk_office: -0.0010876855790445915
  nodes_walk_population: -0.00015317078392040854
  nodes_walk_race_2_hhs: -0.0005703339742058669
  nodes_walk_race_4_hhs: 0.0007513179558756546
  nodes_walk_retail_jobs: 2.734038191052923e-05
  parcel_sqft: 3.246292235293881e-08
  parcels_ave_unit_size: -5.577752327649209e-05
  parcels_total_job_spaces: -0.000606958090088851
  parcels_total_sqft: 2.6711283315512923e-07
  parcels_total_units: -0.00045139476849169924
  parcels_zones_jobs_within_30_min: -1.3462843321053466e-07
  residential_sqft: -3.6658392290017674e-06
  sqft_per_unit: -0.00018453442013402585
  zones_acres: -8.119401202437342e-05
  zones_employment: -9.123521220228091e-06
  zones_households: 0.00023058083812392652
  zones_logsum_job_high_income: -2.524828079551988e-06
  zones_logsum_job_low_income: 1.0178414540111519e-06
  zones_logsum_pop_high_income: 2.3834138715717014e-06
  zones_logsum_pop_low_income: -1.4171784170242236e-06
  zones_population: -0.00010624825506424982
  zones_retail_jobs: -0.0001943048958698353
  zones_transit_jobs_30min: -1.3594658086432908e-05
  zones_transit_jobs_50min: 3.306699463647217e-06
  zones_z_total_jobs: -1.1949320165508229e-06
sample_size: 6215
score: 0.3494118575860634
