fit_filters:
- residential_units > 0
- sqft_price_res > 1
- sqft_price_res < 650
- hedonic_id == 11583
model_expression:
  left_side: np.log1p(sqft_price_res)
model_type: Regression
name: RegressionModel
predict_filters: hedonic_id == 11583
ytransform: np.exp
coef:
  Intercept: 4.522576825395205
  building_age: -0.00013606141294284237
  crime_other_rate: 0.00013913940097366859
  crime_ucr_rate: -0.0003191913204185551
  jobs_within_30_min: -2.9972759773699028e-06
  land_area: -1.2490210474359872e-05
  nodes_walk_ave_unit_sqft: -3.465603043452502e-05
  nodes_walk_highinc_hhs: 0.0041078265026968245
  nodes_walk_households: 0.002033853240607943
  nodes_walk_housing_cost: 4.563128211408867e-06
  nodes_walk_jobs: 0.00018578247678437487
  nodes_walk_lowinc_hhs: -0.0013127831493360941
  nodes_walk_medical: 0.00018465496114680402
  nodes_walk_midinc_hhs: 0.0002809640382570545
  nodes_walk_node_r1500_sqft: 5.984543557179315e-09
  nodes_walk_population: -0.0010622183900187722
  nodes_walk_race_2_hhs: -0.0010164257395704674
  nodes_walk_retail: -0.0011544931270848775
  nodes_walk_retail_jobs: -0.0014236464336409573
  parcel_sqft: 9.870981843939289e-09
  parcels_ave_unit_size: -0.00015148530328977448
  parcels_total_job_spaces: -0.006605047699942954
  parcels_total_sqft: 8.891738827260949e-07
  parcels_total_units: -7.417464778164675e-05
  parcels_zones_employment: 0.0001292379279065296
  parcels_zones_households: 0.0001507500371083561
  parcels_zones_jobs_within_30_min: 5.737641883235864e-08
  parcels_zones_logsum_job_high_income: -1.7976431994522398e-06
  parcels_zones_logsum_job_low_income: 6.203722681721917e-06
  parcels_zones_logsum_pop_high_income: 1.1084711323215307e-06
  parcels_zones_logsum_pop_low_income: -1.445701751129737e-06
  parcels_zones_population: -6.847865213802108e-05
  parcels_zones_retail_jobs: -0.00026724908406772875
  parcels_zones_transit_jobs_30min: 2.0896191856319485e-05
  parcels_zones_transit_jobs_50min: -2.1299298029831747e-05
  residential_sqft: -1.1511579195921612e-05
  sqft_per_unit: -0.00024674267260831176
  year_built: 4.4085935880316145e-05
  zones_acres: -8.391491135159351e-06
  zones_employment: 1.061270486277613e-05
  zones_households: 0.00019492157084614317
  zones_logsum_job_high_income: -1.7664341210342266e-06
  zones_logsum_job_low_income: 6.1544370457364565e-06
  zones_logsum_pop_high_income: 6.630233967261017e-07
  zones_logsum_pop_low_income: -1.5465261665747497e-06
  zones_population: -7.127465831620031e-05
  zones_retail_jobs: -5.2546775621962546e-05
  zones_transit_jobs_30min: 1.387879836844308e-05
  zones_transit_jobs_50min: -1.862996209675823e-05
sample_size: 523
score: 0.42920968650947244
