fit_filters:
- residential_units > 0
- sqft_price_res > 1
- sqft_price_res < 650
- hedonic_id == 9383
model_expression:
  left_side: np.log1p(sqft_price_res)
model_type: Regression
name: RegressionModel
predict_filters: hedonic_id == 9383
ytransform: np.exp
coef:
  Intercept: 6.219824545948047
  building_sqft: 0.00012275941988629675
  crime_other_rate: -6.490056420963444e-05
  jobs_within_30_min: -2.5849006771305513e-06
  land_area: 6.801452547922975e-06
  nodes_walk_ave_nonres_sqft_price: -0.0023762944687875606
  nodes_walk_highinc_hhs: 0.0014626382791128652
  nodes_walk_housing_cost: 1.8391182152681253e-06
  nodes_walk_industrial: 0.002406657184131193
  nodes_walk_jobs: 0.00016470649341814633
  nodes_walk_lowinc_hhs: -0.0037755725591961504
  nodes_walk_medical: 0.0017812334011877385
  nodes_walk_node_r1500_sqft: -6.853243139293693e-08
  nodes_walk_office: 0.0005415434407110624
  nodes_walk_population: 0.0003562327831609749
  nodes_walk_retail: -0.0011543076951905941
  parcel_sqft: -6.164790528539097e-08
  parcels_ave_unit_size: 9.82353894285978e-05
  parcels_total_sqft: 1.185871397765514e-06
  parcels_total_units: 0.0002450176190704722
  parcels_zones_employment: -1.7803790306669568e-06
  parcels_zones_households: 0.0002968479411485875
  parcels_zones_jobs_within_30_min: 7.330190332066183e-08
  parcels_zones_logsum_job_high_income: -5.056045445922195e-06
  parcels_zones_logsum_job_low_income: 7.008498795709226e-07
  parcels_zones_logsum_pop_high_income: 1.4674815739295101e-06
  parcels_zones_logsum_pop_low_income: 1.1200311368380372e-05
  parcels_zones_population: -0.00013096121386450748
  parcels_zones_retail_jobs: -1.4230218631687855e-06
  residential_sqft: -0.0001236959899464761
  school_district_achievement: -0.01436340352951205
  sqft_per_unit: -0.000209860619606896
  zones_acres: -1.1980823282819298e-07
  zones_households: 0.00029100536559797946
  zones_logsum_job_high_income: -4.7181753881671205e-06
  zones_logsum_job_low_income: -2.953302203400938e-07
  zones_logsum_pop_high_income: -2.972819345769961e-07
  zones_logsum_pop_low_income: 1.0382744828489988e-05
  zones_population: -0.00010325907800765843
sample_size: 477
score: 0.6660708131624187
