fit_filters:
- residential_units > 0
- sqft_price_res > 1
- sqft_price_res < 650
- hedonic_id == 9982
model_expression:
  left_side: np.log1p(sqft_price_res)
model_type: Regression
name: RegressionModel
predict_filters: hedonic_id == 9982
ytransform: np.exp
coef:
  building_age: -0.0016991008111629962
  crime_other_rate: -4.908978637657283e-05
  crime_ucr_rate: -1.0233379769006573e-05
  jobs_within_30_min: -6.455182248789092e-07
  land_area: -2.126318306805373e-17
  nodes_walk_ave_nonres_sqft_price: 0.00016369471169375076
  nodes_walk_ave_unit_sqft: 0.00010715164233659066
  nodes_walk_hhs_with_children: -0.00012495309119648067
  nodes_walk_households: 0.0007004817017429052
  nodes_walk_housing_cost: -1.99770344944109e-06
  nodes_walk_industrial: -0.0002093510094545293
  nodes_walk_jobs: -0.0001481321307383405
  nodes_walk_node_r1500_sqft: 1.6270053676378476e-09
  nodes_walk_population: -0.0003606856240762147
  nodes_walk_race_2_hhs: 0.0005141537909057217
  nodes_walk_residential: 0.007371340269538785
  nodes_walk_retail: 7.300612694242224e-05
  parcel_sqft: 2.352732051487742e-05
  parcels_ave_unit_size: 0.0001570372569787324
  parcels_parcel_size: -7.541156177411572e-05
  parcels_total_sqft: -7.290250414589964e-05
  parcels_zones_employment: 1.48574069033483e-05
  parcels_zones_households: 1.3744693532340795e-05
  parcels_zones_jobs_within_30_min: 2.2440846829544756e-07
  parcels_zones_logsum_job_high_income: 2.052569996971484e-06
  parcels_zones_logsum_job_low_income: 1.9494076610739604e-08
  parcels_zones_logsum_pop_high_income: -6.715620669692074e-07
  parcels_zones_logsum_pop_low_income: -1.1118886832897337e-07
  parcels_zones_population: -2.303451612095291e-05
  parcels_zones_retail_jobs: 5.86701853048674e-05
  parcels_zones_transit_jobs_50min: -2.9176774894527806e-06
  parcels_zones_z_total_jobs: 4.535171121849218e-08
  sqft_per_unit: -0.00022316950691293226
  year_built: 0.0015819717275381497
  zones_acres: -2.6867443698651424e-05
  zones_households: 2.1449282935576004e-05
  zones_logsum_job_high_income: 1.8436854820164238e-06
  zones_logsum_job_low_income: 9.420118276028777e-08
  zones_logsum_pop_high_income: -1.1282734094636263e-06
  zones_logsum_pop_low_income: -8.19237518452848e-09
  zones_population: -1.6947321006455936e-05
  zones_transit_jobs_30min: 3.13382118993086e-06
  zones_transit_jobs_50min: -1.448740818300716e-06
sample_size: 41597
score: 0.6777364338058692
