fit_filters:
- residential_units > 0
- sqft_price_res > 1
- sqft_price_res < 650
- hedonic_id == 16183
model_expression:
  left_side: np.log1p(sqft_price_res)
model_type: Regression
name: RegressionModel
predict_filters: hedonic_id == 16183
ytransform: np.exp
coef:
  building_sqft: -2.7277593013262947e-07
  crime_other_rate: 3.053816281064986e-05
  crime_ucr_rate: -6.539042566369424e-05
  jobs_within_30_min: -9.463763516844145e-07
  land_area: -1.344755638300186e-05
  nodes_walk_hhs_with_children: -0.00042084493617681556
  nodes_walk_highinc_hhs: 0.0005202298630248502
  nodes_walk_housing_cost: 1.1334344910587105e-06
  nodes_walk_jobs: 6.150106868412872e-05
  nodes_walk_lowinc_hhs: -0.00041176199599379803
  nodes_walk_medical: 0.0003256027444949319
  nodes_walk_node_r1500_sqft: -1.4339778393652866e-08
  nodes_walk_office: -0.001129934840010051
  nodes_walk_retail: 0.0013674862502454379
  nodes_walk_retail_jobs: -0.0007330575911453174
  parcel_sqft: 1.156048560872741e-06
  parcels_total_sqft: -5.036909552031776e-07
  parcels_total_units: 0.0005435841834140728
  parcels_zones_empden: 7.336998290958117e-05
  parcels_zones_households: -7.093894089994458e-05
  parcels_zones_jobs_within_30_min: -1.2432765173094782e-08
  parcels_zones_logsum_job_high_income: 1.2799121130252242e-06
  parcels_zones_logsum_job_low_income: 3.263336627889586e-08
  parcels_zones_logsum_pop_high_income: -1.1428874320630945e-06
  parcels_zones_logsum_pop_low_income: 1.1739594980044725e-08
  parcels_zones_retail_jobs: 0.0001604996230818965
  parcels_zones_transit_jobs_30min: -1.5246245976314213e-06
  parcels_zones_transit_jobs_50min: 6.463606108975518e-06
  residential_sqft: -8.71544967998312e-06
  sqft_per_unit: -0.00011737320471505917
  zones_acres: -6.597054288168806e-05
  zones_employment: -2.2623771409602808e-05
  zones_households: -3.3264759815906177e-06
  zones_logsum_job_high_income: 8.350233370890557e-07
  zones_logsum_job_low_income: 2.6177142056044013e-08
  zones_logsum_pop_high_income: 2.8019045719888666e-07
  zones_logsum_pop_low_income: -1.0094643050991309e-07
  zones_transit_jobs_30min: -1.0247500499930287e-06
  zones_transit_jobs_50min: 2.153849037300187e-06
  zones_z_total_jobs: -7.807931211975444e-07
sample_size: 921
score: 0.6547128554403248
