fit_filters:
- residential_units > 0
- sqft_price_res > 1
- sqft_price_res < 650
- hedonic_id == 12583
model_type: regression
name: RegressionModel
predict_filters: hedonic_id == 12583
target_variable: np.log1p(sqft_price_res)
ytransform: np.exp
fit_parameters:
  Coefficient:
    Intercept: 2.868436188407028
    building_sqft: 3.254839055640785e-07
    crime_other_rate: 0.00021387036504544598
    crime_ucr_rate: -0.0006428325830911964
    jobs_within_30_min: -1.803972130700879e-07
    land_area: -2.0795375379078443e-06
    nodes_walk_ave_nonres_sqft_price: 0.0007498755690207381
    nodes_walk_highinc_hhs: 0.00040641764013875294
    nodes_walk_households: 0.00046973036020181116
    nodes_walk_housing_cost: 5.615054731327028e-06
    nodes_walk_jobs: 2.117288117808669e-05
    nodes_walk_lowinc_hhs: 0.00023208949402350718
    nodes_walk_medical: 7.780370933551765e-05
    nodes_walk_midinc_hhs: -0.00010690271059506453
    nodes_walk_node_r1500_sqft: 3.1183840628954767e-09
    nodes_walk_office: -0.0009294255771779251
    nodes_walk_population: -0.00021950482990262595
    nodes_walk_race_2_hhs: -0.0005784426306977954
    nodes_walk_race_3_hhs: 4.190994913547262e-05
    nodes_walk_race_4_hhs: 0.0006627992159811671
    nodes_walk_retail_jobs: 3.792566898971836e-05
    parcel_sqft: 2.433804725380646e-07
    parcels_ave_unit_size: -8.35488970492159e-05
    parcels_parcel_size: -4.7613950219210916e-07
    parcels_total_job_spaces: -0.0005816332636041601
    parcels_total_sqft: 2.277133096292771e-07
    parcels_total_units: -0.0004732544250910533
    parcels_zones_jobs_within_30_min: -1.7876589481863668e-07
    residential_sqft: -2.601931188777942e-06
    sqft_per_unit: -0.00017514275400800882
    year_built: 0.0003506043858037495
    zones_acres: -6.161159853883471e-05
    zones_households: 0.0002443644111857806
    zones_logsum_job_high_income: -3.1529834225358563e-06
    zones_logsum_job_low_income: 1.2350042352009232e-06
    zones_logsum_job_mid_income: -1.1715720749896882e-07
    zones_logsum_pop_high_income: 2.754457396410971e-06
    zones_logsum_pop_low_income: -1.8043560318997742e-06
    zones_logsum_pop_mid_income: 2.3059193437591714e-07
    zones_percent_vacant_job_spaces: -0.004988579273668056
    zones_population: -0.00011653693812285094
    zones_retail_jobs: -0.0001461746186835582
    zones_transit_jobs_30min: -1.3798390071483181e-05
    zones_transit_jobs_50min: 2.9316892503049217e-06
    zones_z_total_jobs: -1.0874135154814579e-05
  Std. Error: {}
  T-Score: {}
fit_rsquared: 0.37954569379430436
fit_rsquared_adj: 0.37954569379430436
fitted: true
model_expression:
  left_side: np.log1p(sqft_price_res)
  right_side:
  - year_built
  - sqft_per_unit
  - land_area
  - residential_sqft
  - building_sqft
  - jobs_within_30_min
  - parcel_sqft
  - crime_ucr_rate
  - crime_other_rate
  - parcels_parcel_size
  - parcels_ave_unit_size
  - parcels_total_units
  - parcels_total_job_spaces
  - parcels_total_sqft
  - parcels_zones_jobs_within_30_min
  - zones_acres
  - zones_households
  - zones_population
  - zones_retail_jobs
  - zones_logsum_pop_high_income
  - zones_logsum_pop_mid_income
  - zones_logsum_pop_low_income
  - zones_logsum_job_high_income
  - zones_logsum_job_mid_income
  - zones_logsum_job_low_income
  - zones_z_total_jobs
  - zones_transit_jobs_50min
  - zones_transit_jobs_30min
  - zones_percent_vacant_job_spaces
  - nodes_walk_population
  - nodes_walk_households
  - nodes_walk_midinc_hhs
  - nodes_walk_lowinc_hhs
  - nodes_walk_highinc_hhs
  - nodes_walk_race_2_hhs
  - nodes_walk_race_3_hhs
  - nodes_walk_race_4_hhs
  - nodes_walk_jobs
  - nodes_walk_retail_jobs
  - nodes_walk_node_r1500_sqft
  - nodes_walk_ave_nonres_sqft_price
  - nodes_walk_office
  - nodes_walk_medical
  - nodes_walk_housing_cost
sample_size: 6215
