fit_filters:
- residential_units > 0
- sqft_price_res > 1
- sqft_price_res < 650
- hedonic_id == 14783
model_expression:
  left_side: np.log1p(sqft_price_res)
model_type: Regression
name: RegressionModel
predict_filters: hedonic_id == 14783
ytransform: np.exp
coef:
  Intercept: 0.15148442876946389
  building_age: -2.790421052138029e-05
  building_sqft: -1.4650860201338828e-05
  crime_other_rate: 8.258897404096617e-05
  crime_ucr_rate: -0.00021025637256352444
  land_area: -1.2354668192014373e-05
  nodes_walk_ave_nonres_sqft_price: -0.0010263142452109134
  nodes_walk_ave_unit_sqft: -4.4437146891392416e-05
  nodes_walk_hhs_with_children: -0.0006072920983443382
  nodes_walk_housing_cost: 3.159723008082667e-06
  nodes_walk_industrial: -0.00021152557846301176
  nodes_walk_jobs: 6.892331866927714e-05
  nodes_walk_lowinc_hhs: 0.0008075032035747098
  nodes_walk_medical: -0.0003857698620760598
  nodes_walk_midinc_hhs: -0.0020973323664351517
  nodes_walk_node_r1500_sqft: 3.4884591444561023e-08
  nodes_walk_office: 0.00040242624780128985
  nodes_walk_retail_jobs: -0.00041335912764494526
  parcel_sqft: 1.9592398055991324e-07
  parcels_ave_unit_size: -2.4940302209750705e-07
  parcels_total_sqft: -5.186474038818627e-06
  parcels_zones_employment: -0.00017387789993395403
  parcels_zones_households: -0.00016641212696736894
  parcels_zones_jobs_within_30_min: 4.381478655252491e-07
  parcels_zones_logsum_job_high_income: -4.3860920975494235e-06
  parcels_zones_logsum_job_low_income: 1.945728094998487e-06
  parcels_zones_logsum_pop_high_income: 2.733732692693113e-06
  parcels_zones_logsum_pop_low_income: -1.0437679464950156e-06
  parcels_zones_population: 0.00015265778660853715
  parcels_zones_transit_jobs_30min: -2.3414197709411722e-05
  parcels_zones_transit_jobs_50min: 1.8971384882058445e-06
  residential_sqft: 2.492864294158984e-05
  sqft_per_unit: -0.00027246674452295215
  year_built: 0.002005585983905825
  zones_acres: -3.410945656916984e-05
  zones_employment: -1.3425604159045193e-05
  zones_households: -0.0002114191377486209
  zones_logsum_job_high_income: -4.3123106354380955e-06
  zones_logsum_job_low_income: 1.844153994444137e-06
  zones_logsum_pop_high_income: 2.3392614657041356e-06
  zones_logsum_pop_low_income: -1.1604957866090246e-06
  zones_population: 0.00013990696606922933
  zones_transit_jobs_30min: -8.072862853661535e-06
  zones_transit_jobs_50min: 2.5920292553552374e-06
sample_size: 475
score: 0.45322310477363326
