fit_filters:
- residential_units > 0
- sqft_price_res > 1
- sqft_price_res < 650
- hedonic_id == 11582
model_expression:
  left_side: np.log1p(sqft_price_res)
model_type: Regression
name: RegressionModel
predict_filters: hedonic_id == 11582
ytransform: np.exp
coef:
  crime_other_rate: -0.00018865531922006724
  crime_ucr_rate: 0.0006902240207060275
  jobs_within_30_min: 4.873957954255259e-06
  nodes_walk_ave_nonres_sqft_price: -2.9015589626403552e-05
  nodes_walk_households: -0.0002495197525735612
  nodes_walk_housing_cost: 4.362164410567336e-06
  nodes_walk_jobs: -3.743112398580004e-05
  nodes_walk_node_r1500_sqft: -1.3126779661382496e-08
  parcel_sqft: 4.0538354222968656e-05
  parcels_ave_unit_size: 0.00011690272702403043
  parcels_zones_employment: 3.828624116596254e-05
  parcels_zones_households: -0.00018548158276720728
  parcels_zones_jobs_within_30_min: 3.411924385415286e-07
  parcels_zones_logsum_job_high_income: -2.8845372247877313e-06
  parcels_zones_logsum_job_low_income: 2.4582484901146505e-06
  parcels_zones_logsum_pop_high_income: -1.5419220153555856e-06
  parcels_zones_logsum_pop_low_income: 6.2710857355030135e-06
  parcels_zones_population: 7.95598852298421e-05
  parcels_zones_retail_jobs: 1.052026508738158e-05
  parcels_zones_transit_jobs_30min: -0.0002756426753240213
  parcels_zones_z_total_jobs: 3.4646585440953543e-06
  sqft_per_unit: -0.0003056386817796333
  zones_acres: 5.5839631789990596e-05
  zones_employment: 5.233652394532113e-06
  zones_households: -0.00028868786648835316
  zones_logsum_job_high_income: -2.4762507852363163e-06
  zones_logsum_job_low_income: 1.2498915140449226e-06
  zones_logsum_pop_high_income: -1.5948816956761952e-07
  zones_logsum_pop_low_income: 5.327614790990222e-06
  zones_population: 5.6840789508826355e-05
  zones_retail_jobs: 0.0002690514129849727
  zones_transit_jobs_30min: -0.00021885537900654618
  zones_transit_jobs_50min: -3.528447000350781e-06
  zones_z_total_jobs: 1.399130664618494e-05
sample_size: 817
score: 0.6947195780475688
