fit_filters:
- residential_units > 0
- sqft_price_res > 1
- sqft_price_res < 650
- hedonic_id == 381
model_expression:
  left_side: np.log1p(sqft_price_res)
model_type: Regression
name: RegressionModel
predict_filters: hedonic_id == 381
ytransform: np.exp
coef:
  building_age: -0.0010894148212190636
  crime_other_rate: 6.632258740734676e-06
  crime_ucr_rate: -0.00037077674885264864
  jobs_within_30_min: -8.344952955730916e-08
  land_area: 0.00010297152330897183
  nodes_walk_ave_unit_sqft: 5.124437916134453e-06
  nodes_walk_housing_cost: -3.8988350850564427e-07
  nodes_walk_lowinc_hhs: -0.00014678430266373198
  nodes_walk_node_r1500_sqft: -3.2381526307463373e-09
  nodes_walk_population: 7.44203191627434e-05
  nodes_walk_race_1_hhs: 2.0640427248393764e-05
  nodes_walk_race_2_hhs: -0.00048825864830346987
  nodes_walk_residential: 0.0057849794696568195
  parcel_sqft: -1.792311660387887e-08
  parcels_ave_unit_size: 4.370477897592185e-05
  parcels_total_sqft: -0.00011461765085598574
  parcels_zones_employment: 5.176143968069069e-06
  parcels_zones_jobs_within_30_min: 1.6795517542932413e-07
  parcels_zones_logsum_job_high_income: -1.0723232256303227e-06
  parcels_zones_logsum_job_low_income: -2.0812575173886876e-07
  parcels_zones_logsum_pop_high_income: 7.039772462362155e-07
  parcels_zones_logsum_pop_low_income: 1.3000997911716225e-07
  parcels_zones_population: -2.879564926892091e-11
  parcels_zones_transit_jobs_30min: -2.2204944293197467e-06
  parcels_zones_transit_jobs_50min: 2.6693068578443024e-07
  parcels_zones_z_total_jobs: 1.7033035107869205e-07
  residential_sqft: -0.0001242547666190109
  sqft_per_unit: 0.00014030167549156767
  year_built: 0.0021745629333871637
  zones_acres: 2.8961472059106135e-06
  zones_employment: 2.638812970232073e-06
  zones_logsum_job_high_income: -1.113254388139191e-06
  zones_logsum_job_low_income: -1.8370968559533585e-07
  zones_logsum_pop_high_income: 7.302011610980483e-07
  zones_logsum_pop_low_income: 1.5579399134828281e-07
  zones_population: -2.5068554840983604e-06
  zones_transit_jobs_30min: -2.2666263715647093e-06
  zones_transit_jobs_50min: 2.6663978304410455e-07
  zones_z_total_jobs: 5.0410005306563615e-08
sample_size: 345019
score: 0.8154518205773953
