fit_filters:
- residential_units > 0
- sqft_price_res > 1
- sqft_price_res < 650
- hedonic_id == 9981
model_expression:
  left_side: np.log1p(sqft_price_res)
model_type: Regression
name: RegressionModel
predict_filters: hedonic_id == 9981
ytransform: np.exp
coef:
  Intercept: 0.3685590044609608
  building_age: -0.001907064350113034
  crime_other_rate: -9.857243168920073e-06
  crime_ucr_rate: 0.00015906000209804264
  jobs_within_30_min: 8.191602652953873e-08
  land_area: 2.92925910651065e-05
  nodes_walk_ave_nonres_sqft_price: 3.836312434438825e-05
  nodes_walk_housing_cost: 2.2523283442644233e-07
  nodes_walk_jobs: 4.961233734506356e-06
  nodes_walk_medical: 6.441355017373332e-05
  nodes_walk_node_r1500_sqft: -3.4060042451031186e-09
  nodes_walk_population: -6.854669888396221e-05
  nodes_walk_race_1_hhs: 0.00034555689845720627
  nodes_walk_residential: 0.006028178878682697
  parcel_sqft: 3.4029523204549375e-08
  parcels_total_sqft: -4.634531229556171e-05
  parcels_zones_employment: -1.6483221820155215e-07
  parcels_zones_households: 4.9949827474337334e-05
  parcels_zones_jobs_within_30_min: -3.226576910354472e-08
  parcels_zones_logsum_job_high_income: -3.273664836967805e-07
  parcels_zones_logsum_job_low_income: 7.111905587938814e-08
  parcels_zones_logsum_pop_high_income: 1.9008225621823782e-07
  parcels_zones_logsum_pop_low_income: -1.0425016474756438e-07
  parcels_zones_population: -2.0585919950929566e-05
  parcels_zones_retail_jobs: -1.2903068244963515e-05
  parcels_zones_transit_jobs_30min: 2.2895824392499303e-07
  parcels_zones_transit_jobs_50min: -3.1379078811640436e-07
  residential_sqft: -1.1268423252369843e-05
  year_built: 0.001910271560526608
  zones_acres: -3.876855607775433e-06
  zones_households: 5.1197073579801795e-05
  zones_logsum_job_high_income: -3.7686210295534925e-07
  zones_logsum_job_low_income: 8.714092547311247e-08
  zones_logsum_pop_high_income: 2.6758731332031665e-07
  zones_logsum_pop_low_income: -7.823077449248218e-08
  zones_population: -2.0106293252238465e-05
  zones_transit_jobs_50min: -1.954841166210374e-07
sample_size: 247463
score: 0.6412446582431923
