fit_filters:
- residential_units > 0
- sqft_price_res > 1
- sqft_price_res < 650
- hedonic_id == 9384
model_expression:
  left_side: np.log1p(sqft_price_res)
model_type: Regression
name: RegressionModel
predict_filters: hedonic_id == 9384
ytransform: np.exp
coef:
  building_age: -0.0013067160753449593
  jobs_within_30_min: 2.1183770244335453e-06
  land_area: 0.0010903410704066758
  nodes_walk_ave_unit_sqft: 3.0025203757942066e-05
  nodes_walk_housing_cost: 2.774067040438454e-06
  nodes_walk_node_r1500_sqft: 4.1770933871199796e-08
  nodes_walk_population: 0.00044223709937935826
  parcel_sqft: 8.395961959307149e-07
  parcels_ave_unit_size: 4.1717024775695744e-05
  parcels_zones_jobs_within_30_min: 3.735786309748513e-07
  parcels_zones_logsum_job_high_income: 2.47129816055029e-07
  parcels_zones_logsum_job_low_income: -4.084631872717614e-07
  parcels_zones_logsum_pop_high_income: -1.22631268462124e-07
  parcels_zones_logsum_pop_low_income: -7.294861268514071e-07
  parcels_zones_population: 2.511751937773645e-05
  year_built: 0.017869736580563293
  zones_acres: 3.5399117598557036e-05
  zones_logsum_job_high_income: 2.387708360419813e-07
  zones_logsum_job_low_income: -3.861047841499597e-07
  zones_logsum_pop_high_income: 6.385220118977051e-07
  zones_logsum_pop_low_income: -6.391809625886275e-07
  zones_population: 1.5672626304144587e-06
sample_size: 186
score: 0.2871302795200773
