fit_filters:
- residential_units > 0
- sqft_price_res > 1
- sqft_price_res < 650
- hedonic_id == 12582
model_expression:
  left_side: np.log1p(sqft_price_res)
model_type: Regression
name: RegressionModel
predict_filters: hedonic_id == 12582
ytransform: np.exp
coef:
  building_age: -0.0026936323332183627
  building_sqft: -6.64185376232554e-18
  crime_other_rate: -3.158989020117993e-05
  crime_ucr_rate: -6.606878818392834e-05
  jobs_within_30_min: -2.400510270109141e-07
  land_area: -7.066414252056746e-05
  nodes_walk_ave_unit_sqft: 1.5710211021553418e-05
  nodes_walk_highinc_hhs: 3.1756251272427994e-05
  nodes_walk_households: 0.0002066881725712741
  nodes_walk_housing_cost: -2.9438541733777432e-06
  nodes_walk_jobs: 8.311797459534176e-05
  nodes_walk_node_r1500_sqft: -1.781773595120758e-08
  nodes_walk_race_1_hhs: 4.006259811755966e-05
  nodes_walk_race_2_hhs: -0.0004153979588766166
  nodes_walk_residential: 0.006676572796802125
  nodes_walk_retail_jobs: 0.00013528153499921857
  parcel_sqft: 1.2092469103832343e-05
  parcels_ave_unit_size: 0.00013688700879016505
  parcels_total_sqft: -6.464973780875058e-06
  parcels_zones_employment: 3.81830104925182e-07
  parcels_zones_households: 4.811337832628599e-05
  parcels_zones_jobs_within_30_min: 1.508987121537883e-07
  parcels_zones_logsum_job_high_income: 6.729684499612265e-07
  parcels_zones_logsum_job_low_income: 2.710793512202074e-07
  parcels_zones_logsum_pop_high_income: -2.670576678529477e-07
  parcels_zones_logsum_pop_low_income: -4.76864074960197e-07
  parcels_zones_population: -2.0454602096813793e-06
  parcels_zones_retail_jobs: 2.9388393355761928e-05
  parcels_zones_transit_jobs_30min: -6.113793702287308e-06
  parcels_zones_transit_jobs_50min: 1.1895357904716498e-08
  parcels_zones_z_total_jobs: 7.99722476900262e-06
  sqft_per_unit: -7.088782400442119e-06
  year_built: 0.0004975231355906363
  zones_acres: -8.291051569767132e-06
  zones_employment: 1.0182152192382461e-06
  zones_households: 8.786576251453266e-07
  zones_logsum_job_high_income: 5.117453970864768e-07
  zones_logsum_job_low_income: 3.3509495122419096e-07
  zones_logsum_pop_high_income: -1.9261841354324392e-07
  zones_logsum_pop_low_income: -3.761583490535946e-07
  zones_population: -6.369753705439737e-06
  zones_retail_jobs: 3.3140610497500996e-06
  zones_transit_jobs_30min: -2.9041141568007684e-06
  zones_transit_jobs_50min: 2.4592825798676973e-07
  zones_z_total_jobs: 3.004968948328985e-06
sample_size: 47319
score: 0.7605465890244897
