fit_filters:
- residential_units > 0
- sqft_price_res > 1
- sqft_price_res < 650
- hedonic_id == 583
model_type: regression
name: RegressionModel
predict_filters: hedonic_id == 583
target_variable: np.log1p(sqft_price_res)
ytransform: np.exp
fit_parameters:
  Coefficient:
    Intercept: -7.905570200414937
    b_total_households: 0.0034740173506449096
    building_sqft: 1.2375390242116903e-05
    crime_other_rate: -1.6718459978465095e-05
    crime_ucr_rate: -5.592075897659707e-05
    jobs_within_30_min: 7.995106337002506e-07
    land_area: -2.5927502041929704e-05
    nodes_walk_ave_nonres_sqft_price: 0.0004520267949662266
    nodes_walk_ave_unit_sqft: 5.040998179093655e-06
    nodes_walk_hhs_with_children: -0.0002947239054874137
    nodes_walk_housing_cost: 6.862929207707659e-06
    nodes_walk_jobs: -1.7449586045840988e-05
    nodes_walk_lowinc_hhs: -0.00012255972959907173
    nodes_walk_midinc_hhs: 0.00026656528953183863
    nodes_walk_node_r1500_sqft: -4.2138497823845466e-08
    nodes_walk_office: 0.0007758328959220628
    nodes_walk_population: 3.6371564690809854e-05
    nodes_walk_race_1_hhs: 9.46021526600312e-05
    nodes_walk_race_4_hhs: -0.00023783571906506963
    nodes_walk_retail: -0.0022934136654867874
    nodes_walk_retail_jobs: 5.291851016152405e-06
    parcel_sqft: 5.520342235673296e-06
    parcels_ave_unit_size: 3.056691785657708e-08
    parcels_parcel_size: -6.528486929413485e-06
    parcels_pct_undev: 0.0006851442970281193
    parcels_total_sqft: -2.7261422698809375e-06
    parcels_total_units: -0.004576122836932964
    parcels_zones_jobs_within_30_min: -2.500481908069325e-08
    residential_sqft: -1.1890993543546974e-05
    sqft_per_unit: -9.107342221597677e-05
    year_built: 0.006969810602800569
    zones_acres: -0.00031167483343331386
    zones_employment: -1.2148548993594117e-05
    zones_households: 3.468181452002585e-05
    zones_logsum_job_high_income: -3.7431917368355824e-06
    zones_logsum_job_low_income: -1.382455034926014e-08
    zones_logsum_job_mid_income: 6.7012351383662916e-09
    zones_logsum_pop_high_income: 3.604245832221167e-07
    zones_logsum_pop_low_income: -1.2242394891065104e-08
    zones_logsum_pop_mid_income: 6.597832252232256e-09
    zones_population: 4.092749388820804e-05
    zones_retail_jobs: -5.1256302468820666e-05
    zones_transit_jobs_30min: 1.8076598571548713e-06
    zones_transit_jobs_50min: 2.343761921044405e-07
    zones_z_total_jobs: -1.2960925879257588e-06
fit_rsquared: 0.28344649979684056
fitted: true
sample_size: 3094
