fit_filters:
- residential_units > 0
- sqft_price_res > 1
- sqft_price_res < 650
- hedonic_id == 9983
model_expression:
  left_side: np.log1p(sqft_price_res)
model_type: Regression
name: RegressionModel
predict_filters: hedonic_id == 9983
ytransform: np.exp
coef:
  b_total_households: -0.0027263718085660245
  building_age: -0.0004565266357136493
  building_sqft: -0.00011125494440707184
  crime_other_rate: -2.111227443703148e-05
  crime_ucr_rate: 0.0005481384293078943
  jobs_within_30_min: -3.3055608711671215e-07
  land_area: -3.5313807186700246e-06
  nodes_walk_ave_nonres_sqft_price: -0.0010846520932615926
  nodes_walk_ave_unit_sqft: -9.000648615560682e-05
  nodes_walk_hhs_with_children: -0.0010787279863277756
  nodes_walk_housing_cost: 1.1802289565788776e-05
  nodes_walk_industrial: -0.00015289229748817647
  nodes_walk_jobs: 7.412024187695031e-05
  nodes_walk_lowinc_hhs: -0.0003785271423153962
  nodes_walk_medical: 0.00043736350502964356
  nodes_walk_node_r1500_sqft: -4.70887558869402e-08
  nodes_walk_office: -0.000813580638416198
  nodes_walk_population: -7.563138114713254e-05
  nodes_walk_race_1_hhs: 0.0008565071820839522
  nodes_walk_race_2_hhs: -0.0008693449546450168
  nodes_walk_retail_jobs: 0.00024020279940210955
  parcel_sqft: 2.7024518319347786e-06
  parcels_ave_unit_size: -0.00012851198128602378
  parcels_total_sqft: 0.00012135141718622511
  parcels_zones_employment: 4.006862803164111e-05
  parcels_zones_households: 9.664367522313084e-05
  parcels_zones_jobs_within_30_min: -4.1363759270437777e-07
  parcels_zones_logsum_job_high_income: 7.723905816619868e-07
  parcels_zones_logsum_job_low_income: -3.2769568600516237e-07
  parcels_zones_logsum_pop_high_income: -3.2821494580580316e-08
  parcels_zones_logsum_pop_low_income: 4.3623594348889296e-07
  parcels_zones_population: 8.874368821015754e-06
  parcels_zones_transit_jobs_30min: -1.2545599300433204e-06
  parcels_zones_transit_jobs_50min: 1.3855074291906283e-07
  parcels_zones_z_total_jobs: 8.227943822185001e-06
  residential_sqft: -1.41199860075312e-05
  sqft_per_unit: -0.00039451246366162084
  zones_acres: -0.00011925780299611199
  zones_employment: 8.70894834617923e-06
  zones_households: 4.461290308434714e-06
  zones_logsum_job_high_income: 9.042234373799098e-07
  zones_logsum_job_low_income: -3.623213724965486e-07
  zones_logsum_pop_high_income: -7.900183996588916e-07
  zones_logsum_pop_low_income: 3.6277756299692715e-07
  zones_population: 6.5954946163184045e-06
  zones_transit_jobs_30min: -1.9596490456855527e-06
  zones_transit_jobs_50min: 1.8863585474403866e-07
  zones_z_total_jobs: 2.3417197413989403e-07
sample_size: 514
score: 0.3721204456117072
