fit_filters:
- residential_units > 0
- sqft_price_res > 1
- sqft_price_res < 650
- hedonic_id == 12582
model_expression:
  left_side: np.log1p(sqft_price_res)
model_type: Regression
name: RegressionModel
predict_filters: hedonic_id == 12582
ytransform: np.exp
coef:
  building_age: -0.0027694611002029162
  building_sqft: -5.924425150544831e-18
  crime_other_rate: -1.9399010799278293e-05
  crime_ucr_rate: -4.6996240448939414e-05
  jobs_within_30_min: -3.092061526985569e-07
  land_area: -5.482158011619867e-05
  nodes_walk_ave_unit_sqft: 1.4299503074374925e-05
  nodes_walk_households: 0.0001412691960021746
  nodes_walk_housing_cost: -5.180355309552165e-06
  nodes_walk_jobs: 6.362024445254258e-05
  nodes_walk_midinc_hhs: 6.428206057930819e-05
  nodes_walk_node_r1500_sqft: -1.4255612695994743e-08
  nodes_walk_race_1_hhs: 1.676364438288163e-05
  nodes_walk_race_2_hhs: -0.00023178273376234354
  nodes_walk_residential: 0.007120977120676308
  nodes_walk_retail: -1.6974936214287217e-05
  nodes_walk_retail_jobs: 2.8601660467592217e-05
  parcel_sqft: 1.2414933252660876e-05
  parcels_ave_unit_size: 0.00019986102959406978
  parcels_landvalue: 2.263700898880868e-06
  parcels_total_sqft: -6.2965844161873385e-06
  parcels_zones_employment: 3.1040063822602893e-06
  parcels_zones_households: 4.843903489719647e-05
  parcels_zones_jobs_within_30_min: 1.4694487681738568e-07
  parcels_zones_logsum_job_high_income: 3.812775399781173e-07
  parcels_zones_logsum_job_low_income: 2.428528266582781e-07
  parcels_zones_logsum_pop_high_income: -5.0004128042293596e-08
  parcels_zones_logsum_pop_low_income: -4.4281277095001555e-07
  parcels_zones_population: -5.976688415109294e-06
  parcels_zones_retail_jobs: 3.9521142255917654e-05
  parcels_zones_transit_jobs_30min: -6.124943713489062e-06
  parcels_zones_transit_jobs_50min: 6.34218332627406e-08
  parcels_zones_z_total_jobs: 7.224290151019661e-06
  sqft_per_unit: -7.5737831809279e-05
  zones_households: 7.969268104427249e-06
  zones_logsum_job_high_income: 2.275553018308732e-07
  zones_logsum_job_low_income: 3.049423801056992e-07
  zones_logsum_pop_high_income: -3.4067695266906638e-09
  zones_logsum_pop_low_income: -3.4625252023813416e-07
  zones_population: -8.698247642482549e-06
  zones_retail_jobs: 3.312783590681418e-06
  zones_transit_jobs_30min: -3.423090746845779e-06
  zones_transit_jobs_50min: 3.754187904643597e-07
  zones_z_total_jobs: 2.293262633454414e-06
sample_size: 47319
score: 0.7721464279572783
