fit_filters:
- residential_units > 0
- sqft_price_res > 1
- sqft_price_res < 650
- hedonic_id == 14781
model_expression:
  left_side: np.log1p(sqft_price_res)
model_type: Regression
name: RegressionModel
predict_filters: hedonic_id == 14781
ytransform: np.exp
coef:
  building_age: -0.0005283347906622983
  building_sqft: -2.959668176408925e-17
  crime_other_rate: -5.744901593280181e-05
  crime_ucr_rate: 9.173235177208205e-05
  jobs_within_30_min: 1.4611451344522952e-07
  nodes_walk_housing_cost: 9.717388363637272e-06
  nodes_walk_node_r1500_sqft: -2.824512618378881e-09
  nodes_walk_residential: 0.0025941478537112135
  parcel_sqft: -2.0128330162263547e-08
  parcels_ave_unit_size: -0.00022835037312542527
  parcels_zones_employment: -1.1188578077709726e-05
  parcels_zones_jobs_within_30_min: 9.635989449380703e-09
  parcels_zones_logsum_job_high_income: -1.011990952896289e-06
  parcels_zones_logsum_job_low_income: -4.132582353943159e-07
  parcels_zones_logsum_pop_high_income: 6.769918051503425e-07
  parcels_zones_logsum_pop_low_income: 2.4783708011170244e-07
  parcels_zones_population: 1.887545401050055e-06
  parcels_zones_retail_jobs: -4.222046682139885e-05
  parcels_zones_transit_jobs_30min: -1.6924633644148022e-05
  parcels_zones_transit_jobs_50min: 4.9047237904826766e-06
  parcels_zones_z_total_jobs: -1.4391271809003575e-06
  residential_sqft: -0.0001694948661309475
  sqft_per_unit: 0.00011682013946871999
  year_built: 0.0028744355168252053
  zones_acres: -9.161226381575453e-07
  zones_employment: -4.367722404785572e-07
  zones_logsum_job_high_income: -9.52356352343755e-07
  zones_logsum_job_low_income: -4.270777485211854e-07
  zones_logsum_pop_high_income: 5.034862283636676e-07
  zones_logsum_pop_low_income: 1.1816588204279222e-07
  zones_population: 2.750133653579545e-06
  zones_retail_jobs: -1.9518861884323946e-05
  zones_transit_jobs_30min: -5.770751530448583e-06
  zones_transit_jobs_50min: 3.7878033227372125e-06
sample_size: 55447
score: 0.3563478316906816
