fit_filters:
- residential_units > 0
- sqft_price_res > 1
- sqft_price_res < 650
- hedonic_id == 14782
model_expression:
  left_side: np.log1p(sqft_price_res)
model_type: Regression
name: RegressionModel
predict_filters: hedonic_id == 14782
ytransform: np.exp
coef:
  building_sqft: 3.425991334564456e-21
  crime_other_rate: -4.613522836815633e-05
  crime_ucr_rate: -0.0014434387631765517
  jobs_within_30_min: 8.439072328374225e-06
  land_area: 7.534896941818761e-18
  nodes_walk_ave_nonres_sqft_price: -0.0016645342189036652
  nodes_walk_ave_unit_sqft: -2.12445939809029e-06
  nodes_walk_hhs_with_children: -0.0031860806273686162
  nodes_walk_highinc_hhs: 0.0022969339517234784
  nodes_walk_housing_cost: -6.913733711295095e-07
  nodes_walk_jobs: -4.138300371292105e-05
  nodes_walk_medical: -0.00010975597639720306
  nodes_walk_node_r1500_sqft: -9.95556250368116e-09
  nodes_walk_race_1_hhs: 0.0004966767762893032
  parcel_sqft: -3.920592612288116e-06
  parcels_ave_unit_size: -3.0974843961875667e-06
  parcels_total_sqft: 9.590103624763791e-07
  parcels_zones_employment: 3.493802882877286e-06
  parcels_zones_households: 4.0039278195003095e-06
  parcels_zones_jobs_within_30_min: 1.3406975892159008e-06
  parcels_zones_logsum_job_high_income: -7.053766279438595e-06
  parcels_zones_logsum_job_low_income: -1.2689628439352873e-06
  parcels_zones_logsum_pop_high_income: 9.532559344097067e-08
  parcels_zones_logsum_pop_low_income: 1.9450412174880836e-06
  parcels_zones_transit_jobs_30min: 1.4961764609737522e-05
  parcels_zones_transit_jobs_50min: 3.4887713529155614e-05
  parcels_zones_z_total_jobs: 1.2826512420224946e-06
  residential_sqft: 1.1419971115214855e-21
  sqft_per_unit: 5.2512099832055466e-05
  year_built: 0.008783912640260998
  zones_acres: -0.00012306442281258446
  zones_employment: 0.00016453898819949051
  zones_households: 0.00014355154911498087
  zones_logsum_job_high_income: -2.3525960746896645e-06
  zones_logsum_job_low_income: -1.785595828798509e-06
  zones_logsum_pop_high_income: 1.3341503268538834e-06
  zones_logsum_pop_low_income: -1.1960296070535738e-06
  zones_transit_jobs_30min: 2.0249244268494272e-05
  zones_transit_jobs_50min: 2.7094833054775568e-05
sample_size: 595
score: 0.7765853976384272
