fit_filters:
- residential_units > 0
- sqft_price_res > 1
- sqft_price_res < 650
- hedonic_id == 382
model_expression:
  left_side: np.log1p(sqft_price_res)
model_type: Regression
name: RegressionModel
predict_filters: hedonic_id == 382
ytransform: np.exp
coef:
  building_age: -0.0015054782385540738
  crime_other_rate: -9.024946326631842e-05
  jobs_within_30_min: -3.2411350491337735e-07
  land_area: -1.5985557916525818e-05
  nodes_walk_ave_unit_sqft: 9.42054643546261e-07
  nodes_walk_housing_cost: -2.196047310060208e-06
  nodes_walk_jobs: 1.9779086375175284e-05
  nodes_walk_lowinc_hhs: 0.0002225315326821386
  nodes_walk_node_r1500_sqft: 4.3957707150634435e-09
  nodes_walk_population: 6.7678264946113515e-06
  nodes_walk_race_1_hhs: -0.00025764478673990355
  nodes_walk_race_2_hhs: 0.00037359836989713505
  nodes_walk_residential: 0.007375022725579115
  nodes_walk_retail: -1.5819556547523737e-05
  nodes_walk_retail_jobs: -0.00023582855034945044
  parcel_sqft: 3.507516653747686e-06
  parcels_ave_unit_size: 0.0001878099105512892
  parcels_total_sqft: -7.438681245417558e-05
  parcels_zones_employment: 2.3713027373821137e-08
  parcels_zones_households: -7.492279842968598e-10
  parcels_zones_jobs_within_30_min: 1.2682651357924746e-07
  parcels_zones_logsum_job_high_income: 2.6382941669943223e-06
  parcels_zones_logsum_job_low_income: 8.283770386205345e-08
  parcels_zones_logsum_pop_high_income: -1.2798511609125536e-06
  parcels_zones_logsum_pop_low_income: -8.896928780643733e-08
  parcels_zones_population: -1.978373893753759e-05
  parcels_zones_retail_jobs: 4.0046743733577405e-05
  parcels_zones_transit_jobs_30min: 3.3332074598312676e-07
  parcels_zones_transit_jobs_50min: 9.042563068664545e-07
  parcels_zones_z_total_jobs: 5.480317040235295e-06
  sqft_per_unit: -0.00011980513258180538
  year_built: 0.004508847237828543
  zones_acres: -1.6795535782460903e-05
  zones_employment: 4.4717655791877955e-06
  zones_households: -1.1354534195794602e-05
  zones_logsum_job_high_income: 2.64580237264246e-06
  zones_logsum_job_low_income: 6.581949738706295e-08
  zones_logsum_pop_high_income: -1.67411791073307e-06
  zones_logsum_pop_low_income: -1.1500800407802105e-07
  zones_population: -5.047056158003289e-07
  zones_retail_jobs: 5.020620298001567e-07
  zones_transit_jobs_30min: 3.464837540757394e-07
  zones_transit_jobs_50min: 8.242175785622048e-07
  zones_z_total_jobs: 1.1617068576997028e-06
sample_size: 19019
score: 0.7744051900362983
