fit_filters:
- residential_units > 0
- sqft_price_res > 1
- sqft_price_res < 650
- hedonic_id == 9983
model_expression:
  left_side: np.log1p(sqft_price_res)
model_type: Regression
name: RegressionModel
predict_filters: hedonic_id == 9983
ytransform: np.exp
coef:
  Intercept: -1.4107868028305264
  building_sqft: 8.788236460092192e-06
  crime_other_rate: -9.77087213040692e-05
  crime_ucr_rate: 0.0002919792779075411
  jobs_within_30_min: -9.564140666892564e-07
  land_area: 5.4066882334880395e-06
  nodes_walk_ave_nonres_sqft_price: -0.0008642146349782865
  nodes_walk_ave_unit_sqft: 5.3953076995748376e-05
  nodes_walk_highinc_hhs: 0.0026874549294022554
  nodes_walk_households: 7.197800585675373e-05
  nodes_walk_housing_cost: 1.8666296023757536e-06
  nodes_walk_industrial: 0.0005942987817071869
  nodes_walk_jobs: -3.6011743390279433e-06
  nodes_walk_lowinc_hhs: -4.845781337654215e-05
  nodes_walk_medical: 0.0007622854453437985
  nodes_walk_midinc_hhs: 7.895757536447255e-06
  nodes_walk_node_r1500_sqft: -5.596158502245201e-09
  nodes_walk_office: -2.7631142179384667e-05
  nodes_walk_population: -3.53790434972814e-05
  nodes_walk_race_2_hhs: 5.3468103686467856e-05
  nodes_walk_retail: -0.0009118746518951546
  nodes_walk_retail_jobs: 0.00020143608572307752
  parcel_sqft: 4.049068964751051e-07
  parcels_ave_unit_size: 1.7030129339129313e-05
  parcels_total_sqft: 2.819769019042911e-07
  parcels_total_units: -0.0019774930010113827
  parcels_zones_households: 7.943532991269368e-05
  parcels_zones_jobs_within_30_min: 2.3506633937666452e-07
  parcels_zones_logsum_job_high_income: 4.901816508418529e-06
  parcels_zones_logsum_job_low_income: -2.0257191839308056e-07
  parcels_zones_logsum_pop_high_income: -2.216072652792533e-06
  parcels_zones_logsum_pop_low_income: 3.97293072628363e-08
  parcels_zones_population: -2.8603526683221464e-05
  parcels_zones_retail_jobs: 2.8590105716887985e-05
  parcels_zones_transit_jobs_30min: 6.36601405178347e-06
  parcels_zones_transit_jobs_50min: 6.368139524790455e-07
  parcels_zones_z_total_jobs: 1.1034324690758737e-05
  residential_sqft: -9.076206494946612e-06
  sqft_per_unit: -0.0005431471873667767
  year_built: 0.002995529787161154
  zones_acres: -5.832503289988625e-05
  zones_households: 9.671607489278554e-05
  zones_logsum_job_high_income: 4.72289454883758e-06
  zones_logsum_job_low_income: -1.5788537128173542e-07
  zones_logsum_pop_high_income: -3.0150284159530935e-06
  zones_logsum_pop_low_income: 1.0787156759976201e-07
  zones_population: -2.8337837578182585e-05
  zones_retail_jobs: 3.596253513006646e-05
  zones_transit_jobs_30min: 2.7509401114130837e-06
  zones_transit_jobs_50min: 4.172413649056945e-07
  zones_z_total_jobs: 1.1519880044908927e-06
sample_size: 3764
score: 0.3351958406373873
