fit_filters:
- residential_units > 0
- sqft_price_res > 1
- sqft_price_res < 650
- hedonic_id == 583
model_expression:
  left_side: np.log1p(sqft_price_res)
model_type: Regression
name: RegressionModel
predict_filters: hedonic_id == 583
ytransform: np.exp
coef:
  building_age: -0.0014150456355560088
  building_sqft: 8.980785760001512e-06
  crime_other_rate: -6.384638294478248e-06
  crime_ucr_rate: -5.8122169457251444e-05
  jobs_within_30_min: 7.394367463992478e-07
  land_area: -3.214093214563837e-05
  nodes_walk_ave_nonres_sqft_price: 0.00015779191924399799
  nodes_walk_ave_unit_sqft: 1.0402695966333907e-05
  nodes_walk_hhs_with_children: -0.0001955016445406057
  nodes_walk_housing_cost: 6.555407020876903e-06
  nodes_walk_jobs: -1.7659742202623733e-05
  nodes_walk_lowinc_hhs: -0.00017369445837156337
  nodes_walk_midinc_hhs: 0.0003447172498524532
  nodes_walk_node_r1500_sqft: -3.8244255943236574e-08
  nodes_walk_office: 0.0002708412299287694
  nodes_walk_population: 8.915133477195658e-05
  nodes_walk_race_3_hhs: 0.00014695677493389438
  nodes_walk_race_4_hhs: -0.00029055123134238953
  parcel_sqft: 9.451196543236886e-06
  parcels_total_sqft: 1.3759472623990492e-06
  parcels_total_units: -0.0017086147551082372
  parcels_zones_employment: -1.3200603685302096e-05
  parcels_zones_households: -0.0002145516356104991
  parcels_zones_logsum_job_high_income: -1.2176842893326456e-06
  parcels_zones_logsum_job_low_income: -1.0167330283404293e-09
  parcels_zones_logsum_pop_high_income: -1.2453741698324472e-06
  parcels_zones_logsum_pop_low_income: 1.4139775248562747e-08
  parcels_zones_population: 0.0001039025554793499
  parcels_zones_retail_jobs: -0.00019217654837532576
  parcels_zones_transit_jobs_30min: 9.604947842940188e-07
  parcels_zones_transit_jobs_50min: -8.024017935019193e-08
  parcels_zones_z_total_jobs: -2.6238702570697395e-07
  residential_sqft: -1.3186279029129075e-05
  sqft_per_unit: -7.482423135431464e-05
  year_built: 0.005116715904178475
  zones_acres: -0.00023322916589888146
  zones_employment: -1.3119095361559047e-07
  zones_households: -0.00015288458675732718
  zones_logsum_job_high_income: -1.0645558464671705e-06
  zones_logsum_job_low_income: -2.52334762968055e-09
  zones_logsum_pop_high_income: 7.445500823045797e-07
  zones_logsum_pop_low_income: 1.1834816842339287e-08
  zones_population: 8.065857600499591e-05
  zones_retail_jobs: -1.472156391286153e-05
  zones_transit_jobs_30min: 6.747073948436666e-07
  zones_transit_jobs_50min: -1.511013777358619e-07
sample_size: 2512
score: 0.22946033584879433
