fit_filters:
- residential_units > 0
- sqft_price_res > 1
- sqft_price_res < 650
- hedonic_id == 16181
model_expression:
  left_side: np.log1p(sqft_price_res)
model_type: Regression
name: RegressionModel
predict_filters: hedonic_id == 16181
ytransform: np.exp
coef:
  building_age: -0.0006268286753406021
  crime_other_rate: 1.1243672149602159e-06
  jobs_within_30_min: -2.2242284938468085e-07
  land_area: 4.514949954245826e-05
  nodes_walk_housing_cost: 1.5935527092775336e-08
  nodes_walk_jobs: -9.149967254626875e-07
  nodes_walk_node_r1500_sqft: 2.0823619430774286e-10
  nodes_walk_population: -4.1594056236437363e-05
  nodes_walk_race_1_hhs: 0.0002682300763892721
  nodes_walk_race_2_hhs: -9.03271799051589e-05
  nodes_walk_residential: 0.004330188588301645
  parcel_sqft: -6.1210914701800645e-09
  parcels_ave_unit_size: 3.2336484707201415e-05
  parcels_total_sqft: -1.5780307136068133e-05
  parcels_zones_employment: 3.400730607133086e-06
  parcels_zones_households: 1.5235056574934037e-05
  parcels_zones_logsum_job_high_income: 6.870867700109148e-07
  parcels_zones_logsum_job_low_income: 3.689787838999684e-08
  parcels_zones_logsum_pop_high_income: -3.59431616363665e-07
  parcels_zones_logsum_pop_low_income: -1.9768618167985884e-08
  parcels_zones_population: -1.3771423668384672e-05
  parcels_zones_transit_jobs_30min: 1.7177424119556669e-07
  parcels_zones_transit_jobs_50min: 4.977933780932593e-07
  parcels_zones_z_total_jobs: 1.5726629125703597e-06
  residential_sqft: -0.0001176681783371964
  sqft_per_unit: 7.368236059042444e-05
  year_built: 0.0018930846260161295
  zones_acres: -2.5260634461459184e-06
  zones_employment: 1.7716886157045514e-06
  zones_households: 2.9512839787115483e-05
  zones_logsum_job_high_income: 7.598552958128231e-07
  zones_logsum_job_low_income: 2.692060617724714e-08
  zones_logsum_pop_high_income: -4.649341669651769e-07
  zones_logsum_pop_low_income: -6.259065955701452e-08
  zones_population: -3.0822947539726497e-06
  zones_transit_jobs_30min: 3.3341321395640584e-07
  zones_transit_jobs_50min: 4.756393682825193e-08
sample_size: 85679
score: 0.5922778600494945
