fit_filters:
- residential_units > 0
- sqft_price_res > 1
- sqft_price_res < 650
- hedonic_id == 11583
model_expression:
  left_side: np.log1p(sqft_price_res)
model_type: Regression
name: RegressionModel
predict_filters: hedonic_id == 11583
ytransform: np.exp
coef:
  Intercept: 4.5270375389900925
  building_age: -0.00014409784482463705
  crime_other_rate: 0.00013812144483009916
  crime_ucr_rate: -0.0003175779321200337
  jobs_within_30_min: -2.9537506285672144e-06
  land_area: -1.251704325005389e-05
  nodes_walk_ave_unit_sqft: -3.411132664184614e-05
  nodes_walk_highinc_hhs: 0.0041813209221740755
  nodes_walk_households: 0.002023001364130927
  nodes_walk_housing_cost: 4.62803829874113e-06
  nodes_walk_jobs: 0.00018548873958845695
  nodes_walk_lowinc_hhs: -0.0012037781521291612
  nodes_walk_medical: 0.00018180445943088866
  nodes_walk_midinc_hhs: 0.00024182575427385408
  nodes_walk_node_r1500_sqft: 6.134982182288212e-09
  nodes_walk_population: -0.0010688332806478987
  nodes_walk_race_2_hhs: -0.0010295675548261656
  nodes_walk_retail: -0.0011567265355904987
  nodes_walk_retail_jobs: -0.0014131838582189145
  parcel_sqft: 1.1392180452572364e-08
  parcels_ave_unit_size: -0.00015288221273469422
  parcels_total_job_spaces: -0.0065756816598120955
  parcels_total_sqft: 8.6220634190704e-07
  parcels_total_units: -5.7349745660298185e-05
  parcels_zones_employment: 0.0001285956453929912
  parcels_zones_households: 0.00015103584175015004
  parcels_zones_jobs_within_30_min: 5.2686497327839505e-08
  parcels_zones_logsum_job_high_income: -1.7903887903390487e-06
  parcels_zones_logsum_job_low_income: 6.168853670154249e-06
  parcels_zones_logsum_pop_high_income: 1.095278237019711e-06
  parcels_zones_logsum_pop_low_income: -1.4398138990507505e-06
  parcels_zones_population: -6.802508396219474e-05
  parcels_zones_retail_jobs: -0.00026661775531608054
  parcels_zones_transit_jobs_30min: 2.03457327483343e-05
  parcels_zones_transit_jobs_50min: -2.1006813807041126e-05
  residential_sqft: -1.1429694298209677e-05
  sqft_per_unit: -0.0002469627906830926
  year_built: 4.401304567083996e-05
  zones_acres: -8.598813882727976e-06
  zones_employment: 1.0585483511359195e-05
  zones_households: 0.00019281563655208875
  zones_logsum_job_high_income: -1.7572328802362467e-06
  zones_logsum_job_low_income: 6.114797413467436e-06
  zones_logsum_pop_high_income: 6.601874125488471e-07
  zones_logsum_pop_low_income: -1.544379625942747e-06
  zones_population: -7.074255405888797e-05
  zones_retail_jobs: -5.084510415385366e-05
  zones_transit_jobs_30min: 1.3491827700253143e-05
  zones_transit_jobs_50min: -1.8402930022234884e-05
sample_size: 523
score: 0.42873249888397746
