fit_filters:
- residential_units > 0
- sqft_price_res > 1
- sqft_price_res < 650
- hedonic_id == 14782
model_type: regression
name: RegressionModel
predict_filters: hedonic_id == 14782
target_variable: np.log1p(sqft_price_res)
ytransform: np.exp
fit_parameters:
  Coefficient:
    Intercept: -9.966613847949201
    building_age: -2.1468126676915489e-07
    building_sqft: 1.1419971115214855e-21
    crime_other_rate: -8.591398552605317e-05
    crime_ucr_rate: -0.0010921157003237695
    jobs_within_30_min: 1.1458911651904777e-05
    land_area: 1.1980691696971904e-17
    nodes_walk_ave_nonres_sqft_price: -0.001445191620375946
    nodes_walk_hhs_with_children: -0.0023759967967804043
    nodes_walk_highinc_hhs: 0.001392568880125667
    nodes_walk_housing_cost: -3.148442237412734e-07
    nodes_walk_jobs: -4.791301129294948e-05
    nodes_walk_node_r1500_sqft: -9.17102434565354e-09
    nodes_walk_office: -0.00036244781757155343
    nodes_walk_race_1_hhs: 0.0004757562406019573
    parcel_sqft: -4.207346947764716e-06
    parcels_ave_unit_size: 4.095960582500538e-06
    parcels_total_sqft: 2.7668355693851837e-06
    parcels_zones_jobs_within_30_min: 2.5193580643270203e-06
    residential_sqft: 1.1419971115214855e-21
    sqft_per_unit: 9.013010430122351e-05
    year_built: 0.00826268402913735
    zones_acres: -0.00010276417045338437
    zones_employment: 0.00010863677120571917
    zones_logsum_job_low_income: 2.1586901324536526e-06
    zones_logsum_job_mid_income: -7.2082098752995805e-06
    zones_logsum_pop_high_income: -3.2238202463143135e-06
    zones_logsum_pop_low_income: -1.650894811252073e-06
    zones_logsum_pop_mid_income: 3.323320878487678e-06
    zones_transit_jobs_30min: 2.5068338604569006e-05
    zones_transit_jobs_50min: 4.192601395687534e-05
    zones_z_total_jobs: 1.0989415294150693e-05
fit_rsquared: 0.7695309948912986
fitted: true
sample_size: 595
