fit_filters:
- residential_units > 0
- sqft_price_res > 1
- sqft_price_res < 650
- hedonic_id == 14783
model_expression:
  left_side: np.log1p(sqft_price_res)
model_type: Regression
name: RegressionModel
predict_filters: hedonic_id == 14783
ytransform: np.exp
coef:
  building_age: -3.5407954161650286e-05
  building_sqft: -1.4344999635649303e-06
  crime_ucr_rate: -8.979034562323449e-05
  jobs_within_30_min: -4.66854283018534e-07
  land_area: -1.5465120230860578e-05
  nodes_walk_ave_nonres_sqft_price: -0.0020693941292953474
  nodes_walk_ave_unit_sqft: -0.00015292949092218417
  nodes_walk_hhs_with_children: -0.000259515762056435
  nodes_walk_housing_cost: 9.591115549465612e-06
  nodes_walk_jobs: 8.427696693109635e-05
  nodes_walk_lowinc_hhs: 0.002199114757651015
  nodes_walk_midinc_hhs: -0.000773123136684387
  nodes_walk_node_r1500_sqft: 3.715593916626299e-08
  nodes_walk_office: 0.001109062947033101
  nodes_walk_population: -0.0005223913370236925
  nodes_walk_retail_jobs: -0.00040764793237639963
  parcel_sqft: 1.7950832162864277e-06
  parcels_ave_unit_size: -4.739350452416184e-05
  parcels_parcel_size: -2.0858670851307494e-06
  parcels_pct_undev: -0.00022530551805399624
  parcels_total_sqft: -7.3188227787371765e-06
  parcels_zones_employment: -0.00015393302720849103
  parcels_zones_households: -0.00040710783251029527
  parcels_zones_jobs_within_30_min: 1.8898051636189239e-06
  parcels_zones_logsum_job_high_income: -3.4984865861199457e-06
  parcels_zones_logsum_job_low_income: 2.058947413315372e-06
  parcels_zones_logsum_pop_high_income: 2.0791660509842906e-06
  parcels_zones_logsum_pop_low_income: -9.05436569989935e-07
  parcels_zones_population: 0.000237209363898371
  parcels_zones_retail_jobs: 6.0642859214363476e-05
  parcels_zones_transit_jobs_30min: -3.8155580739666205e-05
  parcels_zones_transit_jobs_50min: 4.77738393797885e-06
  parcels_zones_z_total_jobs: -3.636329603478795e-06
  residential_sqft: 1.3434351548078661e-05
  sqft_per_unit: -0.0002926467767169075
  year_built: 0.0019496740815717667
  zones_acres: -4.335817771574651e-05
  zones_employment: -1.1838946217818517e-05
  zones_households: -0.00035970082371787154
  zones_logsum_job_high_income: -3.289553972136601e-06
  zones_logsum_job_low_income: 1.919433249440343e-06
  zones_logsum_pop_high_income: 1.7661160596973127e-06
  zones_logsum_pop_low_income: -1.212072197838963e-06
  zones_population: 0.0002263045958003529
  zones_retail_jobs: 1.4357916697332983e-05
  zones_transit_jobs_30min: -1.5086331708808378e-05
  zones_transit_jobs_50min: 5.148331331344605e-06
sample_size: 475
score: 0.49744959198511984
