fit_filters:
- residential_units > 0
- sqft_price_res > 1
- sqft_price_res < 650
- hedonic_id == 581
model_expression:
  left_side: np.log1p(sqft_price_res)
model_type: Regression
name: RegressionModel
predict_filters: hedonic_id == 581
ytransform: np.exp
coef:
  building_sqft: -9.500414721562826e-07
  crime_other_rate: 1.9784847241394696e-05
  crime_ucr_rate: -4.700016124313647e-05
  jobs_within_30_min: -1.4102818282228702e-07
  land_area: 2.6206872477100684e-05
  nodes_walk_ave_unit_sqft: 1.0604721477639896e-05
  nodes_walk_housing_cost: 2.020114861760668e-05
  nodes_walk_jobs: 2.8948356604279995e-05
  nodes_walk_lowinc_hhs: -0.0005609652195981706
  nodes_walk_midinc_hhs: 4.8773386980508045e-05
  nodes_walk_node_r1500_sqft: -1.7655363020614624e-09
  nodes_walk_population: 8.00744500026176e-05
  nodes_walk_race_2_hhs: 0.0002969199085066424
  nodes_walk_race_4_hhs: 6.87370489475921e-05
  nodes_walk_residential: 0.0038554739842105654
  parcel_sqft: 2.7382482093400583e-05
  parcels_ave_unit_size: 5.203131959173921e-07
  parcels_total_sqft: -2.731718526203054e-05
  parcels_zones_employment: 2.2831529370281912e-05
  parcels_zones_jobs_within_30_min: -1.4282821586541143e-08
  parcels_zones_logsum_job_high_income: -5.165734693731472e-07
  parcels_zones_logsum_job_low_income: -7.564887305445542e-09
  parcels_zones_logsum_pop_high_income: 5.212136953943642e-07
  parcels_zones_logsum_pop_low_income: -1.0913373570621474e-08
  parcels_zones_population: 5.5245190229876824e-05
  parcels_zones_retail_jobs: 0.0001882817333973669
  parcels_zones_transit_jobs_30min: -6.167276957463648e-08
  parcels_zones_transit_jobs_50min: 6.294741038070603e-07
  residential_sqft: -0.00019027605241373044
  sqft_per_unit: 1.1928589427124674e-05
  year_built: 0.00591657144746536
  zones_acres: -8.890636393562871e-05
  zones_employment: 1.924275762099541e-06
  zones_households: -4.949296567414342e-05
  zones_logsum_job_high_income: -5.203676047190596e-07
  zones_logsum_job_low_income: -8.934143607724312e-09
  zones_logsum_pop_high_income: 3.761281413764122e-07
  zones_logsum_pop_low_income: -7.063933741668187e-09
  zones_population: 1.6073529655623973e-05
  zones_transit_jobs_50min: 2.0580980526442941e-07
sample_size: 187521
score: 0.4801665068523211
