fit_filters:
- residential_units > 0
- sqft_price_res > 1
- sqft_price_res < 650
- hedonic_id == 382
model_expression:
  left_side: np.log1p(sqft_price_res)
model_type: Regression
name: RegressionModel
predict_filters: hedonic_id == 382
ytransform: np.exp
coef:
  building_age: -0.0014976222615659068
  crime_other_rate: -9.057667324924862e-05
  jobs_within_30_min: -3.256469012389492e-07
  land_area: -1.5991753633401022e-05
  nodes_walk_ave_unit_sqft: 9.517820933330978e-07
  nodes_walk_housing_cost: -2.191371138156873e-06
  nodes_walk_jobs: 2.0050225816000955e-05
  nodes_walk_lowinc_hhs: 0.0002136598636110458
  nodes_walk_node_r1500_sqft: 4.4032491518296216e-09
  nodes_walk_population: 8.047139919552672e-06
  nodes_walk_race_1_hhs: -0.0002599234867468779
  nodes_walk_race_2_hhs: 0.00037546711644728973
  nodes_walk_residential: 0.007371714047139473
  nodes_walk_retail: -1.5861634376165025e-05
  nodes_walk_retail_jobs: -0.00023638222904268083
  parcel_sqft: 3.5052685084136683e-06
  parcels_ave_unit_size: 0.00018748419778379785
  parcels_total_sqft: -7.439124863909956e-05
  parcels_zones_employment: 2.470725915164656e-08
  parcels_zones_households: -7.707241983478129e-10
  parcels_zones_jobs_within_30_min: 1.2729433060324083e-07
  parcels_zones_logsum_job_high_income: 2.63731116939168e-06
  parcels_zones_logsum_job_low_income: 8.254511785349361e-08
  parcels_zones_logsum_pop_high_income: -1.2783102481384836e-06
  parcels_zones_logsum_pop_low_income: -8.830578240889781e-08
  parcels_zones_population: -2.0106371832818462e-05
  parcels_zones_retail_jobs: 3.991741555472507e-05
  parcels_zones_transit_jobs_30min: 3.2284340603819173e-07
  parcels_zones_transit_jobs_50min: 9.04830381861853e-07
  parcels_zones_z_total_jobs: 5.555261439292663e-06
  sqft_per_unit: -0.00011973360019752997
  year_built: 0.004517880805634412
  zones_acres: -1.6723827618794554e-05
  zones_employment: 4.382292958929085e-06
  zones_households: -1.0480282780968819e-05
  zones_logsum_job_high_income: 2.6445577361458477e-06
  zones_logsum_job_low_income: 6.561802256915668e-08
  zones_logsum_pop_high_income: -1.6731997440046422e-06
  zones_logsum_pop_low_income: -1.143715323136291e-07
  zones_population: -5.256793539753606e-07
  zones_retail_jobs: 5.793404217769111e-07
  zones_transit_jobs_30min: 3.3608645515633845e-07
  zones_transit_jobs_50min: 8.264808222282296e-07
  zones_z_total_jobs: 1.1249801796479802e-06
sample_size: 19019
score: 0.7743910358328265
