fit_filters:
- residential_units > 0
- sqft_price_res > 1
- sqft_price_res < 650
- hedonic_id == 16181
model_expression:
  left_side: np.log1p(sqft_price_res)
model_type: Regression
name: RegressionModel
predict_filters: hedonic_id == 16181
ytransform: np.exp
coef:
  Intercept: -0.2090923315142179
  building_age: -0.00018833483897059305
  jobs_within_30_min: -1.875430175748436e-07
  land_area: 4.369710301134258e-05
  nodes_walk_ave_unit_sqft: 4.16793856285743e-06
  nodes_walk_housing_cost: 4.147499685253064e-07
  nodes_walk_jobs: -7.595146165122749e-06
  nodes_walk_node_r1500_sqft: 3.8127283066925887e-10
  nodes_walk_population: -4.05166432802127e-05
  nodes_walk_race_1_hhs: 0.00030241395506341536
  nodes_walk_race_2_hhs: -6.952447988892482e-05
  nodes_walk_residential: 0.004010939523011595
  nodes_walk_retail: 1.0387695934153039e-05
  parcel_sqft: -8.313686154941553e-09
  parcels_ave_unit_size: 1.0363623661903967e-05
  parcels_total_sqft: -6.458899272936039e-05
  parcels_zones_employment: 1.0004530687538553e-05
  parcels_zones_households: 1.401458152128844e-05
  parcels_zones_jobs_within_30_min: -7.586784202942067e-08
  parcels_zones_logsum_job_high_income: 1.0801787837788577e-06
  parcels_zones_logsum_job_low_income: 4.3549146495057606e-08
  parcels_zones_logsum_pop_high_income: -5.769747774409529e-07
  parcels_zones_logsum_pop_low_income: -2.4254175716178122e-08
  parcels_zones_population: -1.3590085338994516e-05
  parcels_zones_transit_jobs_30min: 9.8582731113221e-08
  parcels_zones_transit_jobs_50min: 5.840961461007249e-07
  parcels_zones_z_total_jobs: 2.3606217227112445e-07
  residential_sqft: -8.255608452182534e-05
  sqft_per_unit: 8.655381250602108e-05
  year_built: 0.002376389225213555
  zones_acres: -3.2040572753384884e-06
  zones_employment: 1.0414458156716679e-06
  zones_households: 3.303824154906082e-05
  zones_logsum_job_high_income: 1.1639494006974715e-06
  zones_logsum_job_low_income: 3.1652033237485954e-08
  zones_logsum_pop_high_income: -7.054985551041581e-07
  zones_logsum_pop_low_income: -7.475059309584392e-08
  zones_population: -2.6605463030339564e-06
  zones_transit_jobs_30min: 3.2272874876363963e-07
  zones_transit_jobs_50min: 3.1404536063802485e-08
sample_size: 86491
score: 0.5899823549203453
