fit_filters:
- residential_units > 0
- sqft_price_res > 1
- sqft_price_res < 650
- hedonic_id == 9981
model_expression:
  left_side: np.log1p(sqft_price_res)
model_type: Regression
name: RegressionModel
predict_filters: hedonic_id == 9981
ytransform: np.exp
coef:
  building_age: -0.0023474924998057047
  crime_other_rate: -7.354151329473755e-06
  crime_ucr_rate: 0.00015254537703685947
  jobs_within_30_min: -2.9422966256780242e-08
  land_area: 3.610989077942182e-05
  nodes_walk_housing_cost: 1.5199769918505793e-07
  nodes_walk_jobs: 9.743651886924064e-06
  nodes_walk_medical: 8.032356033683818e-05
  nodes_walk_node_r1500_sqft: -2.7093356716776352e-09
  nodes_walk_population: -5.4676978512085286e-05
  nodes_walk_race_1_hhs: 0.0002911075549750774
  nodes_walk_residential: 0.006259557176053801
  parcel_sqft: 3.545328774788984e-08
  parcels_zones_employment: -9.196724800104869e-07
  parcels_zones_households: 4.193762639608188e-05
  parcels_zones_jobs_within_30_min: 2.6624653920185188e-08
  parcels_zones_logsum_job_high_income: -1.7995938386086641e-07
  parcels_zones_logsum_job_low_income: 5.946432173221392e-08
  parcels_zones_logsum_pop_high_income: 1.4167466452573742e-07
  parcels_zones_logsum_pop_low_income: -9.356007436346265e-08
  parcels_zones_population: -1.707015152993539e-05
  parcels_zones_retail_jobs: -7.943533811438142e-06
  parcels_zones_transit_jobs_30min: 3.745491869924423e-07
  parcels_zones_transit_jobs_50min: -2.869383861279901e-07
  residential_sqft: -6.631299609123345e-05
  year_built: 0.0014512286023340047
  zones_acres: -3.843969352120393e-06
  zones_households: 4.1742597179662025e-05
  zones_logsum_job_high_income: -2.284594559129121e-07
  zones_logsum_job_low_income: 7.537401051195221e-08
  zones_logsum_pop_high_income: 1.7259962168782908e-07
  zones_logsum_pop_low_income: -6.856893410912799e-08
  zones_population: -1.6519701210792497e-05
  zones_transit_jobs_30min: 1.051740047459591e-07
  zones_transit_jobs_50min: -1.7804797984915046e-07
sample_size: 246520
score: 0.6447577594295809
