fit_filters:
- residential_units > 0
- sqft_price_res > 1
- sqft_price_res < 650
- hedonic_id == 12583
model_type: regression
name: RegressionModel
predict_filters: hedonic_id == 12583
target_variable: np.log1p(sqft_price_res)
ytransform: np.exp
fit_parameters:
  Coefficient:
    Intercept: 2.4535718931766035
    building_age: -7.830453942283493e-06
    building_sqft: 6.048829995043874e-07
    crime_other_rate: 0.00021881952700221775
    crime_ucr_rate: -0.0006464723685452902
    jobs_within_30_min: -1.6464418728568515e-07
    land_area: -2.3568118254331896e-06
    nodes_walk_ave_nonres_sqft_price: 0.0008522455865581586
    nodes_walk_highinc_hhs: 0.00032727493058052557
    nodes_walk_households: 0.00043505418220475203
    nodes_walk_housing_cost: 5.450978305397014e-06
    nodes_walk_jobs: 1.9063527082961133e-05
    nodes_walk_lowinc_hhs: 0.00015278177128309119
    nodes_walk_medical: 8.512505082261747e-05
    nodes_walk_midinc_hhs: -6.764427346235567e-05
    nodes_walk_node_r1500_sqft: 2.9903338296122014e-09
    nodes_walk_office: -0.0009043993340675638
    nodes_walk_population: -0.00017980680444372782
    nodes_walk_race_2_hhs: -0.0005566258343224438
    nodes_walk_race_3_hhs: 5.681569059765985e-05
    nodes_walk_race_4_hhs: 0.0007232142718985373
    nodes_walk_retail: -4.787085913415931e-05
    nodes_walk_retail_jobs: 4.450249069384934e-05
    parcel_sqft: 2.1581611216512117e-07
    parcels_ave_unit_size: -7.663334161290043e-05
    parcels_parcel_size: -4.695325382972104e-07
    parcels_total_job_spaces: -0.0005709988530861261
    parcels_total_sqft: 2.2004232934998047e-07
    parcels_total_units: -0.00042044937191396917
    parcels_zones_jobs_within_30_min: -1.966527668673587e-07
    residential_sqft: -2.779175397662631e-06
    sqft_per_unit: -0.00017132038694641984
    year_built: 0.0005239936397305672
    zones_acres: -4.642636038033106e-05
    zones_households: 0.0002161148039555168
    zones_logsum_job_high_income: -3.222387634389879e-06
    zones_logsum_job_low_income: 1.1165056360818102e-06
    zones_logsum_job_mid_income: -7.054316452250408e-08
    zones_logsum_pop_high_income: 2.846211461006541e-06
    zones_logsum_pop_low_income: -1.6867723253441852e-06
    zones_logsum_pop_mid_income: 1.6894476955573402e-07
    zones_percent_vacant_job_spaces: -0.004990687439168765
    zones_population: -0.00010674254132043115
    zones_retail_jobs: -0.00013823465926053133
    zones_transit_jobs_30min: -1.3646649741549429e-05
    zones_transit_jobs_50min: 2.870188632642595e-06
    zones_z_total_jobs: -8.702419321590851e-06
fit_rsquared: 0.386823097031028
fit_rsquared_adj: 0.386823097031028
fitted: true
model_expression:
  left_side: np.log1p(sqft_price_res)
  right_side:
  - year_built
  - sqft_per_unit
  - land_area
  - residential_sqft
  - building_sqft
  - jobs_within_30_min
  - parcel_sqft
  - crime_ucr_rate
  - crime_other_rate
  - building_age
  - parcels_parcel_size
  - parcels_ave_unit_size
  - parcels_total_units
  - parcels_total_job_spaces
  - parcels_total_sqft
  - parcels_zones_jobs_within_30_min
  - zones_acres
  - zones_households
  - zones_population
  - zones_retail_jobs
  - zones_logsum_pop_high_income
  - zones_logsum_pop_mid_income
  - zones_logsum_pop_low_income
  - zones_logsum_job_high_income
  - zones_logsum_job_mid_income
  - zones_logsum_job_low_income
  - zones_z_total_jobs
  - zones_transit_jobs_50min
  - zones_transit_jobs_30min
  - zones_percent_vacant_job_spaces
  - nodes_walk_population
  - nodes_walk_households
  - nodes_walk_midinc_hhs
  - nodes_walk_lowinc_hhs
  - nodes_walk_highinc_hhs
  - nodes_walk_race_2_hhs
  - nodes_walk_race_3_hhs
  - nodes_walk_race_4_hhs
  - nodes_walk_jobs
  - nodes_walk_retail_jobs
  - nodes_walk_node_r1500_sqft
  - nodes_walk_ave_nonres_sqft_price
  - nodes_walk_retail
  - nodes_walk_office
  - nodes_walk_medical
  - nodes_walk_housing_cost
sample_size: 6215
