fit_filters:
- residential_units > 0
- sqft_price_res > 1
- sqft_price_res < 650
- hedonic_id == 9981
model_expression:
  left_side: np.log1p(sqft_price_res)
model_type: Regression
name: RegressionModel
predict_filters: hedonic_id == 9981
ytransform: np.exp
coef:
  Intercept: 0.23563744600375625
  building_age: -0.0018463864698804958
  crime_other_rate: -9.730230542078363e-06
  crime_ucr_rate: 0.0001591416276930199
  jobs_within_30_min: 6.652000423450378e-08
  land_area: 2.8976214464106e-05
  nodes_walk_ave_nonres_sqft_price: 3.7931699787329314e-05
  nodes_walk_housing_cost: 2.1377012126995547e-07
  nodes_walk_jobs: 5.166237970612522e-06
  nodes_walk_medical: 6.452354997354642e-05
  nodes_walk_node_r1500_sqft: -3.4082130701995705e-09
  nodes_walk_population: -6.740660321396975e-05
  nodes_walk_race_1_hhs: 0.0003431827427090567
  nodes_walk_residential: 0.006030435344799707
  parcel_sqft: 3.4037799859314775e-08
  parcels_total_sqft: -4.635284140693441e-05
  parcels_zones_jobs_within_30_min: -3.481639294298355e-08
  residential_sqft: -1.1189141654207684e-05
  year_built: 0.0019791280098761833
  zones_acres: -3.963321456444602e-06
  zones_households: 0.00010116795809409938
  zones_logsum_job_high_income: -4.939173932355564e-07
  zones_logsum_job_low_income: 1.5233440587862802e-07
  zones_logsum_pop_high_income: 3.3967676394234686e-07
  zones_logsum_pop_low_income: -1.7779169369854038e-07
  zones_population: -4.072966047118971e-05
  zones_retail_jobs: -1.297294682657103e-05
  zones_transit_jobs_30min: 2.277560515824642e-07
  zones_transit_jobs_50min: -4.92249878977131e-07
sample_size: 247463
score: 0.6412471288509802
