fit_filters:
- residential_units > 0
- sqft_price_res > 1
- sqft_price_res < 650
- hedonic_id == 12581
model_expression:
  left_side: np.log1p(sqft_price_res)
model_type: Regression
name: RegressionModel
predict_filters: hedonic_id == 12581
ytransform: np.exp
coef:
  Intercept: -0.40931000684023555
  building_age: -0.0013457242800663629
  building_sqft: -1.0545487671875712e-06
  crime_other_rate: -8.94770635403985e-06
  crime_ucr_rate: -0.00027203467088980177
  jobs_within_30_min: 4.636865215296142e-08
  land_area: 3.038954669924237e-05
  nodes_walk_ave_nonres_sqft_price: 2.1610792286851304e-05
  nodes_walk_ave_unit_sqft: 2.8049433050773014e-06
  nodes_walk_housing_cost: -5.753939960420029e-07
  nodes_walk_jobs: -2.321984851051214e-06
  nodes_walk_midinc_hhs: 2.8309198217505628e-05
  nodes_walk_node_r1500_sqft: -2.6187683949995083e-09
  nodes_walk_race_1_hhs: 0.00014851654091810473
  nodes_walk_residential: 0.005101431923292421
  parcel_sqft: -3.99632074270091e-08
  parcels_total_sqft: -5.868934573736603e-06
  parcels_zones_employment: -1.7349945989687408e-06
  parcels_zones_households: 4.9637137553902634e-05
  parcels_zones_jobs_within_30_min: 5.903310041559855e-08
  parcels_zones_logsum_job_high_income: -9.662329175963908e-09
  parcels_zones_logsum_job_low_income: 1.0606192402035804e-07
  parcels_zones_logsum_pop_high_income: -2.9280068686821127e-09
  parcels_zones_logsum_pop_low_income: -1.7761445270568701e-07
  parcels_zones_population: -2.2610923823840294e-05
  parcels_zones_transit_jobs_30min: 3.0832398723990557e-07
  parcels_zones_transit_jobs_50min: 3.4859983284921666e-07
  parcels_zones_z_total_jobs: -4.174240846410371e-06
  residential_sqft: -4.203677943172175e-05
  sqft_per_unit: 5.4744700002907164e-05
  year_built: 0.002404744566739693
  zones_acres: -1.7269196354295002e-06
  zones_employment: -1.2055230792344136e-07
  zones_households: 5.836066301037511e-05
  zones_logsum_job_high_income: -2.5740368392078e-08
  zones_logsum_job_low_income: 1.0594043803531359e-07
  zones_logsum_pop_high_income: 4.1889791863858234e-08
  zones_logsum_pop_low_income: -1.57009252825516e-07
  zones_population: -2.2088398346744434e-05
  zones_transit_jobs_30min: 7.708348465245915e-08
  zones_transit_jobs_50min: 2.435186178213572e-07
  zones_z_total_jobs: -6.981510378120153e-07
sample_size: 366413
score: 0.663463084119935
