fit_filters:
- residential_units > 0
- sqft_price_res > 1
- sqft_price_res < 650
- hedonic_id == 9982
model_expression:
  left_side: np.log1p(sqft_price_res)
model_type: Regression
name: RegressionModel
predict_filters: hedonic_id == 9982
ytransform: np.exp
coef:
  Intercept: 1.7845374956368416
  building_age: -0.002104251372882964
  crime_other_rate: -4.295461558047301e-05
  crime_ucr_rate: -1.34755474782213e-05
  jobs_within_30_min: -6.078147319335084e-07
  land_area: -2.0044028696822264e-17
  nodes_walk_ave_nonres_sqft_price: 1.9105308943770737e-05
  nodes_walk_ave_unit_sqft: 4.715048516392218e-05
  nodes_walk_hhs_with_children: -0.00024354259162171415
  nodes_walk_households: 0.0006619163159478589
  nodes_walk_housing_cost: -1.9432525043611612e-08
  nodes_walk_industrial: -0.00040373178479353983
  nodes_walk_jobs: -0.00016879333785977416
  nodes_walk_node_r1500_sqft: 7.870058298678652e-09
  nodes_walk_population: -0.00035572328022611473
  nodes_walk_race_2_hhs: 0.0006193805407768959
  nodes_walk_residential: 0.0070656569606463646
  nodes_walk_retail: 4.4740305366021323e-05
  parcel_sqft: 5.043878332023309e-06
  parcels_ave_unit_size: 0.00012484702019497802
  parcels_total_sqft: -2.6902310110763953e-05
  parcels_zones_employment: 8.477301419800674e-06
  parcels_zones_households: 1.8671158567512387e-05
  parcels_zones_jobs_within_30_min: 1.7956990385842504e-07
  parcels_zones_logsum_job_high_income: 2.0661913401571087e-06
  parcels_zones_logsum_job_low_income: -3.1493682586975994e-08
  parcels_zones_logsum_pop_high_income: -7.009914826358286e-07
  parcels_zones_logsum_pop_low_income: -9.3076045195017e-08
  parcels_zones_population: -1.997836035760127e-05
  parcels_zones_retail_jobs: 0.00010435833759044969
  parcels_zones_transit_jobs_30min: 1.531275966071603e-06
  parcels_zones_transit_jobs_50min: -3.2560185870629104e-06
  sqft_per_unit: -0.00020153170585347614
  year_built: 0.0010095149088086815
  zones_acres: -8.2109892635949e-06
  zones_households: 1.3440331602427805e-05
  zones_logsum_job_high_income: 1.830466297971197e-06
  zones_logsum_job_low_income: 5.293152461300349e-08
  zones_logsum_pop_high_income: -1.0822950750339142e-06
  zones_logsum_pop_low_income: 2.394131661998241e-08
  zones_population: -1.6600876360353064e-05
  zones_transit_jobs_30min: 4.254976691343099e-06
  zones_transit_jobs_50min: -1.6024795990490298e-06
sample_size: 41597
score: 0.6446809991215592
