fit_filters:
- residential_units > 0
- sqft_price_res > 1
- sqft_price_res < 650
- hedonic_id == 9381
model_expression:
  left_side: np.log1p(sqft_price_res)
model_type: Regression
name: RegressionModel
predict_filters: hedonic_id == 9381
ytransform: np.exp
coef:
  Intercept: -1.2856952447926249
  building_age: -0.0002457432643884837
  building_sqft: -1.1411158340817313e-18
  crime_other_rate: 1.7801048060875342e-05
  crime_ucr_rate: 1.290996573290805e-05
  jobs_within_30_min: 8.297907750562928e-08
  land_area: 2.5504220868511792e-05
  nodes_walk_housing_cost: 4.167908976242049e-06
  nodes_walk_jobs: 0.00012058618697247988
  nodes_walk_node_r1500_sqft: -7.473446219601356e-10
  nodes_walk_population: -5.540291702862711e-05
  nodes_walk_residential: 0.0027350472064041
  parcel_sqft: -3.757260030563581e-08
  parcels_ave_unit_size: -0.00013834562012878123
  parcels_total_sqft: -3.685527715016301e-05
  parcels_zones_employment: 5.8399411629665745e-06
  parcels_zones_jobs_within_30_min: 1.281928322484493e-07
  parcels_zones_logsum_job_high_income: -1.0713551057230768e-06
  parcels_zones_logsum_job_low_income: -2.5706399907223976e-06
  parcels_zones_logsum_pop_high_income: 5.9442817111305e-07
  parcels_zones_logsum_pop_low_income: 1.850726407365219e-06
  parcels_zones_population: 5.825988866236224e-06
  parcels_zones_retail_jobs: -1.3496195882792673e-05
  parcels_zones_z_total_jobs: 8.60082372708797e-06
  residential_sqft: -2.6684735610042942e-05
  sqft_per_unit: 1.3498685866959208e-05
  year_built: 0.0030403020344737103
  zones_acres: -9.611221342109577e-06
  zones_employment: 8.890663908625037e-07
  zones_logsum_job_high_income: -1.0717954610886102e-06
  zones_logsum_job_low_income: -2.5531867788003895e-06
  zones_logsum_pop_high_income: 4.890881313199195e-07
  zones_logsum_pop_low_income: 1.852073494541701e-06
  zones_population: 9.254247122614267e-08
  zones_retail_jobs: -1.5830680005643356e-05
  zones_z_total_jobs: 3.425772946769149e-06
sample_size: 61313
score: 0.3036487507659441
