fit_filters:
- residential_units > 0
- sqft_price_res > 1
- sqft_price_res < 650
- hedonic_id == 11581
model_expression:
  left_side: np.log1p(sqft_price_res)
model_type: Regression
name: RegressionModel
predict_filters: hedonic_id == 11581
ytransform: np.exp
coef:
  Intercept: -2.6418583571273757
  building_age: -5.656300191521148e-06
  crime_other_rate: -4.441951948759782e-05
  crime_ucr_rate: 5.052969227302381e-05
  jobs_within_30_min: 7.87895194373553e-08
  land_area: 1.9389753467428745e-05
  nodes_walk_housing_cost: 3.187531648370999e-06
  nodes_walk_jobs: 4.109518212756668e-05
  nodes_walk_node_r1500_sqft: 2.9929526298491114e-10
  nodes_walk_population: 1.1238353089309862e-05
  nodes_walk_residential: 0.003575118032962903
  parcel_sqft: -5.648814544942743e-09
  parcels_ave_unit_size: -4.167628040129451e-05
  parcels_total_sqft: -5.7738351367813875e-05
  parcels_zones_employment: 1.0683608049530147e-05
  parcels_zones_logsum_job_high_income: 1.0164045670300757e-06
  parcels_zones_logsum_job_low_income: -6.118970944501675e-07
  parcels_zones_logsum_pop_high_income: -5.09536771882777e-07
  parcels_zones_logsum_pop_low_income: 3.038067419347406e-07
  parcels_zones_population: 2.5002236963877346e-06
  parcels_zones_transit_jobs_30min: -5.214240893217883e-05
  parcels_zones_transit_jobs_50min: 1.2559861767443815e-05
  parcels_zones_z_total_jobs: 8.050945444804654e-06
  sqft_per_unit: 4.620476097219911e-06
  year_built: 0.0035766130250868425
  zones_acres: 5.291429720017598e-07
  zones_logsum_job_high_income: 1.040165326803916e-06
  zones_logsum_job_low_income: -7.326390747626556e-07
  zones_logsum_pop_high_income: -5.830872728978693e-07
  zones_logsum_pop_low_income: 2.4590882430535753e-07
  zones_population: 1.3924336425436885e-06
  zones_transit_jobs_30min: -3.333470689170325e-05
  zones_transit_jobs_50min: 8.867486215897334e-06
sample_size: 49021
score: 0.38720227928988604
