fit_filters:
- residential_units > 0
- sqft_price_res > 1
- sqft_price_res < 650
- hedonic_id == 16182
model_expression:
  left_side: np.log1p(sqft_price_res)
model_type: Regression
name: RegressionModel
predict_filters: hedonic_id == 16182
ytransform: np.exp
coef:
  Intercept: 1.3905464514716308
  building_age: -0.00012025297540241189
  building_sqft: 2.97613414897735e-18
  crime_other_rate: -6.0591927440895623e-05
  crime_ucr_rate: -0.00010411106786195699
  jobs_within_30_min: -3.756911164742789e-07
  land_area: 1.0240763052082064e-06
  nodes_walk_ave_nonres_sqft_price: 2.8083519890935066e-05
  nodes_walk_housing_cost: 6.184616253198706e-06
  nodes_walk_industrial: -0.00014029137924562513
  nodes_walk_jobs: 8.78451484479256e-05
  nodes_walk_lowinc_hhs: -0.0006131033295961271
  nodes_walk_medical: -5.0038377376890924e-05
  nodes_walk_midinc_hhs: 0.00012313301858849916
  nodes_walk_node_r1500_sqft: 2.646998968124317e-09
  nodes_walk_population: -3.230547275760945e-06
  nodes_walk_race_2_hhs: -0.0009608806335861103
  nodes_walk_race_3_hhs: 0.000522692214135355
  nodes_walk_residential: 0.0017822546066887663
  nodes_walk_retail: -0.00016755146157960364
  parcel_sqft: 6.566436278750148e-06
  parcels_ave_unit_size: -0.00022841136444125146
  parcels_total_sqft: -0.0002556446814649102
  parcels_zones_households: -2.833831765846176e-05
  parcels_zones_jobs_within_30_min: -4.533714563863552e-07
  parcels_zones_logsum_job_high_income: 5.378423808936187e-06
  parcels_zones_logsum_job_low_income: -8.485664284788621e-09
  parcels_zones_logsum_pop_high_income: -2.864235088821453e-06
  parcels_zones_logsum_pop_low_income: 7.37839873083196e-08
  parcels_zones_population: 3.244409927203603e-05
  parcels_zones_retail_jobs: 7.809908463150543e-05
  parcels_zones_transit_jobs_30min: 1.325166409514734e-07
  parcels_zones_transit_jobs_50min: -7.236672102626609e-07
  residential_sqft: 0.00026046487314906023
  sqft_per_unit: -9.923868123999602e-05
  year_built: 0.0017539570150241447
  zones_acres: 1.8830196430783234e-05
  zones_households: -2.8722022424467316e-05
  zones_logsum_job_high_income: 5.485510293395835e-06
  zones_logsum_job_low_income: -2.144452707246661e-08
  zones_logsum_pop_high_income: -3.076073514016324e-06
  zones_logsum_pop_low_income: 9.229793934252751e-09
  zones_population: 2.1790597875883458e-05
  zones_transit_jobs_30min: 2.926178952942751e-07
  zones_transit_jobs_50min: -7.568605996726666e-07
  zones_z_total_jobs: -2.8314210651384295e-06
sample_size: 11993
score: 0.6975598499319813
