fit_filters:
- residential_units > 0
- sqft_price_res > 1
- sqft_price_res < 650
- hedonic_id == 11582
model_expression:
  left_side: np.log1p(sqft_price_res)
model_type: Regression
name: RegressionModel
predict_filters: hedonic_id == 11582
ytransform: np.exp
coef:
  crime_other_rate: -0.00020614444638108635
  crime_ucr_rate: 0.000504694330028475
  jobs_within_30_min: 4.907039596982609e-06
  nodes_walk_ave_nonres_sqft_price: -0.0003806240386826001
  nodes_walk_housing_cost: 4.4967587964802845e-06
  nodes_walk_node_r1500_sqft: -1.1614465506316656e-08
  nodes_walk_population: -0.00018307444834494516
  parcel_sqft: 4.00998153232179e-05
  parcels_ave_unit_size: 0.00011722146440158307
  parcels_landvalue: 5.053554464833359e-06
  parcels_zones_employment: 4.3979273806100934e-05
  parcels_zones_households: -3.0396303005144747e-05
  parcels_zones_jobs_within_30_min: 6.970444982956283e-07
  parcels_zones_logsum_job_high_income: -1.743325782023087e-06
  parcels_zones_logsum_job_low_income: 2.4359296253306076e-06
  parcels_zones_logsum_pop_high_income: -2.092597871939655e-06
  parcels_zones_logsum_pop_low_income: 5.7618011137037045e-06
  parcels_zones_population: 3.058450997601796e-05
  parcels_zones_retail_jobs: 1.0262010269254127e-05
  parcels_zones_transit_jobs_30min: -0.0003319587880828199
  parcels_zones_transit_jobs_50min: 1.767586535716012e-05
  parcels_zones_z_total_jobs: 2.5264019962404236e-06
  sqft_per_unit: -0.0003149147824960101
  zones_acres: 6.847722314607015e-05
  zones_employment: 6.09361353173355e-06
  zones_households: -0.00016409372361034962
  zones_logsum_job_high_income: -1.3397245442515404e-06
  zones_logsum_job_low_income: 1.2079264238777855e-06
  zones_logsum_pop_high_income: -7.320863662266913e-07
  zones_logsum_pop_low_income: 4.8265037653197925e-06
  zones_population: 1.1358629944100649e-05
  zones_retail_jobs: 0.000338340312365446
  zones_transit_jobs_30min: -0.00022588466381759836
  zones_transit_jobs_50min: 5.072484745310791e-06
  zones_z_total_jobs: 8.58081707157442e-06
sample_size: 817
score: 0.6996569465928304
