fit_filters:
- residential_units > 0
- sqft_price_res > 1
- sqft_price_res < 650
- hedonic_id == 11582
model_expression:
  left_side: np.log1p(sqft_price_res)
model_type: Regression
name: RegressionModel
predict_filters: hedonic_id == 11582
ytransform: np.exp
coef:
  Intercept: 6.102859150622798
  crime_other_rate: -0.00016773044807507457
  crime_ucr_rate: 0.0012421064397563116
  jobs_within_30_min: 2.8072761914037843e-06
  land_area: 0.00011470157430762638
  nodes_walk_housing_cost: 3.0276566181768683e-06
  nodes_walk_jobs: 0.0010653867405341758
  nodes_walk_medical: 0.00011014144930039752
  nodes_walk_node_r1500_sqft: -9.07943306846847e-09
  nodes_walk_office: -0.0009840110157212632
  nodes_walk_population: -0.0008347170586333496
  nodes_walk_race_2_hhs: -0.012226908732363668
  nodes_walk_retail: 0.001012774527124298
  parcel_sqft: 2.083094127771204e-05
  parcels_ave_unit_size: 0.0001442430686329805
  parcels_total_sqft: -9.256670919498313e-05
  parcels_zones_jobs_within_30_min: 3.095328646957002e-07
  sqft_per_unit: -0.0003078183497506231
  zones_acres: 5.3843395977702294e-05
  zones_employment: 0.0002348303956166099
  zones_households: -0.001493622907633592
  zones_logsum_job_high_income: -6.841554905562048e-06
  zones_logsum_job_low_income: 1.0002341808235617e-05
  zones_logsum_pop_high_income: -4.3791128048947304e-07
  zones_logsum_pop_low_income: 1.0744189696563771e-05
  zones_population: 0.0005377143024374393
  zones_retail_jobs: 0.0007280841220148116
  zones_transit_jobs_30min: -0.0002269292941449471
  zones_transit_jobs_50min: -0.00010551872532117525
sample_size: 899
score: 0.9627123302190913
