fit_filters:
- residential_units > 0
- sqft_price_res > 1
- sqft_price_res < 650
- hedonic_id == 9383
model_expression:
  left_side: np.log1p(sqft_price_res)
model_type: Regression
name: RegressionModel
predict_filters: hedonic_id == 9383
ytransform: np.exp
coef:
  b_total_jobs: -0.0038110285752656825
  building_sqft: 0.00018168012976719778
  crime_other_rate: -9.279429316841423e-05
  crime_ucr_rate: 0.00045629006218209176
  jobs_within_30_min: 5.221497477951611e-06
  land_area: -1.4278570379818044e-06
  nodes_walk_housing_cost: 1.9184157740099327e-06
  nodes_walk_industrial: 0.0036810020209398307
  nodes_walk_jobs: -0.00022576816603986282
  nodes_walk_medical: 0.0021030821662607058
  nodes_walk_node_r1500_sqft: -1.1785943711269864e-07
  nodes_walk_population: -0.0003909842488215824
  nodes_walk_retail_jobs: 0.002623989213245147
  parcel_sqft: 2.0214660265449804e-06
  parcels_total_sqft: 1.6871985805588592e-07
  parcels_total_units: 5.6652307084648406e-05
  parcels_zones_employment: -0.0001572660339167112
  parcels_zones_households: 0.00048704258378427215
  parcels_zones_jobs_within_30_min: 7.681235514106747e-07
  parcels_zones_logsum_job_high_income: 8.001364212377694e-07
  parcels_zones_logsum_job_low_income: -1.0801315186566935e-05
  parcels_zones_logsum_pop_high_income: 6.308677651299848e-07
  parcels_zones_logsum_pop_low_income: -3.1249085020209315e-06
  parcels_zones_population: -0.0001304533018711559
  parcels_zones_retail_jobs: -7.533956192537675e-08
  residential_sqft: -0.00018781027104935658
  sqft_per_unit: -0.00033248027756944
  vacant_job_spaces: 0.005093285036903271
  zones_acres: 2.4498893074837578e-05
  zones_households: 0.0003304895812415824
  zones_logsum_job_high_income: 6.891018289499135e-07
  zones_logsum_job_low_income: -1.0434659297298534e-05
  zones_logsum_pop_high_income: 2.3947599173286807e-06
  zones_logsum_pop_low_income: -2.8757320271557584e-06
  zones_population: -0.00012191617461470645
  zones_retail_jobs: -0.00012973954699101246
sample_size: 57
score: 0.7827942978069915
