fit_filters:
- residential_units > 0
- sqft_price_res > 1
- sqft_price_res < 650
- hedonic_id == 581
model_expression:
  left_side: np.log1p(sqft_price_res)
model_type: Regression
name: RegressionModel
predict_filters: hedonic_id == 581
ytransform: np.exp
coef:
  building_sqft: -9.502439092050304e-07
  crime_other_rate: 1.9785914815617225e-05
  crime_ucr_rate: -4.708949173000558e-05
  jobs_within_30_min: -1.4105394899380127e-07
  land_area: 2.6293428456604845e-05
  nodes_walk_ave_unit_sqft: 1.0570279445112199e-05
  nodes_walk_housing_cost: 2.0206227013724665e-05
  nodes_walk_jobs: 2.892571178019498e-05
  nodes_walk_lowinc_hhs: -0.0005671150264805378
  nodes_walk_midinc_hhs: 3.982301211606114e-05
  nodes_walk_node_r1500_sqft: -1.7610251711882212e-09
  nodes_walk_population: 8.149264375508251e-05
  nodes_walk_race_2_hhs: 0.0003004939334198985
  nodes_walk_race_4_hhs: 7.336516390044442e-05
  nodes_walk_residential: 0.0038557787822329596
  parcel_sqft: 2.7389173836200936e-05
  parcels_ave_unit_size: 5.164788627207212e-07
  parcels_total_sqft: -2.7335930666041382e-05
  parcels_zones_employment: 2.2813074276605594e-05
  parcels_zones_jobs_within_30_min: -1.4391184726700353e-08
  parcels_zones_logsum_job_high_income: -5.170465534948103e-07
  parcels_zones_logsum_job_low_income: -7.483958458621533e-09
  parcels_zones_logsum_pop_high_income: 5.212605903242435e-07
  parcels_zones_logsum_pop_low_income: -1.0880098159762157e-08
  parcels_zones_population: 5.521995085438125e-05
  parcels_zones_retail_jobs: 0.00018862664945371277
  parcels_zones_transit_jobs_30min: -5.7318642849168685e-08
  parcels_zones_transit_jobs_50min: 6.280884419283216e-07
  residential_sqft: -0.00019026808276170163
  sqft_per_unit: 1.1887272351800031e-05
  year_built: 0.005914586840444299
  zones_acres: -8.933658231387016e-05
  zones_employment: 1.9139450803465996e-06
  zones_households: -4.9476896790536666e-05
  zones_logsum_job_high_income: -5.205633898668259e-07
  zones_logsum_job_low_income: -8.88371397723053e-09
  zones_logsum_pop_high_income: 3.7634314925272883e-07
  zones_logsum_pop_low_income: -7.102095491960813e-09
  zones_population: 1.6099544699666373e-05
  zones_transit_jobs_50min: 2.0482418197278566e-07
sample_size: 187521
score: 0.48021511154258345
