fit_filters:
- residential_units > 0
- sqft_price_res > 1
- sqft_price_res < 650
- hedonic_id == 9983
model_expression:
  left_side: np.log1p(sqft_price_res)
model_type: Regression
name: RegressionModel
predict_filters: hedonic_id == 9983
ytransform: np.exp
coef:
  building_sqft: 8.699786854413009e-06
  crime_other_rate: -9.584015825407124e-05
  crime_ucr_rate: 0.00027617028148257966
  jobs_within_30_min: -9.75749200503483e-07
  land_area: 5.564494407215882e-06
  nodes_walk_ave_nonres_sqft_price: -0.0009357464982937824
  nodes_walk_ave_unit_sqft: 5.461970342748946e-05
  nodes_walk_highinc_hhs: 0.0026896039990215105
  nodes_walk_households: 5.0480823189774604e-05
  nodes_walk_housing_cost: 1.7853878730362916e-06
  nodes_walk_industrial: 0.0005855279372481679
  nodes_walk_jobs: -6.520658024027169e-06
  nodes_walk_lowinc_hhs: -2.163468001058848e-05
  nodes_walk_medical: 0.00076226135319762
  nodes_walk_midinc_hhs: 5.226542497425906e-06
  nodes_walk_node_r1500_sqft: -4.61527117254734e-09
  nodes_walk_office: -2.75411322163851e-05
  nodes_walk_population: -3.2902137329310756e-05
  nodes_walk_race_2_hhs: 7.44106883110134e-05
  nodes_walk_retail: -0.00087651691014215
  nodes_walk_retail_jobs: 0.0002245682523397806
  parcel_sqft: 4.702083780666435e-07
  parcels_ave_unit_size: 1.7073239354635976e-05
  parcels_parcel_size: -1.5535539101289795e-07
  parcels_pct_undev: -0.0011374928334287073
  parcels_total_sqft: 2.8052612718196196e-07
  parcels_total_units: -0.001977288058205169
  parcels_zones_households: 8.324757515403938e-05
  parcels_zones_jobs_within_30_min: 2.447180536370219e-07
  parcels_zones_logsum_job_high_income: 4.93070285615817e-06
  parcels_zones_logsum_job_low_income: -2.0145554012376295e-07
  parcels_zones_logsum_pop_high_income: -2.2133402127638884e-06
  parcels_zones_logsum_pop_low_income: 3.660447847640963e-08
  parcels_zones_population: -3.101329998778896e-05
  parcels_zones_retail_jobs: 2.2868248258285662e-05
  parcels_zones_transit_jobs_30min: 6.2697920854960755e-06
  parcels_zones_transit_jobs_50min: 6.697608940411032e-07
  parcels_zones_z_total_jobs: 1.1855826023608757e-05
  residential_sqft: -8.983915085804614e-06
  sqft_per_unit: -0.0005453377941126051
  year_built: 0.0029426185693013024
  zones_acres: -6.0152759595983826e-05
  zones_households: 0.00010270625580939263
  zones_logsum_job_high_income: 4.751338283913934e-06
  zones_logsum_job_low_income: -1.566686261333259e-07
  zones_logsum_pop_high_income: -3.0331133422347994e-06
  zones_logsum_pop_low_income: 1.0494371423650593e-07
  zones_population: -3.0442830347300688e-05
  zones_retail_jobs: 3.499786459736391e-05
  zones_transit_jobs_30min: 2.743033798791948e-06
  zones_transit_jobs_50min: 4.346439262061679e-07
  zones_z_total_jobs: 1.2871972156714749e-06
sample_size: 3764
score: 0.3386420759943358
