fit_filters:
- residential_units > 0
- sqft_price_res > 1
- sqft_price_res < 650
- hedonic_id == 16183
model_expression:
  left_side: np.log1p(sqft_price_res)
model_type: Regression
name: RegressionModel
predict_filters: hedonic_id == 16183
ytransform: np.exp
coef:
  Intercept: 2.9590880659109304
  building_age: 0.0014125087152274671
  building_sqft: 6.48282948315626e-06
  crime_other_rate: 0.0002918064425360913
  crime_ucr_rate: -0.0009059790040940243
  jobs_within_30_min: -5.0289028511110415e-06
  land_area: -3.2822625164469523e-07
  nodes_walk_ave_nonres_sqft_price: 0.0001612264031017593
  nodes_walk_ave_unit_sqft: -9.587459033170963e-08
  nodes_walk_highinc_hhs: 0.0002095281732307148
  nodes_walk_housing_cost: 8.662568554649015e-06
  nodes_walk_industrial: 3.5113048266148135e-06
  nodes_walk_jobs: -4.078836685148003e-06
  nodes_walk_lowinc_hhs: -0.0006482873149896161
  nodes_walk_medical: 0.00046154381819695417
  nodes_walk_node_r1500_sqft: -1.4638873055189185e-08
  nodes_walk_population: 0.00010163362091568716
  nodes_walk_race_1_hhs: 0.00020243045184201828
  nodes_walk_race_4_hhs: -0.00025364906498173245
  nodes_walk_residential: 0.0009739673882208751
  nodes_walk_retail: -1.3276051876316573e-05
  nodes_walk_retail_jobs: -0.00028713236405951664
  parcel_sqft: -2.7784821687316963e-07
  parcels_ave_unit_size: -0.00045863021620638804
  parcels_total_sqft: 8.060563183669139e-07
  parcels_total_units: 0.00012735116025952496
  parcels_zones_employment: -8.843260749397052e-05
  parcels_zones_households: 0.0003750532438862355
  parcels_zones_jobs_within_30_min: -2.24628580702171e-07
  parcels_zones_logsum_job_high_income: -1.6843713586487681e-06
  parcels_zones_logsum_job_low_income: -2.9721217076039797e-08
  parcels_zones_logsum_pop_high_income: 3.6485505664520913e-06
  parcels_zones_logsum_pop_low_income: 9.038884936327679e-08
  parcels_zones_population: -0.0002467544753696494
  parcels_zones_retail_jobs: 0.0010771122668863456
  parcels_zones_transit_jobs_30min: 7.856095034940376e-06
  parcels_zones_transit_jobs_50min: -1.17617744310277e-06
  parcels_zones_z_total_jobs: -2.91621757686247e-09
  residential_sqft: -9.191481379781935e-06
  sqft_per_unit: 8.508290246927775e-06
  year_built: -8.722655783816723e-11
  zones_acres: -0.00012222233422150004
  zones_employment: -1.4027820677531236e-08
  zones_households: 0.0005671085442099822
  zones_logsum_job_high_income: -1.2746092652246754e-06
  zones_logsum_job_low_income: -3.557827016772378e-08
  zones_logsum_pop_high_income: 9.893352032859781e-07
  zones_logsum_pop_low_income: -1.2679408309077947e-08
  zones_population: -0.00019548796367384764
  zones_retail_jobs: 0.00012764780863541388
  zones_transit_jobs_30min: 6.659561579890489e-06
  zones_transit_jobs_50min: -2.404864663236901e-06
  zones_z_total_jobs: -1.022141631544934e-10
sample_size: 3023
score: 0.622235874170973
