fit_filters:
- residential_units > 0
- sqft_price_res > 1
- sqft_price_res < 650
- hedonic_id == 9981
model_expression:
  left_side: np.log1p(sqft_price_res)
model_type: Regression
name: RegressionModel
predict_filters: hedonic_id == 9981
ytransform: np.exp
coef:
  building_age: -0.002347508771612713
  crime_other_rate: -7.351328311639319e-06
  crime_ucr_rate: 0.00015259014180242367
  jobs_within_30_min: -2.9463120872964903e-08
  land_area: 3.610526142999314e-05
  nodes_walk_housing_cost: 1.5108660058433445e-07
  nodes_walk_jobs: 9.692060961110205e-06
  nodes_walk_medical: 8.049772354146958e-05
  nodes_walk_node_r1500_sqft: -2.7112516646826228e-09
  nodes_walk_population: -5.465796753701052e-05
  nodes_walk_race_1_hhs: 0.00029121269559446907
  nodes_walk_residential: 0.006260327052679871
  parcel_sqft: 3.545720701571738e-08
  parcels_zones_employment: -9.159866268026254e-07
  parcels_zones_households: 4.182654347426961e-05
  parcels_zones_jobs_within_30_min: 2.660170903271004e-08
  parcels_zones_logsum_job_high_income: -1.805185752967635e-07
  parcels_zones_logsum_job_low_income: 5.934725834352445e-08
  parcels_zones_logsum_pop_high_income: 1.4204029430401228e-07
  parcels_zones_logsum_pop_low_income: -9.34604774492748e-08
  parcels_zones_population: -1.7037248637123083e-05
  parcels_zones_retail_jobs: -7.98528687856278e-06
  parcels_zones_transit_jobs_30min: 3.7183662775875477e-07
  parcels_zones_transit_jobs_50min: -2.872816724177492e-07
  residential_sqft: -6.630758876577143e-05
  year_built: 0.0014510842100586712
  zones_acres: -3.836775902034835e-06
  zones_households: 4.163532568375973e-05
  zones_logsum_job_high_income: -2.2904689754453133e-07
  zones_logsum_job_low_income: 7.527287314524154e-08
  zones_logsum_pop_high_income: 1.7302869231155405e-07
  zones_logsum_pop_low_income: -6.84733557825124e-08
  zones_population: -1.649037597120974e-05
  zones_transit_jobs_30min: 1.0354072997894005e-07
  zones_transit_jobs_50min: -1.7831763858014828e-07
sample_size: 246520
score: 0.6447539574897958
