fit_filters:
- residential_units > 0
- sqft_price_res > 1
- sqft_price_res < 650
- hedonic_id == 581
model_expression:
  left_side: np.log1p(sqft_price_res)
model_type: Regression
name: RegressionModel
predict_filters: hedonic_id == 581
ytransform: np.exp
coef:
  Intercept: -7.270647079463444
  building_age: -0.0007921503500864956
  crime_other_rate: 1.9985884463672233e-05
  crime_ucr_rate: -4.663078004059786e-05
  jobs_within_30_min: -1.5677749716743375e-07
  land_area: 3.540252582729438e-05
  nodes_walk_ave_unit_sqft: 6.6919678479500554e-06
  nodes_walk_housing_cost: 2.0699021438161067e-05
  nodes_walk_jobs: 2.582274445213503e-05
  nodes_walk_lowinc_hhs: -0.000527585282595405
  nodes_walk_midinc_hhs: 7.627222859017182e-05
  nodes_walk_node_r1500_sqft: -1.1024647130601057e-09
  nodes_walk_population: 6.935882281173478e-05
  nodes_walk_race_2_hhs: 0.0002838011733858696
  nodes_walk_race_4_hhs: 6.906521093378829e-05
  nodes_walk_residential: 0.003959276113531257
  parcel_sqft: 1.99910063674552e-05
  parcels_ave_unit_size: 4.933366243908199e-06
  parcels_total_sqft: -0.00013924363577951182
  parcels_zones_employment: 2.341541353383005e-05
  parcels_zones_jobs_within_30_min: 4.098158303910256e-09
  parcels_zones_logsum_job_high_income: -5.115288891014292e-07
  parcels_zones_logsum_job_low_income: -8.15357754099001e-09
  parcels_zones_logsum_pop_high_income: 5.117238109899522e-07
  parcels_zones_logsum_pop_low_income: -1.0938072720831998e-08
  parcels_zones_population: 5.6414767718753484e-05
  parcels_zones_retail_jobs: 0.00018435369059859087
  parcels_zones_transit_jobs_30min: 1.7627170968935697e-09
  parcels_zones_transit_jobs_50min: 6.166387993084842e-07
  residential_sqft: -7.918586102117108e-05
  sqft_per_unit: 1.7031191422774113e-05
  year_built: 0.005250699075969677
  zones_acres: -8.742282725073659e-05
  zones_employment: 1.5123370681915098e-06
  zones_households: -3.9833565560913595e-05
  zones_logsum_job_high_income: -5.166789249478268e-07
  zones_logsum_job_low_income: -9.254069098097326e-09
  zones_logsum_pop_high_income: 3.722532375408526e-07
  zones_logsum_pop_low_income: -6.820611159363564e-09
  zones_population: 1.2459331374391586e-05
  zones_transit_jobs_30min: 7.904824694745282e-08
  zones_transit_jobs_50min: 1.979792068017953e-07
sample_size: 187885
score: 0.4798138689512518
