fit_filters:
- residential_units > 0
- sqft_price_res > 1
- sqft_price_res < 650
- hedonic_id == 9982
model_type: regression
name: RegressionModel
predict_filters: hedonic_id == 9982
target_variable: np.log1p(sqft_price_res)
ytransform: np.exp
fit_parameters:
  Coefficient:
    Intercept: 0.45616259166496054
    building_age: -0.0015334892381936385
    crime_other_rate: -4.8221574691556135e-05
    jobs_within_30_min: -6.999934319004924e-07
    land_area: -2.161770358426491e-17
    nodes_walk_ave_nonres_sqft_price: 0.0001635200943930379
    nodes_walk_ave_unit_sqft: 0.00011799053081492091
    nodes_walk_hhs_with_children: -0.0003178111716772201
    nodes_walk_households: 0.0008209253444275429
    nodes_walk_housing_cost: -1.4671685000674045e-06
    nodes_walk_industrial: -4.654181202481908e-05
    nodes_walk_jobs: -0.0001248821718518471
    nodes_walk_node_r1500_sqft: -6.731883707800963e-10
    nodes_walk_population: -0.00036018870086768084
    nodes_walk_race_2_hhs: 0.0002349147566874821
    nodes_walk_residential: 0.007267425966133888
    nodes_walk_retail: 3.872463410001138e-05
    nodes_walk_retail_jobs: 1.1857909983195403e-05
    parcel_sqft: 2.3659435765952583e-05
    parcels_ave_unit_size: 0.0001294256784661384
    parcels_parcel_size: -7.581631813876993e-05
    parcels_total_sqft: -7.330119317503685e-05
    parcels_zones_jobs_within_30_min: 1.9664140937838642e-07
    sqft_per_unit: -0.00022441699547130016
    year_built: 0.0015695804038407095
    zones_acres: -2.8972698071383098e-05
    zones_employment: 1.650553751347378e-05
    zones_logsum_job_high_income: 2.971799783231508e-06
    zones_logsum_job_low_income: 1.8799317854608325e-06
    zones_logsum_job_mid_income: -6.8039927309439e-07
    zones_logsum_pop_high_income: -1.1858197006434484e-06
    zones_logsum_pop_low_income: -1.6038410693565875e-06
    zones_logsum_pop_mid_income: 6.75767948875668e-07
    zones_population: -2.6192750514939075e-05
    zones_retail_jobs: 7.386029164174474e-05
    zones_transit_jobs_30min: 3.0140879571794663e-06
    zones_transit_jobs_50min: -4.646947249742419e-06
    zones_z_total_jobs: 2.4225807951844385e-11
fit_rsquared: 0.6796881060151185
fitted: true
sample_size: 41597
