fit_filters:
- residential_units > 0
- sqft_price_res > 1
- sqft_price_res < 650
- hedonic_id == 12581
model_expression:
  left_side: np.log1p(sqft_price_res)
model_type: Regression
name: RegressionModel
predict_filters: hedonic_id == 12581
ytransform: np.exp
coef:
  building_age: -0.0015356505280618756
  crime_other_rate: -1.0569703398042003e-05
  crime_ucr_rate: -0.0002554922824336778
  jobs_within_30_min: 5.072264416493793e-08
  land_area: 3.0512173300858732e-05
  nodes_walk_ave_unit_sqft: 2.54173827702095e-07
  nodes_walk_housing_cost: -7.067297189278495e-07
  nodes_walk_jobs: -2.1663844283358937e-07
  nodes_walk_node_r1500_sqft: -2.909073962132209e-09
  nodes_walk_race_1_hhs: 0.00012892420933598102
  nodes_walk_residential: 0.005312478303291202
  parcel_sqft: 1.1640866746986023e-08
  parcels_ave_unit_size: 2.935272672669802e-06
  parcels_zones_employment: -2.704860344932449e-06
  parcels_zones_households: 4.6737877310290383e-05
  parcels_zones_jobs_within_30_min: 7.073779650926304e-08
  parcels_zones_logsum_job_high_income: 5.119821360501511e-09
  parcels_zones_logsum_job_low_income: 9.376226871194796e-08
  parcels_zones_logsum_pop_high_income: -2.8350127892775698e-08
  parcels_zones_logsum_pop_low_income: -1.6283491427954043e-07
  parcels_zones_population: -2.053032056640154e-05
  parcels_zones_transit_jobs_30min: 2.7100797306844326e-08
  parcels_zones_transit_jobs_50min: 3.840243746745646e-07
  parcels_zones_z_total_jobs: -2.978098963087889e-06
  sqft_per_unit: 6.548902140168675e-06
  year_built: 0.0021404698711956043
  zones_acres: -3.4710661385016386e-06
  zones_employment: -5.162189619893517e-08
  zones_households: 5.129340831189211e-05
  zones_logsum_job_high_income: -8.516412288220747e-09
  zones_logsum_job_low_income: 9.305408216875804e-08
  zones_logsum_pop_high_income: 2.523962874329275e-08
  zones_logsum_pop_low_income: -1.4524394932806888e-07
  zones_population: -1.939947829673784e-05
  zones_transit_jobs_30min: 1.2873409979515658e-08
  zones_transit_jobs_50min: 2.8351723873175163e-07
  zones_z_total_jobs: -5.479923897966341e-07
sample_size: 365119
score: 0.6767531886005507
