fit_filters:
- residential_units > 0
- sqft_price_res > 1
- sqft_price_res < 650
- hedonic_id == 9381
model_expression:
  left_side: np.log1p(sqft_price_res)
model_type: Regression
name: RegressionModel
predict_filters: hedonic_id == 9381
ytransform: np.exp
coef:
  Intercept: -1.2878957834403693
  building_age: -0.00024363512488273034
  building_sqft: -1.83199255636882e-21
  crime_other_rate: 1.699454395590029e-05
  crime_ucr_rate: 1.3587453144055244e-05
  jobs_within_30_min: 8.582306222078169e-08
  land_area: 2.550991508294588e-05
  nodes_walk_housing_cost: 4.1266613088803455e-06
  nodes_walk_jobs: 0.00012106813928890987
  nodes_walk_node_r1500_sqft: -7.749630096262108e-10
  nodes_walk_population: -5.5297864120552974e-05
  nodes_walk_residential: 0.002752429723978035
  parcel_sqft: -3.762794730037166e-08
  parcels_ave_unit_size: -0.00013654611025322474
  parcels_total_sqft: -3.684260222042312e-05
  parcels_zones_jobs_within_30_min: 8.955693921400163e-08
  residential_sqft: -2.65708398553454e-05
  sqft_per_unit: 1.3401293313022712e-05
  year_built: 0.0030396808653539477
  zones_acres: -9.74308452378208e-06
  zones_employment: 3.4032164314252617e-06
  zones_logsum_job_high_income: -2.129744324952617e-06
  zones_logsum_job_low_income: -4.3139538719391145e-06
  zones_logsum_pop_high_income: 1.1000873591134159e-06
  zones_logsum_pop_low_income: 3.1241821871407815e-06
  zones_population: 6.2060244663175814e-06
  zones_retail_jobs: -2.8556966341693438e-05
  zones_z_total_jobs: 1.4489452493193398e-05
sample_size: 61313
score: 0.3036766082125607
