fit_filters:
- residential_units > 0
- sqft_price_res > 1
- sqft_price_res < 650
- hedonic_id == 583
model_type: regression
name: RegressionModel
predict_filters: hedonic_id == 583
target_variable: np.log1p(sqft_price_res)
ytransform: np.exp
fit_parameters:
  Coefficient:
    Intercept: -7.912623907446946
    b_total_households: 0.0034713059203010815
    building_sqft: 1.2379029804226325e-05
    crime_other_rate: -1.6719838899327795e-05
    crime_ucr_rate: -5.587340506373577e-05
    jobs_within_30_min: 7.964314377519958e-07
    land_area: -2.5929430093846946e-05
    nodes_walk_ave_nonres_sqft_price: 0.00045373180972382604
    nodes_walk_ave_unit_sqft: 5.052662324596333e-06
    nodes_walk_hhs_with_children: -0.0003009928922758025
    nodes_walk_housing_cost: 6.862645321426373e-06
    nodes_walk_jobs: -1.746650056431746e-05
    nodes_walk_lowinc_hhs: -0.00012261535383487808
    nodes_walk_midinc_hhs: 0.0002702553794367287
    nodes_walk_node_r1500_sqft: -4.205046832954699e-08
    nodes_walk_office: 0.0007774469247734733
    nodes_walk_population: 3.596863653458709e-05
    nodes_walk_race_1_hhs: 9.35569082618379e-05
    nodes_walk_race_4_hhs: -0.00023224878668289797
    nodes_walk_retail: -0.0022922399576304326
    nodes_walk_retail_jobs: 2.580648035354393e-06
    parcel_sqft: 5.518487110868593e-06
    parcels_ave_unit_size: 3.0453783273609816e-08
    parcels_parcel_size: -6.526966789811597e-06
    parcels_pct_undev: 0.0006860520806220894
    parcels_total_sqft: -2.7261370305493075e-06
    parcels_total_units: -0.004574948183417664
    parcels_zones_jobs_within_30_min: -2.5017223102177657e-08
    residential_sqft: -1.1895598795535046e-05
    sqft_per_unit: -9.108272044824421e-05
    year_built: 0.006969362581621658
    zones_acres: -0.00031175158051223987
    zones_employment: -1.2115979850702876e-05
    zones_households: 3.584616993832587e-05
    zones_logsum_job_high_income: -3.7574728410005998e-06
    zones_logsum_job_low_income: -1.368534841057167e-08
    zones_logsum_job_mid_income: 6.6860784362852764e-09
    zones_logsum_pop_high_income: 3.7593454326922965e-07
    zones_logsum_pop_low_income: -1.2373201419275369e-08
    zones_logsum_pop_mid_income: 6.6181113781347205e-09
    zones_population: 4.031263669961811e-05
    zones_retail_jobs: -5.063419770383639e-05
    zones_transit_jobs_30min: 1.8093953067752053e-06
    zones_transit_jobs_50min: 2.3037886965380705e-07
    zones_z_total_jobs: -1.302697253909025e-06
fit_rsquared: 0.28344465494539417
fitted: true
model_expression:
  left_side: np.log1p(sqft_price_res)
  right_side:
  - year_built
  - sqft_per_unit
  - land_area
  - residential_sqft
  - building_sqft
  - jobs_within_30_min
  - parcel_sqft
  - crime_ucr_rate
  - crime_other_rate
  - b_total_households
  - parcels_pct_undev
  - parcels_parcel_size
  - parcels_ave_unit_size
  - parcels_total_units
  - parcels_total_sqft
  - parcels_zones_jobs_within_30_min
  - zones_acres
  - zones_households
  - zones_population
  - zones_employment
  - zones_retail_jobs
  - zones_logsum_pop_high_income
  - zones_logsum_pop_mid_income
  - zones_logsum_pop_low_income
  - zones_logsum_job_high_income
  - zones_logsum_job_mid_income
  - zones_logsum_job_low_income
  - zones_z_total_jobs
  - zones_transit_jobs_50min
  - zones_transit_jobs_30min
  - nodes_walk_population
  - nodes_walk_midinc_hhs
  - nodes_walk_lowinc_hhs
  - nodes_walk_race_1_hhs
  - nodes_walk_race_4_hhs
  - nodes_walk_hhs_with_children
  - nodes_walk_jobs
  - nodes_walk_retail_jobs
  - nodes_walk_node_r1500_sqft
  - nodes_walk_ave_nonres_sqft_price
  - nodes_walk_retail
  - nodes_walk_office
  - nodes_walk_ave_unit_sqft
  - nodes_walk_housing_cost
sample_size: 3094
