fit_filters:
- residential_units > 0
- sqft_price_res > 1
- sqft_price_res < 650
- hedonic_id == 12581
model_expression:
  left_side: np.log1p(sqft_price_res)
model_type: Regression
name: RegressionModel
predict_filters: hedonic_id == 12581
ytransform: np.exp
coef:
  building_age: -0.0015869408025216782
  crime_other_rate: -7.387134586922298e-06
  crime_ucr_rate: -0.0002504249771490496
  jobs_within_30_min: 4.725554810330909e-08
  land_area: 2.8661065915661427e-05
  nodes_walk_ave_unit_sqft: 2.443377979932529e-07
  nodes_walk_housing_cost: -1.0044316818899802e-06
  nodes_walk_jobs: -1.789211439847139e-06
  nodes_walk_midinc_hhs: 6.091190808898294e-05
  nodes_walk_node_r1500_sqft: -2.8133851035122995e-09
  nodes_walk_race_1_hhs: 8.469458656115272e-05
  nodes_walk_residential: 0.005404408275980739
  parcel_sqft: -3.2258016271254084e-08
  parcels_ave_unit_size: 8.96693119958326e-06
  parcels_landvalue: 2.427923331904204e-07
  parcels_zones_employment: -3.587899916005591e-06
  parcels_zones_households: 4.9427567316977846e-05
  parcels_zones_jobs_within_30_min: 7.317763845232197e-08
  parcels_zones_logsum_job_high_income: 5.300654397341491e-09
  parcels_zones_logsum_job_low_income: 8.915710219465128e-08
  parcels_zones_logsum_pop_high_income: -3.60710912347028e-08
  parcels_zones_logsum_pop_low_income: -1.549856159862435e-07
  parcels_zones_population: -2.1990736052946574e-05
  parcels_zones_transit_jobs_30min: 2.168403452776989e-08
  parcels_zones_transit_jobs_50min: 3.6509143685398943e-07
  parcels_zones_z_total_jobs: -2.8651443996234456e-06
  sqft_per_unit: 1.94063626657216e-06
  year_built: 0.0022175163885306067
  zones_acres: -1.6488988338830008e-06
  zones_employment: -5.4816427887149036e-08
  zones_households: 5.4426738610452385e-05
  zones_logsum_job_high_income: -2.5363309117235596e-09
  zones_logsum_job_low_income: 8.552138872839679e-08
  zones_logsum_pop_high_income: 2.390839356510489e-08
  zones_logsum_pop_low_income: -1.363025603479886e-07
  zones_population: -2.1026823359542192e-05
  zones_transit_jobs_30min: 2.1825734397845626e-08
  zones_transit_jobs_50min: 2.654703404063073e-07
  zones_z_total_jobs: -5.365778715204677e-07
sample_size: 365119
score: 0.6789046283025137
