fit_filters:
- residential_units > 0
- sqft_price_res > 1
- sqft_price_res < 650
- hedonic_id == 11582
model_type: regression
name: RegressionModel
predict_filters: hedonic_id == 11582
target_variable: np.log1p(sqft_price_res)
ytransform: np.exp
fit_parameters:
  Coefficient:
    Intercept: 6.3982344562192335
    crime_other_rate: -0.00013175848381857328
    crime_ucr_rate: 0.00063025029165328
    jobs_within_30_min: 1.5541375345288269e-06
    land_area: 0.00014850735942273483
    nodes_walk_housing_cost: 3.3598645147380554e-06
    nodes_walk_jobs: 0.001022935649498597
    nodes_walk_medical: 0.00012520394920219338
    nodes_walk_node_r1500_sqft: -1.2021156446816044e-08
    nodes_walk_office: -0.0009463684495201252
    nodes_walk_population: -0.0006450723831649495
    nodes_walk_race_2_hhs: -0.014252459835347094
    nodes_walk_retail: 0.0008243423778731063
    parcel_sqft: 1.9386417590015536e-05
    parcels_ave_unit_size: 0.00012449795019285414
    parcels_total_sqft: -9.058095148249356e-05
    parcels_zones_jobs_within_30_min: 1.6328107937608156e-08
    sqft_per_unit: -0.00034794173314347187
    zones_acres: 4.3815681232182806e-05
    zones_employment: 0.00024640729877676497
    zones_households: -0.0017154857704838478
    zones_logsum_job_high_income: -1.2176378438130606e-05
    zones_logsum_job_low_income: 4.064823604728624e-06
    zones_logsum_job_mid_income: 7.373984679187723e-06
    zones_logsum_pop_high_income: -1.7661225917487096e-06
    zones_logsum_pop_low_income: 5.591708444083414e-06
    zones_logsum_pop_mid_income: 5.290289659600133e-06
    zones_population: 0.0006264742394509079
    zones_retail_jobs: 0.000688329543846399
    zones_transit_jobs_30min: -0.0001310579632637614
    zones_transit_jobs_50min: -5.069834860563983e-05
    zones_z_total_jobs: 7.700216231342352e-07
fit_rsquared: 0.9642390350181784
fitted: true
sample_size: 899
