fit_filters:
- residential_units > 0
- sqft_price_res > 1
- sqft_price_res < 650
- hedonic_id == 16183
model_type: regression
name: RegressionModel
predict_filters: hedonic_id == 16183
target_variable: np.log1p(sqft_price_res)
ytransform: np.exp
fit_parameters:
  Coefficient:
    Intercept: 2.7315023528564155
    b_total_households: 0.0005806973857658656
    building_age: 0.0007864155082424911
    building_sqft: 5.733263328285358e-06
    crime_other_rate: 0.0003211701870967571
    crime_ucr_rate: -0.00103516152861368
    jobs_within_30_min: -6.248111538516851e-06
    land_area: -2.4237396070262283e-06
    nodes_walk_ave_unit_sqft: -7.350594088694319e-06
    nodes_walk_highinc_hhs: 0.0009422736628422087
    nodes_walk_housing_cost: 7.787708214890048e-06
    nodes_walk_industrial: -4.283624374656761e-05
    nodes_walk_jobs: -1.8462087217120703e-05
    nodes_walk_medical: 0.0004280319528024016
    nodes_walk_node_r1500_sqft: -2.408612009469056e-09
    nodes_walk_office: 2.1082351447826403e-05
    nodes_walk_population: -7.878472831822936e-05
    nodes_walk_race_1_hhs: 0.0002873052082548549
    nodes_walk_race_3_hhs: -0.0005971926343893546
    nodes_walk_residential: 0.0011660885547338906
    parcel_sqft: 1.016094572293836e-06
    parcels_ave_unit_size: -0.0003682965014384563
    parcels_parcel_size: -2.0408563996732753e-06
    parcels_pct_undev: -0.0033122750025664943
    parcels_total_sqft: 4.493478022886709e-07
    parcels_total_units: -0.0006707753436014311
    parcels_zones_jobs_within_30_min: -1.8423950151426462e-07
    residential_sqft: -7.3907096846206145e-06
    sqft_per_unit: -3.67985526981403e-05
    year_built: -1.0217918683672101e-05
    zones_acres: -0.00015244230298262036
    zones_employment: -8.476773310335341e-05
    zones_households: 0.0006258972106498023
    zones_logsum_job_high_income: -3.979298367934283e-06
    zones_logsum_job_low_income: 1.1332274007226494e-07
    zones_logsum_job_mid_income: -9.857770911160337e-08
    zones_logsum_pop_high_income: 5.9995338803021e-06
    zones_logsum_pop_low_income: -1.342777406610314e-07
    zones_logsum_pop_mid_income: 1.226954145036418e-07
    zones_population: -0.000317036301748612
    zones_retail_jobs: 0.001546429283257155
    zones_transit_jobs_30min: 1.5471821634190306e-05
    zones_transit_jobs_50min: -3.3363222766627364e-06
    zones_z_total_jobs: -2.1306715340849714e-06
fit_rsquared: 0.6737706707742845
fitted: true
model_expression:
  left_side: np.log1p(sqft_price_res)
  right_side:
  - year_built
  - sqft_per_unit
  - land_area
  - residential_sqft
  - building_sqft
  - jobs_within_30_min
  - parcel_sqft
  - crime_ucr_rate
  - crime_other_rate
  - building_age
  - b_total_households
  - parcels_pct_undev
  - parcels_parcel_size
  - parcels_ave_unit_size
  - parcels_total_units
  - parcels_total_sqft
  - parcels_zones_jobs_within_30_min
  - zones_acres
  - zones_households
  - zones_population
  - zones_employment
  - zones_retail_jobs
  - zones_logsum_pop_high_income
  - zones_logsum_pop_mid_income
  - zones_logsum_pop_low_income
  - zones_logsum_job_high_income
  - zones_logsum_job_mid_income
  - zones_logsum_job_low_income
  - zones_z_total_jobs
  - zones_transit_jobs_50min
  - zones_transit_jobs_30min
  - nodes_walk_population
  - nodes_walk_highinc_hhs
  - nodes_walk_race_1_hhs
  - nodes_walk_race_3_hhs
  - nodes_walk_jobs
  - nodes_walk_node_r1500_sqft
  - nodes_walk_residential
  - nodes_walk_office
  - nodes_walk_industrial
  - nodes_walk_medical
  - nodes_walk_ave_unit_sqft
  - nodes_walk_housing_cost
sample_size: 3023
