fit_filters:
- residential_units > 0
- sqft_price_res > 1
- sqft_price_res < 650
- hedonic_id == 11582
model_expression:
  left_side: np.log1p(sqft_price_res)
model_type: Regression
name: RegressionModel
predict_filters: hedonic_id == 11582
ytransform: np.exp
coef:
  building_sqft: 1.4171102596450468e-21
  crime_other_rate: -0.00015655081517099774
  crime_ucr_rate: 0.0011898978673072574
  jobs_within_30_min: 2.922167732462901e-06
  land_area: 0.00011866644261023064
  nodes_walk_housing_cost: 3.1024282615909923e-06
  nodes_walk_jobs: 0.0010550917437364069
  nodes_walk_medical: 9.834231922742614e-05
  nodes_walk_node_r1500_sqft: -8.762262935928645e-09
  nodes_walk_office: -0.0009734646491411016
  nodes_walk_population: -0.0008306070652448424
  nodes_walk_race_2_hhs: -0.012264842437802745
  nodes_walk_retail: 0.0009966282050780277
  parcel_sqft: 2.080935620148946e-05
  parcels_ave_unit_size: 0.00014340621433764708
  parcels_total_sqft: -9.233886421092757e-05
  parcels_zones_employment: 7.517323700837842e-05
  parcels_zones_households: -0.0008231154465391439
  parcels_zones_jobs_within_30_min: 2.875989043204231e-07
  parcels_zones_logsum_job_high_income: -3.942185718249573e-06
  parcels_zones_logsum_job_low_income: 5.058473022122076e-06
  parcels_zones_logsum_pop_high_income: -3.9905370152854363e-07
  parcels_zones_logsum_pop_low_income: 4.9730548315233495e-06
  parcels_zones_population: 0.0002952752901010402
  parcels_zones_retail_jobs: 0.000510896505603645
  parcels_zones_transit_jobs_30min: -0.00013122048220230614
  parcels_zones_transit_jobs_50min: -6.455023389256094e-05
  parcels_zones_z_total_jobs: 7.237654028398558e-06
  residential_sqft: 1.4171102596450468e-21
  sqft_per_unit: -0.0003119460409898075
  zones_acres: 5.445519013410779e-05
  zones_employment: 0.00015326863209795844
  zones_households: -0.000675958466738746
  zones_logsum_job_high_income: -4.051410767256572e-06
  zones_logsum_job_low_income: 5.477383908915769e-06
  zones_logsum_pop_high_income: 6.44200196631303e-07
  zones_logsum_pop_low_income: 5.2151226394467725e-06
  zones_population: 0.00024451631451693335
  zones_retail_jobs: 0.0002245570259952249
  zones_transit_jobs_30min: -9.535151227280392e-05
  zones_transit_jobs_50min: -3.831518233518024e-05
sample_size: 899
score: 0.9628108627288121
