fit_filters:
- residential_units > 0
- sqft_price_res > 1
- sqft_price_res < 650
- hedonic_id == 12582
model_expression:
  left_side: np.log1p(sqft_price_res)
model_type: Regression
name: RegressionModel
predict_filters: hedonic_id == 12582
ytransform: np.exp
coef:
  building_age: -0.0026946375831333478
  building_sqft: -6.536814941642489e-18
  crime_other_rate: -3.160815961031335e-05
  crime_ucr_rate: -6.631507743557071e-05
  jobs_within_30_min: -2.3987939611542145e-07
  land_area: -7.053627177791309e-05
  nodes_walk_ave_unit_sqft: 1.5702784623709042e-05
  nodes_walk_highinc_hhs: 3.46457184806057e-05
  nodes_walk_households: 0.00020043122555192118
  nodes_walk_housing_cost: -2.9436123866338037e-06
  nodes_walk_jobs: 8.310633340784857e-05
  nodes_walk_node_r1500_sqft: -1.7827824074940356e-08
  nodes_walk_race_1_hhs: 4.632659732661053e-05
  nodes_walk_race_2_hhs: -0.00040576887889695655
  nodes_walk_residential: 0.006677340559751902
  nodes_walk_retail_jobs: 0.00013425576387359739
  parcel_sqft: 1.2089918211575115e-05
  parcels_ave_unit_size: 0.00013663255550068365
  parcels_total_sqft: -6.466264544667364e-06
  parcels_zones_employment: 3.8361856857229827e-07
  parcels_zones_households: 4.816505115526779e-05
  parcels_zones_jobs_within_30_min: 1.5091470089380245e-07
  parcels_zones_logsum_job_high_income: 6.745293298757603e-07
  parcels_zones_logsum_job_low_income: 2.7109463716212635e-07
  parcels_zones_logsum_pop_high_income: -2.6824489235606696e-07
  parcels_zones_logsum_pop_low_income: -4.771094836847522e-07
  parcels_zones_population: -1.9979904331497216e-06
  parcels_zones_retail_jobs: 2.9481042970863227e-05
  parcels_zones_transit_jobs_30min: -6.12192484846308e-06
  parcels_zones_transit_jobs_50min: 1.1813418602277864e-08
  parcels_zones_z_total_jobs: 7.952755286785342e-06
  sqft_per_unit: -7.1631103213033044e-06
  year_built: 0.0005004567915797842
  zones_acres: -8.30375970929836e-06
  zones_employment: 1.028771290237335e-06
  zones_households: 8.930118745965793e-07
  zones_logsum_job_high_income: 5.130809842220832e-07
  zones_logsum_job_low_income: 3.3519853799540704e-07
  zones_logsum_pop_high_income: -1.9335521731545563e-07
  zones_logsum_pop_low_income: -3.7625841223103455e-07
  zones_population: -6.398037080052405e-06
  zones_retail_jobs: 3.4707111710542428e-06
  zones_transit_jobs_30min: -2.9008891223331497e-06
  zones_transit_jobs_50min: 2.446176134142993e-07
  zones_z_total_jobs: 2.9928909372284357e-06
sample_size: 47319
score: 0.7605199563472429
