fit_filters:
- residential_units > 0
- sqft_price_res > 1
- sqft_price_res < 650
- hedonic_id == 383
model_type: regression
name: RegressionModel
predict_filters: hedonic_id == 383
target_variable: np.log1p(sqft_price_res)
ytransform: np.exp
fit_parameters:
  Coefficient:
    Intercept: 2.522772164951289
    building_age: -9.974757615515479e-05
    building_sqft: 1.1324097576180265e-05
    crime_other_rate: 4.915634616144422e-05
    crime_ucr_rate: -0.00034577100197292
    jobs_within_30_min: -1.2931732664787749e-07
    land_area: 6.680439560823196e-07
    nodes_walk_ave_nonres_sqft_price: -0.0001269458088616658
    nodes_walk_ave_unit_sqft: -8.671429717440598e-05
    nodes_walk_highinc_hhs: 0.0022915965358449274
    nodes_walk_housing_cost: 7.380343985486155e-06
    nodes_walk_industrial: -0.0009113338605506215
    nodes_walk_jobs: -3.103358861451627e-06
    nodes_walk_lowinc_hhs: -1.9682018338125674e-05
    nodes_walk_medical: 0.0001016899348219812
    nodes_walk_node_r1500_sqft: -4.3083730122803754e-08
    nodes_walk_office: 0.0008074101025430973
    nodes_walk_population: 2.280288713667381e-05
    nodes_walk_race_1_hhs: -0.0001918955098700431
    nodes_walk_race_2_hhs: -0.00011969832064918895
    nodes_walk_race_3_hhs: 0.0030182988549114745
    nodes_walk_race_4_hhs: 0.0007567950963559712
    nodes_walk_retail_jobs: 0.00034250229811511144
    parcel_sqft: 4.4648140600087814e-07
    parcels_ave_unit_size: -0.0001247238724077073
    parcels_parcel_size: -3.994235369679581e-07
    parcels_total_job_spaces: 0.0013823087745000434
    parcels_total_sqft: -3.5539682533598625e-07
    parcels_total_units: -0.0010630111250629157
    parcels_zones_jobs_within_30_min: 1.5685475272888192e-07
    residential_sqft: -1.3440085003125553e-05
    sqft_per_unit: -0.0003011544250083197
    year_built: 0.0006554595462186949
    zones_acres: 0.00011930053989887325
    zones_employment: 2.6862501817606357e-05
    zones_households: 6.216550704206842e-05
    zones_logsum_job_high_income: 4.5897457827292304e-07
    zones_logsum_job_low_income: -6.939953216500166e-08
    zones_logsum_job_mid_income: -1.480090716474886e-07
    zones_logsum_pop_high_income: 1.1027122852445185e-07
    zones_logsum_pop_low_income: 2.8141931724399116e-08
    zones_logsum_pop_mid_income: 5.671337503686589e-08
    zones_population: -2.9819396616858534e-05
    zones_retail_jobs: 0.00020539035787244043
    zones_transit_jobs_30min: 3.539302411990538e-05
    zones_transit_jobs_50min: -8.809476948105897e-07
    zones_z_total_jobs: 8.398384921547157e-07
  Std. Error: {}
  T-Score: {}
fit_rsquared: 0.33271830689038107
fit_rsquared_adj: 0.33271830689038107
fitted: true
model_expression:
  left_side: np.log1p(sqft_price_res)
  right_side:
  - year_built
  - sqft_per_unit
  - land_area
  - residential_sqft
  - building_sqft
  - jobs_within_30_min
  - parcel_sqft
  - crime_ucr_rate
  - crime_other_rate
  - building_age
  - parcels_parcel_size
  - parcels_ave_unit_size
  - parcels_total_units
  - parcels_total_job_spaces
  - parcels_total_sqft
  - parcels_zones_jobs_within_30_min
  - zones_acres
  - zones_households
  - zones_population
  - zones_employment
  - zones_retail_jobs
  - zones_logsum_pop_high_income
  - zones_logsum_pop_mid_income
  - zones_logsum_pop_low_income
  - zones_logsum_job_high_income
  - zones_logsum_job_mid_income
  - zones_logsum_job_low_income
  - zones_z_total_jobs
  - zones_transit_jobs_50min
  - zones_transit_jobs_30min
  - nodes_walk_population
  - nodes_walk_lowinc_hhs
  - nodes_walk_highinc_hhs
  - nodes_walk_race_1_hhs
  - nodes_walk_race_2_hhs
  - nodes_walk_race_3_hhs
  - nodes_walk_race_4_hhs
  - nodes_walk_jobs
  - nodes_walk_retail_jobs
  - nodes_walk_node_r1500_sqft
  - nodes_walk_ave_nonres_sqft_price
  - nodes_walk_office
  - nodes_walk_industrial
  - nodes_walk_medical
  - nodes_walk_ave_unit_sqft
  - nodes_walk_housing_cost
sample_size: 4812
