fit_filters:
- residential_units > 0
- sqft_price_res > 1
- sqft_price_res < 650
- hedonic_id == 381
model_expression:
  left_side: np.log1p(sqft_price_res)
model_type: Regression
name: RegressionModel
predict_filters: hedonic_id == 381
ytransform: np.exp
coef:
  building_age: -0.0019041190850565862
  crime_other_rate: 5.650608204038082e-06
  crime_ucr_rate: -0.00038362328615086877
  jobs_within_30_min: -2.22955013246746e-07
  land_area: 0.00010013249506848021
  nodes_walk_ave_unit_sqft: 5.916442571603019e-06
  nodes_walk_housing_cost: -4.1826508473745505e-07
  nodes_walk_lowinc_hhs: -0.00012124762884103548
  nodes_walk_node_r1500_sqft: -3.530077152552695e-09
  nodes_walk_population: 6.368034841563422e-05
  nodes_walk_race_1_hhs: 5.1398971194433026e-05
  nodes_walk_race_2_hhs: -0.00047117099744717377
  nodes_walk_residential: 0.005694331561857702
  parcel_sqft: 6.746199191984401e-07
  parcels_ave_unit_size: 4.948169993546175e-05
  parcels_parcel_size: -8.371148847982501e-07
  parcels_total_sqft: -6.5419076599335725e-06
  parcels_zones_employment: 4.59960626103622e-06
  parcels_zones_households: 3.6948522009336773e-07
  parcels_zones_jobs_within_30_min: 3.1765270198336655e-07
  parcels_zones_logsum_job_high_income: -1.0616407955776968e-06
  parcels_zones_logsum_job_low_income: -2.094487888838822e-07
  parcels_zones_logsum_pop_high_income: 6.919391730941118e-07
  parcels_zones_logsum_pop_low_income: 1.3005649544960314e-07
  parcels_zones_population: -3.298662785558536e-07
  parcels_zones_transit_jobs_30min: -2.4357974693966304e-06
  parcels_zones_transit_jobs_50min: 2.3457806287524945e-07
  residential_sqft: -0.0002402017404098652
  sqft_per_unit: 0.0001445047787008274
  year_built: 0.0014409855848229345
  zones_acres: 3.7171202045914687e-06
  zones_employment: 2.650630666499912e-06
  zones_households: 3.548725563932393e-07
  zones_logsum_job_high_income: -1.1112315489393158e-06
  zones_logsum_job_low_income: -1.8329038933045122e-07
  zones_logsum_pop_high_income: 7.31352788418378e-07
  zones_logsum_pop_low_income: 1.591370926906775e-07
  zones_population: -3.3454983834037626e-06
  zones_transit_jobs_30min: -2.386770789737823e-06
  zones_transit_jobs_50min: 2.488369461717952e-07
  zones_z_total_jobs: 7.044626895109413e-08
sample_size: 346199
score: 0.8021584873458684
