fit_filters:
- residential_units > 0
- sqft_price_res > 1
- sqft_price_res < 650
- hedonic_id == 12581
model_expression:
  left_side: np.log1p(sqft_price_res)
model_type: Regression
name: RegressionModel
predict_filters: hedonic_id == 12581
ytransform: np.exp
coef:
  Intercept: -0.40956183312376115
  building_age: -0.001345691793924017
  building_sqft: -1.054294542725958e-06
  crime_other_rate: -8.935522115847076e-06
  crime_ucr_rate: -0.00027200149061607783
  jobs_within_30_min: 4.625810695399478e-08
  land_area: 3.039915129020002e-05
  nodes_walk_ave_nonres_sqft_price: 2.1596728855444797e-05
  nodes_walk_ave_unit_sqft: 2.813116538742276e-06
  nodes_walk_housing_cost: -5.755859487155169e-07
  nodes_walk_jobs: -2.3262280370735854e-06
  nodes_walk_midinc_hhs: 2.7860112611944818e-05
  nodes_walk_node_r1500_sqft: -2.617064260363676e-09
  nodes_walk_race_1_hhs: 0.00014889143255531249
  nodes_walk_residential: 0.005101339971315278
  parcel_sqft: -3.9937540267083116e-08
  parcels_total_sqft: -5.86893545718107e-06
  parcels_zones_employment: -1.7204878708677928e-06
  parcels_zones_households: 4.961579262751633e-05
  parcels_zones_jobs_within_30_min: 5.90222547239654e-08
  parcels_zones_logsum_job_high_income: -9.744448003512482e-09
  parcels_zones_logsum_job_low_income: 1.0602095726491928e-07
  parcels_zones_logsum_pop_high_income: -2.785938778575948e-09
  parcels_zones_logsum_pop_low_income: -1.7754355094997514e-07
  parcels_zones_population: -2.2594833358818907e-05
  parcels_zones_transit_jobs_30min: 3.1040250658127944e-07
  parcels_zones_transit_jobs_50min: 3.485217779926305e-07
  parcels_zones_z_total_jobs: -4.17784986121063e-06
  residential_sqft: -4.200337810101325e-05
  sqft_per_unit: 5.470595224721838e-05
  year_built: 0.002404795479414115
  zones_acres: -1.7250151506043497e-06
  zones_employment: -1.204419810046133e-07
  zones_households: 5.831768560400473e-05
  zones_logsum_job_high_income: -2.5804746354636337e-08
  zones_logsum_job_low_income: 1.0589094182719606e-07
  zones_logsum_pop_high_income: 4.193562558578641e-08
  zones_logsum_pop_low_income: -1.5695778169058723e-07
  zones_population: -2.20701041722471e-05
  zones_transit_jobs_30min: 7.715391262254439e-08
  zones_transit_jobs_50min: 2.4341123328177875e-07
  zones_z_total_jobs: -6.986589506001413e-07
sample_size: 366413
score: 0.663461884396763
