fit_filters:
- residential_units > 0
- sqft_price_res > 1
- sqft_price_res < 650
- hedonic_id == 14783
model_expression:
  left_side: np.log1p(sqft_price_res)
model_type: Regression
name: RegressionModel
predict_filters: hedonic_id == 14783
ytransform: np.exp
coef:
  b_total_households: -0.003637887438703385
  building_age: -0.0010971869193819538
  building_sqft: 1.345437413263879e-05
  crime_other_rate: -2.808711393701311e-05
  crime_ucr_rate: 0.00032281695482805383
  jobs_within_30_min: 7.45674001472321e-08
  land_area: -2.092215776658468e-05
  nodes_walk_ave_unit_sqft: -1.0857798355374075e-05
  nodes_walk_housing_cost: 1.1386896692965687e-05
  nodes_walk_lowinc_hhs: 0.002838481766438957
  nodes_walk_medical: 0.00039993063820957655
  nodes_walk_node_r1500_sqft: 2.3384737060294e-08
  nodes_walk_population: -0.0002707939714085489
  nodes_walk_race_2_hhs: -0.003947186057342112
  nodes_walk_race_4_hhs: 2.1606937699910015e-05
  nodes_walk_retail_jobs: 0.001453375915168173
  parcel_sqft: 1.967195127357385e-06
  parcels_ave_unit_size: -0.0002789944861712584
  parcels_total_sqft: 2.0936344183452476e-07
  parcels_zones_employment: -4.7937416843082145e-05
  parcels_zones_households: -0.00016389438243699826
  parcels_zones_jobs_within_30_min: 6.005446790710522e-07
  parcels_zones_logsum_job_high_income: 5.142215448137035e-06
  parcels_zones_logsum_job_low_income: 1.419885919840895e-06
  parcels_zones_logsum_pop_high_income: -2.521848227072421e-06
  parcels_zones_logsum_pop_low_income: -1.0000912401319768e-06
  parcels_zones_population: 7.663247714702829e-05
  parcels_zones_retail_jobs: 0.0007293314766251965
  parcels_zones_transit_jobs_30min: -1.6153010479334884e-05
  parcels_zones_transit_jobs_50min: -3.373674919623157e-06
  parcels_zones_z_total_jobs: -8.904703045260786e-05
  residential_sqft: -8.71420851095966e-06
  sqft_per_unit: -0.00028135064912139496
  year_built: 0.001799807490959667
  zones_acres: -2.955018050659204e-05
  zones_households: -0.00018737998043010402
  zones_logsum_job_high_income: 4.930045174469478e-06
  zones_logsum_job_low_income: 1.4737287064849824e-06
  zones_logsum_pop_high_income: -2.6359537226251966e-06
  zones_logsum_pop_low_income: -7.600125989830751e-07
  zones_population: 6.877271186145171e-05
  zones_retail_jobs: 0.00016674482317058134
  zones_transit_jobs_30min: -1.04149644777068e-05
  zones_transit_jobs_50min: -2.5208422506109054e-06
  zones_z_total_jobs: -1.9765306302836883e-06
sample_size: 160
score: 0.44691090774210684
