fit_filters:
- residential_units > 0
- sqft_price_res > 1
- sqft_price_res < 650
- hedonic_id == 9383
model_expression:
  left_side: np.log1p(sqft_price_res)
model_type: Regression
name: RegressionModel
predict_filters: hedonic_id == 9383
ytransform: np.exp
coef:
  building_sqft: 0.0001387415485962617
  crime_other_rate: 2.7803707797924557e-06
  jobs_within_30_min: -5.2039563463374e-06
  land_area: 6.814043367189416e-06
  nodes_walk_ave_nonres_sqft_price: -0.002050579306682236
  nodes_walk_ave_unit_sqft: 1.0061575455963026e-06
  nodes_walk_highinc_hhs: 0.0010428010750365181
  nodes_walk_housing_cost: 2.119929513487001e-06
  nodes_walk_industrial: 0.0017210586565367702
  nodes_walk_jobs: 0.00014206788359071352
  nodes_walk_lowinc_hhs: -0.003531381054444032
  nodes_walk_medical: 0.0014879416531889465
  nodes_walk_node_r1500_sqft: -4.619363396547035e-08
  nodes_walk_population: 0.0004351325698768253
  nodes_walk_retail: -0.0005073019080493269
  nodes_walk_retail_jobs: -9.653212651971211e-05
  parcel_sqft: 4.7662734646472326e-07
  parcels_ave_unit_size: 7.70308672474994e-05
  parcels_parcel_size: -1.313797542065343e-06
  parcels_pct_undev: -0.002574129454467452
  parcels_total_sqft: 9.149422979320018e-07
  parcels_total_units: 0.00032780330909524196
  parcels_zones_households: 0.0002385492590179689
  parcels_zones_jobs_within_30_min: 1.1063702551554137e-06
  parcels_zones_logsum_job_high_income: -7.046692955704168e-06
  parcels_zones_logsum_job_low_income: -2.951882671743606e-06
  parcels_zones_logsum_pop_high_income: 3.5541482930951728e-06
  parcels_zones_logsum_pop_low_income: 1.2913591288576099e-05
  parcels_zones_population: -8.832829962622731e-05
  parcels_zones_z_total_jobs: 4.404672720664423e-10
  residential_sqft: -0.0001397597732388817
  school_district_achievement: -0.015070380669980187
  sqft_per_unit: -0.00018818278613183596
  year_built: 0.0002350438889070804
  zones_acres: -5.667964660680181e-06
  zones_households: 0.00015440218492709094
  zones_logsum_job_high_income: -6.735684055619217e-06
  zones_logsum_job_low_income: -3.839988933212785e-06
  zones_logsum_pop_high_income: 1.074366853763176e-06
  zones_logsum_pop_low_income: 1.220235832711764e-05
  zones_population: -6.61676248123985e-05
  zones_z_total_jobs: 1.3178664131623857e-07
sample_size: 477
score: 0.6789376193830232
