fit_filters:
- residential_units > 0
- sqft_price_res > 1
- sqft_price_res < 650
- hedonic_id == 12583
model_expression:
  left_side: np.log1p(sqft_price_res)
model_type: Regression
name: RegressionModel
predict_filters: hedonic_id == 12583
ytransform: np.exp
coef:
  Intercept: 3.4964966321954183
  building_age: -0.00014389788703470291
  building_sqft: 1.401774624404392e-06
  crime_other_rate: 0.00021764811518425664
  crime_ucr_rate: -0.0006713310638690801
  jobs_within_30_min: -2.3439860940958457e-07
  land_area: -1.9016978300743692e-06
  nodes_walk_ave_nonres_sqft_price: 0.0008735146320873625
  nodes_walk_hhs_with_children: -0.00015696088971959096
  nodes_walk_highinc_hhs: 0.0003680092977335906
  nodes_walk_households: 0.0003527086640785946
  nodes_walk_housing_cost: 4.826163534117657e-06
  nodes_walk_jobs: 4.1008054298439474e-05
  nodes_walk_lowinc_hhs: 0.00014156908609365564
  nodes_walk_midinc_hhs: -7.472261368354484e-05
  nodes_walk_node_r1500_sqft: 1.6849583607610426e-09
  nodes_walk_office: -0.0010594700021042025
  nodes_walk_population: -0.0001225573176870656
  nodes_walk_race_2_hhs: -0.0005917090034160217
  nodes_walk_race_4_hhs: 0.0008619124659258819
  parcel_sqft: 1.1013813562052522e-08
  parcels_ave_unit_size: -5.411226295155963e-05
  parcels_total_job_spaces: -0.0005930865774033643
  parcels_total_sqft: 2.4855536110314845e-07
  parcels_total_units: -0.00040874929580662266
  parcels_zones_employment: -3.460858014920744e-06
  parcels_zones_households: 8.266271613481352e-05
  parcels_zones_jobs_within_30_min: -1.486474258292252e-07
  parcels_zones_logsum_job_high_income: -1.924801986953161e-06
  parcels_zones_logsum_job_low_income: 5.286802494395511e-07
  parcels_zones_logsum_pop_high_income: 1.9026714327540585e-06
  parcels_zones_logsum_pop_low_income: -7.677951064920086e-07
  parcels_zones_percent_vacant_job_spaces: -0.004836157617159621
  parcels_zones_population: -5.7522741158911766e-05
  parcels_zones_retail_jobs: -0.000152996638384442
  parcels_zones_transit_jobs_30min: -8.455571191837573e-06
  parcels_zones_transit_jobs_50min: 1.7286127198588771e-06
  parcels_zones_z_total_jobs: -8.094803099680155e-07
  residential_sqft: -3.823440079137126e-06
  sqft_per_unit: -0.00017840345416775857
  zones_acres: -6.214902880126905e-05
  zones_employment: -2.003349823653228e-06
  zones_households: 0.0001281235464583309
  zones_logsum_job_high_income: -2.0238148685195964e-06
  zones_logsum_job_low_income: 5.440187886540638e-07
  zones_logsum_pop_high_income: 1.4288634907165006e-06
  zones_logsum_pop_low_income: -7.187427258016756e-07
  zones_percent_vacant_job_spaces: -0.00034756219001686654
  zones_population: -4.458391444290389e-05
  zones_retail_jobs: -1.6835078432507526e-05
  zones_transit_jobs_30min: -5.332942634975517e-06
  zones_transit_jobs_50min: 1.5308965477595083e-06
  zones_z_total_jobs: -1.0000437798028899e-06
sample_size: 6215
score: 0.36475605160031177
