fit_filters:
- residential_units > 0
- sqft_price_res > 1
- sqft_price_res < 650
- hedonic_id == 582
model_expression:
  left_side: np.log1p(sqft_price_res)
model_type: Regression
name: RegressionModel
predict_filters: hedonic_id == 582
ytransform: np.exp
coef:
  building_age: -0.00178015062118018
  crime_other_rate: 8.953139630227188e-05
  crime_ucr_rate: -0.00016559555815631312
  jobs_within_30_min: -1.6440983316651977e-06
  land_area: -0.0003538443046392014
  nodes_walk_ave_nonres_sqft_price: 7.946968917084331e-05
  nodes_walk_ave_unit_sqft: -0.00019435389583427707
  nodes_walk_hhs_with_children: 0.00017193552035497023
  nodes_walk_highinc_hhs: 0.0013256952975197276
  nodes_walk_households: -0.0001797661159548281
  nodes_walk_housing_cost: 1.5141950187221198e-05
  nodes_walk_jobs: 5.399104764884967e-06
  nodes_walk_medical: 0.0008764536852732797
  nodes_walk_midinc_hhs: -0.00018430295468787773
  nodes_walk_node_r1500_sqft: -1.8736988917260666e-07
  nodes_walk_office: 0.0007386660676190513
  nodes_walk_population: 0.0003998259481329221
  nodes_walk_race_1_hhs: 7.177006265390034e-05
  nodes_walk_race_3_hhs: -0.0011692704934446953
  nodes_walk_race_4_hhs: -0.0007869769281422568
  nodes_walk_residential: 0.002819620760886656
  nodes_walk_retail: -8.352124798246361e-05
  nodes_walk_retail_jobs: 0.0007828905636212995
  parcel_sqft: 4.674324451145803e-05
  parcels_total_sqft: -4.615428056659762e-05
  parcels_zones_employment: -3.10554621894604e-06
  parcels_zones_households: 7.5952908339782435e-06
  parcels_zones_jobs_within_30_min: -2.2280482087413598e-08
  parcels_zones_logsum_job_high_income: 1.0048122487035452e-05
  parcels_zones_logsum_job_low_income: 3.424953306753792e-08
  parcels_zones_logsum_pop_high_income: -3.603922535798633e-06
  parcels_zones_logsum_pop_low_income: 9.662944587268367e-08
  parcels_zones_population: -8.31179600036172e-05
  parcels_zones_transit_jobs_30min: 1.9102527760265985e-06
  parcels_zones_transit_jobs_50min: 5.639179652059863e-07
  residential_sqft: -4.702610400879023e-07
  sqft_per_unit: 5.3711975172698324e-05
  year_built: 0.003998345008632556
  zones_acres: 0.0012200234930537616
  zones_employment: -1.2430644955535096e-05
  zones_households: 3.70604753203252e-05
  zones_logsum_job_high_income: 1.0209160763721229e-05
  zones_logsum_job_low_income: -3.5404515084338355e-08
  zones_logsum_pop_high_income: -7.354548255938643e-06
  zones_logsum_pop_low_income: -6.57903207418647e-08
  zones_population: -4.3200554979287806e-09
  zones_retail_jobs: 2.594297282282726e-05
  zones_transit_jobs_30min: 1.0350440837219922e-06
  zones_transit_jobs_50min: -2.2760978335022742e-07
  zones_z_total_jobs: -2.6149089224766234e-05
sample_size: 5386
score: 0.6724840221591035
