fit_filters:
- residential_units > 0
- sqft_price_res > 1
- sqft_price_res < 650
- hedonic_id == 9383
model_expression:
  left_side: np.log1p(sqft_price_res)
model_type: Regression
name: RegressionModel
predict_filters: hedonic_id == 9383
ytransform: np.exp
coef:
  b_total_jobs: -0.003132088357236151
  building_sqft: 0.0001774704377960294
  crime_other_rate: -9.757657641215001e-05
  crime_ucr_rate: 0.0004709471045177937
  jobs_home_based: -1.2259562521817191e-18
  jobs_within_30_min: 5.0421675707207535e-06
  land_area: -1.0662388891945764e-06
  nodes_walk_housing_cost: 2.182498784555196e-06
  nodes_walk_industrial: 0.003758070392614805
  nodes_walk_jobs: -0.00023051044280435488
  nodes_walk_medical: 0.0021014899669063673
  nodes_walk_node_r1500_sqft: -1.2345977397797912e-07
  nodes_walk_population: -0.0004077284881376682
  nodes_walk_retail_jobs: 0.002691373641063361
  parcel_sqft: 1.5682550322455616e-06
  parcels_landvalue: 1.8636980895685287e-07
  parcels_total_sqft: 2.971986527852233e-07
  parcels_zones_employment: -0.00014973221583853427
  parcels_zones_households: 0.0004968732700971055
  parcels_zones_jobs_within_30_min: 6.589123424218187e-07
  parcels_zones_logsum_job_high_income: 1.5342006439767306e-06
  parcels_zones_logsum_job_low_income: -9.782231323768907e-06
  parcels_zones_logsum_pop_high_income: 2.0377314893171413e-07
  parcels_zones_logsum_pop_low_income: -3.824236034793154e-06
  parcels_zones_population: -0.0001307371059663273
  parcels_zones_retail_jobs: -3.383811764141091e-05
  residential_sqft: -0.00018220181420172722
  sqft_per_unit: -0.000352486746681897
  vacant_job_spaces: 0.005720481259813238
  zones_acres: 2.663119588892436e-05
  zones_households: 0.00033243391846485623
  zones_logsum_job_high_income: 1.419344276910574e-06
  zones_logsum_job_low_income: -9.407732187149877e-06
  zones_logsum_pop_high_income: 1.954672131120058e-06
  zones_logsum_pop_low_income: -3.566929772318881e-06
  zones_population: -0.0001226915558922335
  zones_retail_jobs: -0.00013314169334857038
sample_size: 57
score: 0.7843309016101364
