name: RegressionModel

model_type: regression

fit_filters: hedonic_id == 14731

predict_filters: hedonic_id == 14731

model_expression:
    left_side: np.log1p(sqft_price_nonres)
    right_side:
    - zones_logsum_pop_high_income
    - zones_empden
    - b_ln_building_sqft
    - popden
    - nodes_walk_industrial
    - nodes_walk_retail_jobs
    - zones_ln_empden_14
    - zones_ln_empden_6
    - stories
    - nodes_walk_sum_nonresidential_units
    - year_built
    - crime_ucr_rate
    - nodes_walk_race_3_hhs

ytransform: np.exp

fitted: true

fit_parameters:
    Coefficient:
        Intercept: 4.777286608815992
        b_ln_building_sqft: -0.09779339435915195
        crime_ucr_rate: -6.83476798111552e-05
        nodes_walk_industrial: 0.0016673050001223394
        nodes_walk_race_3_hhs: -0.0273221118790343
        nodes_walk_retail_jobs: 0.0004081796857683071
        nodes_walk_sum_nonresidential_units: -0.034820086387393756
        popden: -0.04482356907777333
        stories: -0.20027439725935803
        year_built: 0.00010156868742410326
        zones_empden: 0.022754643051045582
        zones_ln_empden_14: 0.18062965814595663
        zones_ln_empden_6: -0.5466727251850122
        zones_logsum_pop_high_income: 2.0266570533087207e-07
    Std. Error:
        Intercept: 0.10103116542981068
        b_ln_building_sqft: 0.008950566690770517
        crime_ucr_rate: 2.5668800890689988e-05
        nodes_walk_industrial: 0.0006991014520866503
        nodes_walk_race_3_hhs: 0.004178775089497158
        nodes_walk_retail_jobs: 0.00017017149394725104
        nodes_walk_sum_nonresidential_units: 0.009865095854082274
        popden: 0.008803204472253075
        stories: 0.03790151921396208
        year_built: 8.546404083024815e-06
        zones_empden: 0.007525646083562708
        zones_ln_empden_14: 0.07887865099475071
        zones_ln_empden_6: 0.12957884009359708
        zones_logsum_pop_high_income: 6.600448693025474e-08
    T-Score:
        Intercept: 47.28527666183277
        b_ln_building_sqft: -10.925944438802157
        crime_ucr_rate: -2.6626752103540894
        nodes_walk_industrial: 2.384925671582906
        nodes_walk_race_3_hhs: -6.53830639215427
        nodes_walk_retail_jobs: 2.398637258804537
        nodes_walk_sum_nonresidential_units: -3.5296247398331015
        popden: -5.091733268158574
        stories: -5.284073077091363
        year_built: 11.884376918924621
        zones_empden: 3.0236132284702566
        zones_ln_empden_14: 2.289968906263082
        zones_ln_empden_6: -4.218842557860071
        zones_logsum_pop_high_income: 3.0704837618846086

fit_rsquared_adj: 0.7308839180015918

fit_rsquared: 0.73963019066654
