name: RegressionModel

model_type: regression

fit_filters: hedonic_id == 9331

predict_filters: hedonic_id == 9331

model_expression:
    left_side: np.log1p(sqft_price_nonres)
    right_side:
    - zones_ln_empden_3
    - non_residential_units
    - zones_logsum_pop_high_income
    - zones_households
    - nodes_walk_percent_race4
    - b_total_jobs
    - zones_ln_empden_16
    - walk_nearest_healthcenter
    - year_built
    - crime_ucr_rate
    - parcel_sqft

ytransform: np.exp

fitted: true

fit_parameters:
    Coefficient:
        Intercept: 3.8686385266679033
        b_total_jobs: 0.0004084678758471394
        crime_ucr_rate: -0.00010026553803571796
        nodes_walk_percent_race4: -0.39818734956276
        non_residential_units: -0.0008613962947297686
        parcel_sqft: 7.566620513410158e-10
        walk_nearest_healthcenter: -2.5974580059798526e-05
        year_built: 9.177908986026265e-05
        zones_households: 6.85824314776491e-05
        zones_ln_empden_16: 0.3166299921576985
        zones_ln_empden_3: -0.12748294146205155
        zones_logsum_pop_high_income: 1.2450233627663592e-07
    Std. Error:
        Intercept: 0.08122868487375635
        b_total_jobs: 9.774173875270515e-05
        crime_ucr_rate: 1.7092524576422226e-05
        nodes_walk_percent_race4: 0.13490210046216966
        non_residential_units: 8.468629360691418e-05
        parcel_sqft: 3.1940197069715355e-10
        walk_nearest_healthcenter: 6.649145907133093e-06
        year_built: 9.050011942241886e-06
        zones_households: 1.8861222581340675e-05
        zones_ln_empden_16: 0.04894203999775399
        zones_ln_empden_3: 0.047906424086595546
        zones_logsum_pop_high_income: 5.2028587244903833e-08
    T-Score:
        Intercept: 47.62650697448133
        b_total_jobs: 4.179052685778362
        crime_ucr_rate: -5.866046152949592
        nodes_walk_percent_race4: -2.9516764245966867
        non_residential_units: -10.171614059862932
        parcel_sqft: 2.3689961890011566
        walk_nearest_healthcenter: -3.906453614130114
        year_built: 10.141322513827198
        zones_households: 3.6361604441006596
        zones_ln_empden_16: 6.469489056284312
        zones_ln_empden_3: -2.6610823891095206
        zones_logsum_pop_high_income: 2.392960156511473

fit_rsquared_adj: 0.4851903958355658

fit_rsquared: 0.4999375459548595
