name: RegressionModel

model_type: regression

fit_filters: hedonic_id == 11523

predict_filters: hedonic_id == 11523

model_expression:
    left_side: np.log1p(sqft_price_nonres)
    right_side:
    - nodes_walk_highinc_hhs
    - zones_logsum_job_low_income
    - year_built
    - crime_other_rate
    - bldg_empratio_14
    - b_ln_building_sqft
    - drv_nearest_grocery
    - b_total_jobs
    - improvement_value
    - bldg_empratio_9
    - parcels_total_units
    - drv_nearest_park
    - nodes_walk_race_3_hhs

ytransform: np.exp

fitted: true

fit_parameters:
    Coefficient:
        Intercept: 6.006644765299592
        b_ln_building_sqft: -0.18566561811372878
        b_total_jobs: 0.0030233555009417674
        bldg_empratio_14: 0.3509449630158489
        bldg_empratio_9: 0.4707016470046907
        crime_other_rate: -5.8397664702901604e-05
        drv_nearest_grocery: -0.04212387543868223
        drv_nearest_park: -0.05635979114639592
        improvement_value: 7.799237572699697e-08
        nodes_walk_highinc_hhs: 0.004526244276338751
        nodes_walk_race_3_hhs: -0.01580060577340995
        parcels_total_units: -0.0033640777743783484
        year_built: 0.00010254809097072566
        zones_logsum_job_low_income: -4.657873392477385e-07
    Std. Error:
        Intercept: 0.22299418477321728
        b_ln_building_sqft: 0.025818477797162658
        b_total_jobs: 0.001204021411878552
        bldg_empratio_14: 0.0943762803908688
        bldg_empratio_9: 0.07763732440177559
        crime_other_rate: 9.830573808562505e-06
        drv_nearest_grocery: 0.009532458017814535
        drv_nearest_park: 0.014745849876588767
        improvement_value: 2.0951806070998254e-08
        nodes_walk_highinc_hhs: 0.0017737154197199623
        nodes_walk_race_3_hhs: 0.006346809246545933
        parcels_total_units: 0.0003467020913562486
        year_built: 2.7500626924552484e-05
        zones_logsum_job_low_income: 1.9592760610849095e-07
    T-Score:
        Intercept: 26.936329175616333
        b_ln_building_sqft: -7.191191501387919
        b_total_jobs: 2.511047952398648
        bldg_empratio_14: 3.71857167460272
        bldg_empratio_9: 6.06282674772246
        crime_other_rate: -5.940412618848026
        drv_nearest_grocery: -4.418994068472151
        drv_nearest_park: -3.822078185935928
        improvement_value: 3.7224655221945264
        nodes_walk_highinc_hhs: 2.5518435629619565
        nodes_walk_race_3_hhs: -2.4895353176100214
        parcels_total_units: -9.703078978319864
        year_built: 3.728936480323327
        zones_logsum_job_low_income: -2.3773441042801196

fit_rsquared_adj: 0.45089952947313006

fit_rsquared: 0.4660551687870351
