name: RegressionModel

model_type: regression

fit_filters: hedonic_id == 325

predict_filters: hedonic_id == 325

model_expression:
    left_side: np.log1p(sqft_price_nonres)
    right_side:
    - bldg_empratio_16
    - zones_logsum_pop_high_income
    - nodes_drv_elem_school_perf
    - nodes_walk_percent_high_income
    - building_age_gt_50
    - nodes_walk_sum_residential_units
    - zones_ln_empden_16
    - nodes_walk_retail_jobs
    - drv_nearest_park
    - nodes_walk_race_3_hhs

ytransform: np.exp

fitted: true

fit_parameters:
    Coefficient:
        Intercept: 4.3233489044858535
        bldg_empratio_16: 0.20650604418507534
        building_age_gt_50: 0.4891087139913427
        drv_nearest_park: 0.08954480983304788
        nodes_drv_elem_school_perf: 0.944523707819505
        nodes_walk_percent_high_income: 0.9345113296179426
        nodes_walk_race_3_hhs: 0.01239433625195716
        nodes_walk_retail_jobs: 0.0009774683727934042
        nodes_walk_sum_residential_units: -0.06389730433052289
        zones_ln_empden_16: 0.20605840551716606
        zones_logsum_pop_high_income: -5.360247939970593e-07
    Std. Error:
        Intercept: 0.2870447918395926
        bldg_empratio_16: 0.06495378765573125
        building_age_gt_50: 0.07428417584031122
        drv_nearest_park: 0.03611834263799384
        nodes_drv_elem_school_perf: 0.412513032669793
        nodes_walk_percent_high_income: 0.2990950309777667
        nodes_walk_race_3_hhs: 0.004733853569692979
        nodes_walk_retail_jobs: 0.00045466850604854246
        nodes_walk_sum_residential_units: 0.025024605760461817
        zones_ln_empden_16: 0.09392610680294633
        zones_logsum_pop_high_income: 1.9553564322476492e-07
    T-Score:
        Intercept: 15.061582817018477
        bldg_empratio_16: 3.1792764000092015
        building_age_gt_50: 6.584292124917429
        drv_nearest_park: 2.47920594614586
        nodes_drv_elem_school_perf: 2.289682102178755
        nodes_walk_percent_high_income: 3.1244629058628854
        nodes_walk_race_3_hhs: 2.618233975657387
        nodes_walk_retail_jobs: 2.1498484275685574
        nodes_walk_sum_residential_units: -2.55337905988029
        zones_ln_empden_16: 2.1938352661573566
        zones_logsum_pop_high_income: -2.7413150112018596

fit_rsquared_adj: 0.26211842121938755

fit_rsquared: 0.29299212744451786
