name: RegressionModel

model_type: regression

fit_filters: hedonic_id == 53

predict_filters: hedonic_id == 53

model_expression:
    left_side: np.log1p(sqft_price_nonres)
    right_side:
    - nodes_walk_highinc_hhs
    - improvement_value
    - drv_nearest_grocery
    - bldg_empratio_18
    - nodes_walk_percent_race1
    - b_total_jobs
    - nodes_walk_ln_popden
    - building_sqft
    - walk_nearest_park
    - drv_nearest_healthcenter
    - building_age_le_10
    - bldg_empratio_3

ytransform: np.exp

fitted: true

fit_parameters:
    Coefficient:
        Intercept: 3.5875566499114973
        b_total_jobs: 0.0015884005753978062
        bldg_empratio_18: -3.8122078894654146
        bldg_empratio_3: 25.50983378884374
        building_age_le_10: 0.3083973618236909
        building_sqft: -6.898738282094692e-06
        drv_nearest_grocery: -0.04617902836213131
        drv_nearest_healthcenter: 0.03337179213299343
        improvement_value: 7.661658728738467e-08
        nodes_walk_highinc_hhs: 0.0063299933344368575
        nodes_walk_ln_popden: -0.11546793845485771
        nodes_walk_percent_race1: 0.9117007146473692
        walk_nearest_park: 2.360855266857576e-05
    Std. Error:
        Intercept: 0.08433434767767241
        b_total_jobs: 0.000280630803050362
        bldg_empratio_18: 0.40322419005107696
        bldg_empratio_3: 0.5305241042004054
        building_age_le_10: 0.09123431537832674
        building_sqft: 7.001092188064206e-07
        drv_nearest_grocery: 0.01033752867875844
        drv_nearest_healthcenter: 0.0051560223389862485
        improvement_value: 1.140477034079508e-08
        nodes_walk_highinc_hhs: 0.0009892860906864547
        nodes_walk_ln_popden: 0.030215465092104498
        nodes_walk_percent_race1: 0.08802319560255313
        walk_nearest_park: 9.74790471663074e-06
    T-Score:
        Intercept: 42.539685771012444
        b_total_jobs: 5.660107722076225
        bldg_empratio_18: -9.454313465128461
        bldg_empratio_3: 48.08421254919532
        building_age_le_10: 3.380278139259787
        building_sqft: -9.853802944997621
        drv_nearest_grocery: -4.467124570790309
        drv_nearest_healthcenter: 6.47239091278934
        improvement_value: 6.717942141572609
        nodes_walk_highinc_hhs: 6.398546784423649
        nodes_walk_ln_popden: -3.8214847298521395
        nodes_walk_percent_race1: 10.357505296262218
        walk_nearest_park: 2.4219104879326117

fit_rsquared_adj: 0.8210483883502675

fit_rsquared: 0.8242824536210458
