name: RegressionModel

model_type: regression

fit_filters: hedonic_id == 16151

predict_filters: hedonic_id == 16151

model_expression:
    left_side: np.log1p(sqft_price_nonres)
    right_side:
    - nodes_walk_highinc_hhs
    - bldg_empratio_14
    - year_built
    - crime_other_rate
    - zones_employment
    - walk_nearest_library
    - b_ln_building_sqft
    - nodes_walk_hhsize
    - walk_nearest_urgentcare
    - zones_ln_empden_15
    - nodes_walk_ave_nonres_sqft_price
    - parcels_total_units

ytransform: np.exp

fitted: true

fit_parameters:
    Coefficient:
        Intercept: 5.308361476663327
        b_ln_building_sqft: -0.06697364091795982
        bldg_empratio_14: 0.37503254995366136
        crime_other_rate: -2.796456247119844e-05
        nodes_walk_ave_nonres_sqft_price: 0.00345742768464678
        nodes_walk_hhsize: -0.17514609211697563
        nodes_walk_highinc_hhs: 0.0029939822669798905
        parcels_total_units: -0.0018604739849080042
        walk_nearest_library: -4.2047666707182476e-05
        walk_nearest_urgentcare: -4.3259911199747214e-05
        year_built: 9.158483255948825e-05
        zones_employment: -8.965598891234765e-05
        zones_ln_empden_15: -0.22171406641269398
    Std. Error:
        Intercept: 0.30955277447380586
        b_ln_building_sqft: 0.02630965288053198
        bldg_empratio_14: 0.06663997627926242
        crime_other_rate: 8.603744084587033e-06
        nodes_walk_ave_nonres_sqft_price: 0.0006607892660594285
        nodes_walk_hhsize: 0.06453790677289208
        nodes_walk_highinc_hhs: 0.0008454242188123035
        parcels_total_units: 0.0002371797846496338
        walk_nearest_library: 1.4370277530488347e-05
        walk_nearest_urgentcare: 1.4461297905463643e-05
        year_built: 3.2817956015745356e-05
        zones_employment: 1.4813693414529855e-05
        zones_ln_empden_15: 0.048191839870749195
    T-Score:
        Intercept: 17.14848618522887
        b_ln_building_sqft: -2.5455919628463612
        bldg_empratio_14: 5.627741348256858
        crime_other_rate: -3.250278273768611
        nodes_walk_ave_nonres_sqft_price: 5.232269745035226
        nodes_walk_hhsize: -2.7138483547864682
        nodes_walk_highinc_hhs: 3.541396378715049
        parcels_total_units: -7.844150746895775
        walk_nearest_library: -2.9260163290495314
        walk_nearest_urgentcare: -2.9914265982587307
        year_built: 2.790692769395748
        zones_employment: -6.052237372781694
        zones_ln_empden_15: -4.600655775071722

fit_rsquared_adj: 0.8066051393487461

fit_rsquared: 0.8149531189452032
