name: RegressionModel

model_type: regression

fit_filters: hedonic_id == 11584

predict_filters: hedonic_id == 11584

model_expression:
    left_side: np.log1p(sqft_price_res)
    right_side:
    - zones_logsum_job_high_income
    - residential_units
    - zones_employment
    - nodes_walk_industrial
    - building_age_gt_50
    - vacant_residential_units
    - nodes_walk_percent_low_income
    - walk_nearest_urgentcare
    - nodes_drv_drv_15min_retail_jobs
    - nodes_walk_race_4_hhs
    - parcel_sqft

ytransform: np.exp

fitted: true

fit_parameters:
    Coefficient:
        Intercept: -1.6275267574685306
        building_age_gt_50: 0.7018176939943083
        nodes_drv_drv_15min_retail_jobs: 0.6471831958862779
        nodes_walk_industrial: -0.04471253723443737
        nodes_walk_percent_low_income: 1.7320246620980786
        nodes_walk_race_4_hhs: -0.11146368024721043
        parcel_sqft: 6.378103283692791e-08
        residential_units: -1.6275267573186085
        vacant_residential_units: -0.32196546200039416
        walk_nearest_urgentcare: 0.00041620769079647724
        zones_employment: -0.000349460434370615
        zones_logsum_job_high_income: -5.616206463011215e-06
    Std. Error:
        Intercept: 0.283825091623944
        building_age_gt_50: 0.07698590018490377
        nodes_drv_drv_15min_retail_jobs: 0.053807000710641956
        nodes_walk_industrial: 0.0028966181498164935
        nodes_walk_percent_low_income: 0.29198981679336294
        nodes_walk_race_4_hhs: 0.01061804987085626
        parcel_sqft: 1.4640823223267744e-08
        residential_units: 0.28382509159584846
        vacant_residential_units: 0.05344357449348152
        walk_nearest_urgentcare: 5.843535602989646e-05
        zones_employment: 5.0774569775999804e-05
        zones_logsum_job_high_income: 3.6115265102054045e-07
    T-Score:
        Intercept: -5.734259603886374
        building_age_gt_50: 9.116184811877128
        nodes_drv_drv_15min_retail_jobs: 12.02786231045727
        nodes_walk_industrial: -15.436117196624622
        nodes_walk_percent_low_income: 5.931798174056898
        nodes_walk_race_4_hhs: -10.497566088208794
        parcel_sqft: 4.35638296182449
        residential_units: -5.734259603925781
        vacant_residential_units: -6.024399846976255
        walk_nearest_urgentcare: 7.122531957938936
        zones_employment: -6.882587797637991
        zones_logsum_job_high_income: -15.550782881258137

fit_rsquared_adj: 0.16439656368610767

fit_rsquared: 0.16576752912714776
